1 3867 778
2 3867 778
3 3867 778
1 5649 250
2 5649 250
3 5649 250
2 5649 1978
1 6249 250
2 6249 250
3 6249 250
1 6549 250
2 6549 250
3 6549 250
1 7149 250
2 7149 250
3 7149 250
1 7299 250
2 7299 250
3 7299 250
1 7449 778
2 7449 778
3 7449 778
4 9249 250
5 9249 250
3 9449 250
2 9649 250
1 9849 250
0 10049 250
3 10249 250
2 10449 250
1 10649 250
0 10849 250
1 11049 250
2 11049 250
3 11049 250
1 11949 250
2 11949 250
3 11949 250
1 12849 250
2 12849 250
3 12849 250
1 13749 250
2 13749 250
3 13749 250
0 14049 250
1 14049 250
2 14049 250
0 14349 250
1 14349 250
2 14349 250
1 14649 250
2 14649 250
1 14799 250
5 14799 250
1 14949 250
1 15099 250
1 15249 250
1 15399 250
1 15549 250
2 15549 250
1 15699 250
5 15699 250
1 15849 250
1 15999 250
1 16149 250
1 16299 250
1 16449 250
2 16449 250
1 16599 250
5 16599 250
1 16749 250
2 16749 250
1 16899 250
5 16899 250
1 17049 250
2 17049 250
1 17349 490
4 17349 490
4 18249 490
2 18249 2554
0 19149 490
2 20049 250
3 20199 250
4 20349 394
0 20949 394
2 21549 250
3 21699 250
1 21849 394
3 22449 250
5 22449 250
2 22524 250
1 22599 250
0 22674 250
1 22749 250
5 22749 250
2 23049 250
3 23349 250
3 23649 250
4 23724 386
3 24249 250
5 24249 250
2 24549 490
3 25449 490
0 26349 490
2 27249 250
1 27399 250
3 27549 394
0 28149 490
2 29049 250
1 29199 250
0 29349 682
2 30849 250
3 31149 250
2 31449 250
1 31749 442
4 32649 778
3 34449 346
4 34449 346
2 34449 2554
3 34899 250
3 35049 250
3 35199 250
3 35349 250
3 35499 250
3 35649 250
2 35799 346
4 35799 346
3 36249 346
4 36249 346
3 36699 250
3 36849 250
3 36999 250
3 37149 250
3 37299 250
3 37449 250
2 37599 346
4 37599 346
1 38049 346
2 38049 346
1 38499 250
1 38649 250
1 38799 250
1 38949 250
1 39099 250
1 39249 250
1 39399 346
3 39399 346
1 39849 346
2 39849 346
1 40299 250
1 40449 250
1 40599 250
1 40749 250
1 40899 250
1 41049 250
1 41199 250
1 41349 250
1 41499 250
2 41649 346
3 41649 346
2 42099 250
2 42249 250
2 42399 250
2 42549 250
2 42699 250
2 42849 250
1 42999 346
3 42999 346
2 43449 346
3 43449 346
2 43899 250
2 44049 250
2 44199 250
2 44349 250
2 44499 250
2 44649 250
2 44799 346
3 44799 346
0 45249 346
1 45249 346
0 45699 250
0 45849 250
0 45999 250
0 46149 250
0 46299 250
0 46449 250
0 46599 250
0 46749 250
0 46899 250
0 47049 250
2 47049 250
0 47199 250
2 47199 250
0 47349 250
2 47349 250
0 47499 250
2 47499 250
0 47649 250
2 47649 250
0 47799 250
2 47799 250
1 47949 250
3 47949 250
1 48099 250
3 48099 250
1 48249 250
3 48249 250
1 48399 250
3 48399 250
1 48549 250
3 48549 250
1 48699 250
3 48699 250
4 48849 490
5 48849 250
0 49749 490
2 50649 250
3 50799 250
4 50949 394
0 51549 394
2 52149 250
3 52299 250
1 52449 666
2 53849 346
0 54249 682
1 55749 250
2 55899 250
3 56049 490
0 56949 490
3 57849 394
4 58449 250
3 58749 394
1 59349 250
2 59649 1210
0 62799 346
5 62799 250
4 63249 490
3 63849 250
4 63916 250
3 63982 346
2 64249 394
1 64649 394
3 65049 250
2 65249 250
3 65316 250
2 65382 250
1 65449 250
0 65649 250
1 65849 250
2 66049 250
1 66249 250
2 66449 250
2 66449 1594
1 66649 250
0 66849 250
1 67049 250
4 67249 250
3 67449 250
2 67649 250
3 67849 250
2 68049 250
3 68116 250
2 68182 250
1 68249 250
1 68449 250
0 68649 394
3 69049 490
0 69649 250
1 69849 250
3 70049 250
0 70249 250
1 70449 250
3 70649 250
0 70849 250
1 71049 250
3 71249 250
0 71449 250
1 71649 250
3 71849 250
0 72049 250
3 72249 410
3 72716 250
3 72782 250
3 72849 250
4 72949 250
3 73049 250
2 73149 250
3 73249 250
5 73249 250
2 73449 394
0 73849 250
1 74049 250
0 74249 250
2 74449 250
0 74649 250
3 74849 250
4 74899 250
3 75049 634
4 76049 250
3 76149 250
2 76249 250
1 76349 250
2 76449 250
3 76549 250
4 76649 250
3 76749 250
2 76849 250
1 76949 250
2 77049 250
3 77149 250
4 77249 250
3 77349 250
2 77449 250
1 77549 250
2 77649 250
3 77749 250
4 77849 250
3 77949 250
2 78049 250
1 78149 250
2 78249 250
3 78349 250
4 78449 250
3 78549 250
2 78649 250
1 78749 250
2 78849 250
3 78949 250
4 79049 250
3 79149 250
4 79249 250
3 79316 250
2 79382 250
1 79449 250
0 79516 250
1 79582 250
2 79649 250
1 79749 250
2 79849 250
3 79916 250
4 79982 250
0 80049 250
1 80149 250
2 80249 250
6 80249 250
3 80316 250
6 80316 250
4 80382 250
6 80382 250
3 80449 250
6 80449 250
4 80499 250
6 80499 250
3 80549 250
6 80549 250
4 80599 250
6 80599 250
3 80649 250
6 80649 250
2 80716 250
6 80716 250
1 80782 250
2 80849 250
1 80949 250
0 81049 250
1 81149 250
2 81249 250
3 81349 250
4 81449 250
3 81516 250
2 81582 250
0 81649 250
1 81749 250
2 81849 250
6 81849 250
3 81899 250
6 81899 250
4 81949 250
6 81949 250
3 81999 250
6 81999 250
4 82049 250
6 82049 250
3 82099 250
6 82099 250
4 82149 250
6 82149 250
3 82199 250
6 82199 250
2 82249 250
6 82249 250
1 82316 250
6 82316 250
0 82382 250
6 82382 250
1 82449 250
6 82449 250
0 82549 250
6 82549 250
1 82620 250
6 82620 250
0 82676 250
6 82676 250
1 82734 250
6 82734 250
2 82791 250
6 82791 250
4 82849 250
6 82849 250
3 82916 250
6 82916 250
2 82982 250
6 82982 250
3 83049 250
6 83049 250
2 83116 250
6 83116 250
1 83182 250
6 83182 250
2 83249 250
6 83249 250
1 83316 250
6 83316 250
0 83382 250
6 83382 250
1 83449 250
6 83449 250
0 83516 250
6 83516 250
1 83582 250
6 83582 250
2 83649 250
6 83649 250
1 83716 250
6 83716 250
2 83782 250
6 83782 250
3 83849 250
6 83849 250
4 83949 250
6 83949 250
3 84049 250
6 84049 250
2 84116 250
6 84116 250
3 84182 250
6 84182 250
2 84249 250
6 84249 250
1 84316 250
6 84316 250
3 84382 250
6 84382 250
1 84449 250
6 84449 250
2 84516 250
6 84516 250
4 84582 250
6 84582 250
2 84649 250
6 84649 250
1 84716 250
6 84716 250
2 84782 250
6 84782 250
1 84849 250
6 84849 250
0 84949 250
6 84949 250
1 85020 250
6 85020 250
0 85076 250
6 85076 250
1 85134 250
6 85134 250
2 85191 250
6 85191 250
4 85249 250
6 85249 250
3 85316 250
6 85316 250
2 85382 250
6 85382 250
3 85449 250
6 85449 250
2 85516 250
6 85516 250
1 85582 250
6 85582 250
3 85649 250
6 85649 250
0 85749 250
6 85749 250
4 85849 250
6 85849 250
0 85949 250
6 85949 250
3 86049 250
6 86049 250
0 86149 250
6 86149 250
4 86249 250
6 86249 250
0 86349 250
6 86349 250
3 86449 250
6 86449 250
0 86549 250
6 86549 250
4 86649 250
6 86649 250
0 86749 250
6 86749 250
3 86849 250
6 86849 250
0 86949 250
6 86949 250
4 87049 250
6 87049 250
0 87149 250
6 87149 250
3 87249 250
6 87249 250
1 87349 250
6 87349 250
4 87449 250
6 87449 250
1 87549 250
6 87549 250
3 87649 250
6 87649 250
1 87749 250
6 87749 250
4 87849 250
6 87849 250
1 87949 250
6 87949 250
3 88049 250
6 88049 250
1 88149 250
6 88149 250
4 88249 250
6 88249 250
1 88349 250
6 88349 250
3 88449 250
6 88449 250
1 88549 250
6 88549 250
4 88649 250
6 88649 250
1 88749 250
6 88749 250
2 88849 490
3 89449 394
4 89849 250
5 89849 250
4 90049 970
4 91649 394
4 92049 490
0 92949 490
2 93849 250
3 93999 250
4 94149 394
0 94749 394
2 95349 250
3 95499 250
1 95649 394
0 96249 250
5 96249 250
1 96549 250
2 96849 250
3 97149 250
3 97449 250
4 97524 386
3 98049 250
5 98049 250
4 98149 250
2 98349 490
5 98349 250
3 99249 490
0 100149 490
2 101049 250
1 101199 250
3 101349 394
0 101949 490
2 102849 250
1 102999 250
0 103149 682
2 104649 490
1 105549 442
2 106449 250
4 106449 250
2 106449 2554
2 107124 250
2 107199 250
2 107274 250
2 107349 250
4 107349 250
2 108024 250
2 108099 250
2 108174 250
2 108249 250
4 108249 250
2 108924 250
2 108999 250
2 109074 250
2 109149 314
4 109149 314
2 109449 314
3 109449 314
2 109749 314
3 109749 314
1 110049 250
2 110049 250
1 110724 250
1 110799 250
1 110874 250
1 110949 250
2 110949 250
1 111624 250
1 111699 250
1 111774 250
1 111849 250
2 111849 250
1 112524 250
1 112599 250
1 112674 250
1 112749 314
2 112749 314
1 113049 314
2 113049 314
1 113349 314
2 113349 314
1 113649 250
3 113649 250
1 114324 250
1 114399 250
1 114474 250
1 114549 250
3 114549 250
1 115224 250
1 115299 250
1 115374 250
1 115449 250
3 115449 250
1 116124 250
1 116199 250
1 116274 250
1 116349 322
3 116349 322
1 116649 314
2 116649 314
1 116949 314
2 116949 314
2 117249 250
4 117249 250
2 117474 250
2 117549 250
2 117624 250
2 117699 250
4 117699 250
2 117924 250
2 117999 250
2 118074 250
2 118149 250
4 118149 250
2 118374 250
2 118449 250
2 118524 250
2 118599 250
4 118599 250
2 118824 250
2 118899 250
2 118974 250
2 119049 250
4 119049 250
2 119274 250
2 119349 250
2 119424 250
2 119499 250
4 119499 250
2 119724 250
2 119799 250
2 119874 250
2 119949 250
4 119949 250
0 120149 250
1 120249 250
2 120324 250
3 120399 250
2 120474 250
1 120549 250
0 120699 250
4 120849 394
5 120849 250
2 120849 2362
3 121236 394
2 121623 394
1 122010 394
4 122397 394
3 122784 394
2 123171 394
1 123559 394
0 123946 586
4 124720 586
6 124720 250
4 125494 250
6 125494 250
3 125559 250
6 125559 250
2 125623 250
6 125623 250
1 125688 250
6 125688 250
2 125752 250
6 125752 250
1 125817 250
6 125817 250
0 125881 250
6 125881 250
1 125946 250
6 125946 250
2 126010 250
6 126010 250
3 126075 250
6 126075 250
2 126139 250
6 126139 250
3 126204 250
6 126204 250
4 126268 250
6 126268 250
3 126333 250
6 126333 250
2 126397 250
6 126397 250
1 126462 250
6 126462 250
2 126526 250
6 126526 250
1 126591 250
6 126591 250
0 126655 250
6 126655 250
1 126720 250
6 126720 250
2 126784 250
6 126784 250
3 126849 250
6 126849 250
2 126913 250
6 126913 250
3 126978 250
6 126978 250
4 127042 250
6 127042 250
3 127107 250
6 127107 250
2 127171 250
6 127171 250
1 127236 250
6 127236 250
2 127300 250
6 127300 250
1 127365 250
6 127365 250
0 127429 250
6 127429 250
1 127494 250
6 127494 250
2 127559 250
6 127559 250
3 127623 250
6 127623 250
2 127688 250
6 127688 250
3 127752 250
6 127752 250
4 127817 250
6 127817 250
3 127881 250
6 127881 250
2 127946 250
6 127946 250
1 128010 250
6 128010 250
2 128075 250
6 128075 250
1 128139 250
6 128139 250
0 128204 250
6 128204 250
1 128268 250
6 128268 250
2 128333 250
6 128333 250
3 128397 250
6 128397 250
2 128462 250
6 128462 250
3 128526 250
6 128526 250
4 128591 250
6 128591 250
3 128655 250
6 128655 250
2 128720 250
6 128720 250
3 128784 250
6 128784 250
2 128849 250
6 128849 250
1 128913 250
6 128913 250
0 128978 250
6 128978 250
1 129042 250
6 129042 250
2 129107 250
6 129107 250
3 129171 250
6 129171 250
2 129236 250
6 129236 250
3 129300 250
6 129300 250
4 129365 250
6 129365 250
3 129429 250
6 129429 250
2 129494 250
6 129494 250
3 129559 250
6 129559 250
2 129623 250
6 129623 250
1 129688 250
6 129688 250
0 129752 250
6 129752 250
1 129817 250
6 129817 250
2 129881 250
6 129881 250
3 129946 250
6 129946 250
2 130010 250
6 130010 250
3 130075 250
6 130075 250
4 130139 250
6 130139 250
3 130204 250
6 130204 250
2 130268 250
6 130268 250
3 130333 250
6 130333 250
2 130397 250
6 130397 250
1 130462 250
6 130462 250
0 130526 250
6 130526 250
1 130591 250
6 130591 250
2 130655 250
6 130655 250
3 130720 250
6 130720 250
2 130784 250
6 130784 250
3 130849 250
6 130849 250
4 130913 250
6 130913 250
3 130978 250
6 130978 250
2 131042 250
6 131042 250
3 131107 250
6 131107 250
2 131171 250
6 131171 250
1 131236 250
6 131236 250
0 131300 250
6 131300 250
1 131365 250
6 131365 250
2 131429 250
6 131429 250
3 131494 250
6 131494 250
2 131559 250
6 131559 250
3 131623 250
6 131623 250
4 131688 250
6 131688 250
3 131752 250
6 131752 250
2 131817 250
6 131817 250
1 131881 250
6 131881 250
2 131946 250
6 131946 250
1 132010 250
6 132010 250
0 132075 250
6 132075 250
1 132139 250
6 132139 250
2 132204 250
6 132204 250
1 132268 250
6 132268 250
2 132333 250
6 132333 250
3 132397 250
6 132397 250
4 132462 250
6 132462 250
3 132526 250
6 132526 250
2 132591 250
6 132591 250
1 132655 250
6 132655 250
2 132720 250
6 132720 250
1 132784 250
6 132784 250
0 132849 250
6 132849 250
1 132913 250
6 132913 250
2 132978 250
6 132978 250
1 133042 250
6 133042 250
2 133107 250
6 133107 250
3 133171 250
6 133171 250
4 133236 250
6 133236 250
3 133300 250
6 133300 250
2 133365 250
6 133365 250
1 133429 250
6 133429 250
2 133494 250
6 133494 250
1 133559 250
6 133559 250
0 133623 250
6 133623 250
1 133688 250
6 133688 250
2 133752 250
6 133752 250
1 133817 250
6 133817 250
2 133881 250
6 133881 250
3 133946 250
6 133946 250
4 134010 250
6 134010 250
3 134075 250
6 134075 250
2 134139 250
6 134139 250
1 134204 250
6 134204 250
2 134268 250
6 134268 250
1 134333 250
6 134333 250
0 134397 250
6 134397 250
1 134462 250
6 134462 250
2 134526 250
6 134526 250
1 134591 250
6 134591 250
2 134655 250
6 134655 250
3 134720 250
6 134720 250
4 134784 250
6 134784 250
3 134849 250
6 134849 250
2 134913 250
6 134913 250
1 134978 250
6 134978 250
2 135042 250
6 135042 250
1 135107 250
6 135107 250
0 135171 250
6 135171 250
1 135236 250
6 135236 250
2 135300 250
6 135300 250
3 135365 250
6 135365 250
2 135429 250
6 135429 250
3 135494 250
6 135494 250
4 135559 250
6 135559 250
3 135623 250
6 135623 250
2 135688 250
6 135688 250
1 135752 250
6 135752 250
2 135817 250
6 135817 250
1 135881 250
6 135881 250
0 135946 250
6 135946 250
1 136010 250
6 136010 250
2 136075 250
6 136075 250
3 136139 250
6 136139 250
2 136204 250
6 136204 250
3 136268 250
6 136268 250
4 136333 250
6 136333 250
3 136397 250
6 136397 250
2 136462 250
6 136462 250
1 136526 250
6 136526 250
2 136591 250
6 136591 250
1 136655 250
6 136655 250
0 136720 250
6 136720 250
1 136784 250
6 136784 250
2 136849 250
6 136849 250
3 136913 250
6 136913 250
2 136978 250
6 136978 250
3 137042 250
6 137042 250
4 137107 250
6 137107 250
3 137171 250
6 137171 250
2 137236 250
6 137236 250
1 137300 250
6 137300 250
2 137365 250
6 137365 250
1 137429 250
6 137429 250
0 137494 250
6 137494 250
1 137559 250
6 137559 250
2 137623 250
6 137623 250
1 137688 250
6 137688 250
0 137784 250
6 137784 250
4 137881 250
6 137881 250
3 137946 250
6 137946 250
2 138010 250
6 138010 250
1 138075 250
6 138075 250
2 138139 250
6 138139 250
1 138204 250
6 138204 250
0 138268 250
6 138268 250
1 138333 250
6 138333 250
2 138397 250
6 138397 250
3 138462 250
6 138462 250
2 138526 250
6 138526 250
3 138591 250
6 138591 250
4 138655 250
6 138655 250
3 138720 250
6 138720 250
2 138784 250
6 138784 250
1 138849 250
6 138849 250
2 138913 250
6 138913 250
1 138978 250
6 138978 250
0 139042 250
6 139042 250
1 139107 250
6 139107 250
2 139171 250
6 139171 250
3 139236 250
6 139236 250
2 139300 250
6 139300 250
3 139365 250
6 139365 250
4 139429 250
6 139429 250
3 139494 250
6 139494 250
2 139559 250
6 139559 250
1 139623 250
6 139623 250
2 139688 250
6 139688 250
1 139752 250
6 139752 250
0 139817 250
6 139817 250
1 139881 250
6 139881 250
2 139946 250
6 139946 250
3 140010 250
6 140010 250
2 140075 250
6 140075 250
3 140139 250
6 140139 250
4 140204 250
6 140204 250
3 140268 250
6 140268 250
2 140333 250
6 140333 250
1 140397 250
6 140397 250
2 140462 250
6 140462 250
1 140526 250
6 140526 250
0 140591 250
6 140591 250
1 140655 250
6 140655 250
2 140720 250
6 140720 250
3 140784 250
6 140784 250
2 140849 250
6 140849 250
3 140913 250
6 140913 250
4 140978 250
6 140978 250
3 141042 250
6 141042 250
2 141107 250
6 141107 250
3 141171 250
6 141171 250
2 141236 250
6 141236 250
1 141300 250
6 141300 250
0 141365 250
6 141365 250
1 141429 250
6 141429 250
2 141494 250
6 141494 250
3 141559 250
6 141559 250
2 141623 250
6 141623 250
3 141688 250
6 141688 250
4 141752 250
6 141752 250
3 141817 250
6 141817 250
2 141881 250
6 141881 250
3 141946 250
6 141946 250
2 142010 250
6 142010 250
1 142075 250
6 142075 250
0 142139 250
6 142139 250
1 142204 250
6 142204 250
2 142268 250
6 142268 250
3 142333 250
6 142333 250
2 142397 250
6 142397 250
3 142462 250
6 142462 250
4 142526 250
6 142526 250
3 142591 250
6 142591 250
2 142655 250
6 142655 250
3 142720 250
6 142720 250
2 142784 250
6 142784 250
1 142849 250
6 142849 250
0 142913 250
6 142913 250
1 142978 250
6 142978 250
2 143042 250
6 143042 250
3 143107 250
6 143107 250
2 143171 250
6 143171 250
3 143236 250
6 143236 250
4 143300 250
6 143300 250
3 143365 250
6 143365 250
2 143429 250
6 143429 250
3 143494 250
6 143494 250
2 143559 250
6 143559 250
1 143623 250
6 143623 250
0 143688 250
6 143688 250
1 143752 250
6 143752 250
2 143817 250
6 143817 250
3 143881 250
6 143881 250
2 143946 250
6 143946 250
3 144010 250
6 144010 250
4 144075 250
6 144075 250
3 144139 250
6 144139 250
2 144204 250
6 144204 250
1 144268 250
6 144268 250
2 144333 250
6 144333 250
1 144397 250
6 144397 250
0 144462 250
6 144462 250
1 144526 250
6 144526 250
2 144591 250
6 144591 250
1 144655 250
6 144655 250
2 144720 250
6 144720 250
3 144784 250
6 144784 250
4 144849 250
6 144849 250
3 144913 250
6 144913 250
2 144978 250
6 144978 250
1 145042 250
6 145042 250
2 145107 250
6 145107 250
1 145171 250
6 145171 250
0 145236 250
6 145236 250
1 145300 250
6 145300 250
2 145365 250
6 145365 250
1 145429 250
6 145429 250
2 145494 250
6 145494 250
3 145559 250
6 145559 250
4 145623 250
6 145623 250
3 145688 250
6 145688 250
2 145752 250
6 145752 250
1 145817 250
6 145817 250
2 145881 250
6 145881 250
1 145946 250
6 145946 250
0 146010 250
6 146010 250
1 146075 250
6 146075 250
2 146139 250
6 146139 250
1 146204 250
6 146204 250
2 146268 250
6 146268 250
3 146333 250
6 146333 250
4 146397 250
6 146397 250
3 146462 250
6 146462 250
2 146526 250
6 146526 250
1 146591 250
6 146591 250
2 146655 250
6 146655 250
1 146720 250
6 146720 250
0 146784 250
6 146784 250
1 146849 250
6 146849 250
2 146913 250
6 146913 250
1 146978 250
6 146978 250
2 147042 250
6 147042 250
3 147107 250
6 147107 250
4 147171 250
6 147171 250
3 147236 250
6 147236 250
2 147300 250
6 147300 250
1 147365 250
6 147365 250
2 147429 250
6 147429 250
1 147494 250
6 147494 250
0 147559 250
6 147559 250
1 147623 250
6 147623 250
2 147688 250
6 147688 250
3 147752 250
6 147752 250
2 147817 250
6 147817 250
3 147881 250
6 147881 250
4 147946 250
6 147946 250
3 148010 250
6 148010 250
2 148075 250
6 148075 250
1 148139 250
6 148139 250
2 148204 250
6 148204 250
1 148268 250
6 148268 250
0 148333 250
6 148333 250
1 148397 250
6 148397 250
2 148462 250
6 148462 250
3 148526 250
6 148526 250
2 148591 250
6 148591 250
3 148655 250
6 148655 250
4 148720 250
6 148720 250
3 148784 250
6 148784 250
2 148849 250
6 148849 250
1 148913 250
6 148913 250
2 148978 250
6 148978 250
1 149042 250
6 149042 250
0 149107 250
6 149107 250
1 149171 250
6 149171 250
2 149236 250
6 149236 250
3 149300 250
6 149300 250
2 149365 250
6 149365 250
3 149429 250
6 149429 250
4 149494 250
6 149494 250
3 149559 250
6 149559 250
2 149623 250
6 149623 250
1 149688 250
6 149688 250
2 149752 250
6 149752 250
1 149817 250
6 149817 250
0 149881 250
6 149881 250
2 149978 250
6 149978 250
1 150075 250
6 150075 250
0 150171 250
6 150171 250
4 150268 250
6 150268 250
2 150333 250
6 150333 250
3 150397 250
6 150397 250
2 150462 250
6 150462 250
1 150526 250
6 150526 250
4 150591 250
6 150591 250
2 150655 250
6 150655 250
1 150720 250
6 150720 250
2 150849 250
6 150849 250
1 150913 250
6 150913 250
0 150978 250
6 150978 250
3 151042 250
6 151042 250
4 151107 250
6 151107 250
3 151171 250
6 151171 250
2 151236 250
6 151236 250
3 151300 250
6 151300 250
1 151365 250
6 151365 250
2 151429 250
6 151429 250
4 151559 250
6 151559 250
2 151623 250
6 151623 250
3 151688 250
6 151688 250
2 151752 250
6 151752 250
1 151817 250
6 151817 250
3 151913 250
6 151913 250
1 152010 250
6 152010 250
3 152075 250
6 152075 250
1 152139 250
6 152139 250
2 152204 250
6 152204 250
1 152268 250
6 152268 250
0 152333 250
6 152333 250
1 152397 250
6 152397 250
2 152494 250
6 152494 250
4 152591 250
6 152591 250
2 152655 250
6 152655 250
3 152720 250
6 152720 250
2 152784 250
6 152784 250
1 152849 250
6 152849 250
4 152913 250
6 152913 250
2 152978 250
6 152978 250
3 153042 250
6 153042 250
2 153107 250
6 153107 250
1 153171 250
6 153171 250
4 153236 250
6 153236 250
1 153300 250
6 153300 250
2 153365 250
6 153365 250
4 153559 250
6 153559 250
2 153623 250
6 153623 250
3 153688 250
6 153688 250
2 153752 250
6 153752 250
1 153817 250
6 153817 250
4 153881 250
6 153881 250
2 153946 250
6 153946 250
3 154010 250
6 154010 250
2 154075 250
6 154075 250
1 154139 250
6 154139 250
0 154204 250
6 154204 250
4 154333 250
6 154333 250
3 154397 250
6 154397 250
2 154462 250
6 154462 250
3 154526 250
6 154526 250
2 154591 250
6 154591 250
1 154655 250
6 154655 250
0 154720 250
6 154720 250
4 154913 250
6 154913 250
3 155010 250
6 155010 250
2 155107 250
6 155107 250
1 155204 250
6 155204 250
2 155300 250
6 155300 250
1 155397 250
6 155397 250
2 155494 250
6 155494 250
1 155591 250
6 155591 250
0 155688 586
6 155688 250
1 156462 250
2 156462 250
2 156462 2746
0 156655 250
0 156752 250
0 156849 250
0 156946 250
1 157042 250
2 157042 250
0 157236 250
0 157333 250
1 157429 250
2 157429 250
0 157623 250
0 157720 250
1 157817 250
2 157817 250
0 158010 250
0 158107 250
2 158204 250
3 158204 250
0 158397 250
0 158494 250
1 158591 682
2 158591 682
3 159559 250
4 159559 250
1 159752 250
1 159849 250
2 159946 250
3 159946 250
1 160139 250
1 160236 250
3 160333 250
4 160333 250
1 160526 250
1 160623 250
2 160720 250
3 160720 250
1 160913 250
1 161010 250
2 161107 250
5 161107 250
3 161171 250
2 161236 906
3 162655 250
2 162752 250
1 162849 250
0 162946 250
1 163042 250
2 163139 250
3 163236 250
2 163333 250
1 163429 250
0 163526 250
1 163623 250
2 163720 250
3 163817 250
2 163913 250
0 164010 250
2 164107 250
4 164204 250
3 164300 250
2 164397 250
1 164494 250
2 164591 250
3 164688 250
4 164784 250
3 164881 250
2 164978 250
1 165075 250
2 165171 250
3 165268 250
4 165365 250
3 165462 250
1 165559 250
3 165655 250
4 165752 250
2 165849 250
1 165946 250
0 166042 250
1 166139 250
2 166236 250
4 166333 250
2 166429 250
1 166526 250
0 166623 250
1 166720 250
2 166784 250
2 166849 250
3 166913 250
2 167010 250
1 167107 250
0 167204 250
0 167300 250
1 167397 250
2 167494 250
3 167591 250
1 167688 250
2 167784 250
3 167881 250
4 167978 250
0 168075 250
1 168171 250
2 168268 250
3 168365 250
2 168462 250
3 168559 250
4 168655 250
4 168752 250
3 168849 250
2 168913 250
1 168978 250
2 169042 250
1 169107 250
0 169171 250
1 169236 250
0 169300 250
1 169365 250
2 169429 250
1 169494 250
2 169559 250
3 169623 250
2 169688 250
1 169752 250
0 169817 250
1 169881 250
2 169946 250
3 170010 250
2 170075 250
1 170139 250
0 170204 250
1 170268 250
2 170333 250
4 170397 250
2 170462 250
1 170526 250
0 170591 250
1 170655 250
2 170720 250
4 170784 250
2 170849 250
1 170913 250
2 170978 250
1 171042 250
0 171107 250
1 171171 250
0 171236 250
1 171300 250
2 171365 250
1 171429 250
2 171494 250
4 171559 250
2 171623 250
1 171688 250
0 171752 250
1 171817 250
2 171881 250
4 171946 250
3 172010 250
2 172075 250
0 172139 250
2 172204 250
3 172268 250
4 172333 250
3 172397 250
2 172462 250
0 172526 250
2 172591 250
3 172655 250
4 172720 250
3 172784 250
2 172849 250
0 172913 250
2 172978 250
3 173042 250
4 173107 250
3 173171 250
2 173236 250
0 173300 250
2 173365 250
3 173429 250
4 173494 250
3 173559 250
2 173623 250
0 173688 250
2 173752 250
3 173817 250
4 173881 250
3 173946 250
2 174010 250
1 174075 250
3 174139 250
3 174204 250
4 174268 586
2 175042 1354
2 175042 442
1 178642 314
3 178642 314
1 178942 250
1 179092 250
1 179242 250
1 179392 250
1 179542 250
1 179692 250
1 179842 250
1 179992 250
1 180142 250
1 180292 250
3 180292 250
3 180442 314
4 180442 314
3 180742 250
3 180892 250
3 181042 250
3 181192 250
3 181342 250
3 181492 250
3 181642 250
4 181642 250
3 181792 250
4 181792 250
3 181942 250
4 181942 250
3 182092 250
4 182092 250
0 182242 314
2 182242 314
0 182542 250
0 182692 250
0 182842 250
0 182992 250
0 183142 250
0 183292 250
0 183442 250
0 183592 250
0 183742 250
0 183892 250
2 183892 250
2 184042 314
4 184042 314
2 184342 250
2 184492 250
2 184642 250
2 184792 250
2 184942 250
2 185092 250
2 185242 250
4 185242 250
2 185392 250
4 185392 250
2 185542 250
4 185542 250
2 185692 250
4 185692 250
1 185842 314
3 185842 314
1 186142 250
1 186292 250
1 186442 250
1 186592 250
1 186742 250
1 186892 250
1 187042 250
1 187192 250
1 187342 250
1 187492 250
1 187642 490
3 187642 490
2 188542 490
3 188542 490
2 189442 314
4 189442 314
2 189742 250
2 189892 250
2 190042 250
2 190192 250
2 190342 314
4 190342 314
2 190642 250
2 190792 250
2 190942 250
2 191092 250
2 191242 314
4 191242 314
2 191542 250
2 191692 250
2 191842 250
2 191992 250
2 192142 314
4 192142 314
2 192442 314
4 192442 314
2 192742 314
4 192742 314
1 193042 314
3 193042 314
1 193342 250
1 193492 250
1 193642 250
1 193792 250
1 193942 250
1 194092 250
1 194242 250
1 194392 250
1 194542 250
1 194692 250
3 194692 250
3 194842 314
4 194842 314
3 195142 250
3 195292 250
3 195442 250
3 195592 250
3 195742 250
3 195892 250
3 196042 250
4 196042 250
3 196192 250
4 196192 250
3 196342 250
4 196342 250
3 196492 250
4 196492 250
0 196642 314
2 196642 314
0 196942 250
0 197092 250
0 197242 250
0 197392 250
0 197542 250
0 197692 250
0 197842 250
0 197992 250
0 198142 250
0 198292 250
2 198292 250
2 198442 314
4 198442 314
2 198742 250
2 198892 250
2 199042 250
2 199192 250
2 199342 250
2 199492 250
2 199642 250
4 199642 250
2 199792 250
4 199792 250
2 199942 250
4 199942 250
2 200092 250
4 200092 250
1 200242 314
3 200242 314
1 200542 250
1 200692 250
1 200842 250
1 200992 250
1 201142 250
1 201292 250
1 201442 250
1 201592 250
1 201742 250
1 201892 250
2 202042 490
3 202042 490
1 202942 490
2 202942 490
2 203842 986
4 203842 986
1 206242 250
1 206392 1114
2 206392 1114
4 209242 250
0 209542 250
2 209842 250
3 209992 250
4 210142 250
0 210442 250
2 210742 250
3 210892 250
4 211042 250
0 211342 250
2 211642 250
1 211792 346
4 212392 314
4 212692 490
