0 13630 250
0 14297 250
1 14519 250
0 15186 250
0 15630 250
0 16075 250
1 16297 250
0 16741 394
0 17186 250
0 17852 250
1 18075 250
0 18741 250
0 19186 250
0 19630 250
1 19852 250
0 20297 394
1 20741 442
2 20741 1786
1 21408 250
2 21630 250
1 22297 250
1 22741 250
1 23186 250
2 23408 250
3 23852 394
2 24297 442
2 24963 250
3 25186 250
0 25852 250
0 26297 250
0 26741 250
0 27852 250
0 28519 250
1 28741 250
0 29408 250
0 29852 250
0 30297 250
1 30519 250
0 30963 394
0 31408 250
0 32075 250
1 32297 250
0 32963 250
0 33408 250
0 33852 250
1 34075 250
0 34519 394
1 34963 442
1 35630 250
2 35852 250
1 36519 250
1 36963 250
1 37408 250
2 37630 250
3 38075 394
2 38075 1594
2 38519 442
2 39186 250
3 39408 250
0 40075 250
0 40519 250
0 40963 250
0 42075 250
0 42741 250
1 42963 250
0 43630 250
0 44075 250
0 44519 250
1 44741 250
0 45186 394
0 45630 250
0 46297 250
1 46519 250
0 47186 250
0 47630 250
0 48075 250
1 48297 250
0 48741 394
1 49186 442
2 49186 2554
1 49852 250
2 50075 250
1 50741 250
1 51186 250
1 51630 250
2 51852 250
3 52297 394
2 52741 442
2 53408 250
3 53630 250
0 54297 250
0 56297 250
0 56963 250
1 57186 250
0 57852 250
0 58297 250
0 58741 250
1 58963 250
0 59408 394
0 59852 250
0 60519 250
1 60741 250
0 61408 250
0 61852 250
1 63408 442
1 64075 250
2 64297 250
1 64963 250
1 65408 250
1 65852 250
2 66075 250
3 66519 394
2 66963 442
2 66963 1210
2 67630 250
3 67852 250
0 68519 250
0 68963 250
0 74075 250
6 74075 250
2 74297 250
6 74297 250
0 74741 250
6 74741 250
2 74963 250
6 74963 250
1 75408 250
6 75408 250
0 75852 250
6 75852 250
2 76075 250
6 76075 250
0 76519 250
6 76519 250
2 76741 250
6 76741 250
1 77186 250
6 77186 250
0 77630 250
6 77630 250
2 77852 250
6 77852 250
0 78297 250
6 78297 250
2 78519 250
6 78519 250
1 78963 250
6 78963 250
0 79408 250
6 79408 250
2 79630 250
6 79630 250
0 80075 250
6 80075 250
2 80297 250
6 80297 250
1 80741 250
6 80741 250
0 81186 250
6 81186 250
2 81186 2554
3 81408 250
6 81408 250
0 81852 250
6 81852 250
3 82075 250
6 82075 250
2 82519 250
6 82519 250
0 82963 250
6 82963 250
3 83186 250
6 83186 250
0 83630 250
6 83630 250
3 83852 250
6 83852 250
2 84297 250
6 84297 250
1 84741 250
6 84741 250
3 84963 250
6 84963 250
1 85408 250
6 85408 250
2 85630 250
6 85630 250
0 86297 250
6 86297 250
2 101630 250
2 101852 250
2 102075 394
0 102519 250
0 103186 250
1 103408 250
0 104075 250
0 104519 250
0 104963 250
1 105186 250
0 105630 394
0 106075 250
0 106741 250
1 106963 250
0 107630 250
0 108075 250
0 108519 250
1 108741 250
0 109186 394
1 109630 442
2 109630 2554
1 110297 250
2 110519 250
1 111186 250
1 111630 250
1 112075 250
2 112297 250
3 112741 394
2 113186 442
2 113852 250
3 114075 250
0 114741 250
0 116741 250
0 117408 250
1 117630 250
0 118297 250
0 118741 250
0 119186 250
1 119408 250
0 119852 394
0 120297 250
0 120963 250
1 121186 250
0 121852 250
0 122297 250
0 122741 250
1 123852 442
1 124519 250
2 124741 250
1 125408 250
1 125852 250
1 126297 250
2 126519 250
3 126963 394
2 127408 442
2 128075 250
3 128297 250
0 128963 250
0 129408 250
0 134519 250
6 134519 250
2 134519 3322
2 134741 250
6 134741 250
0 135186 250
6 135186 250
2 135408 250
6 135408 250
1 135852 250
6 135852 250
0 136297 250
6 136297 250
2 136519 250
6 136519 250
0 136963 250
6 136963 250
2 137186 250
6 137186 250
1 137630 250
6 137630 250
0 138075 250
6 138075 250
2 138297 250
6 138297 250
0 138741 250
6 138741 250
2 138963 250
6 138963 250
1 139408 250
6 139408 250
0 139852 250
6 139852 250
2 140075 250
6 140075 250
0 140519 250
6 140519 250
2 140741 250
6 140741 250
1 141186 250
6 141186 250
0 141630 250
6 141630 250
3 141852 250
6 141852 250
0 142297 250
6 142297 250
3 142519 250
6 142519 250
2 142963 250
6 142963 250
0 143408 250
6 143408 250
3 143630 250
6 143630 250
0 144075 250
6 144075 250
3 144297 250
6 144297 250
2 144741 250
6 144741 250
1 145186 250
6 145186 250
3 145408 250
6 145408 250
1 145852 250
6 145852 250
2 146075 250
6 146075 250
0 146741 250
6 146741 250
0 148741 250
6 148741 250
2 148963 250
6 148963 250
0 149408 250
6 149408 250
2 149630 250
6 149630 250
1 150075 250
6 150075 250
0 150519 250
6 150519 250
2 150741 250
6 150741 250
0 151186 250
6 151186 250
2 151408 250
6 151408 250
1 151852 250
6 151852 250
0 152297 250
6 152297 250
2 152519 250
6 152519 250
0 152963 250
6 152963 250
2 153186 250
6 153186 250
1 153630 250
6 153630 250
0 154075 250
6 154075 250
2 154297 250
6 154297 250
0 154741 250
6 154741 250
2 154963 250
6 154963 250
1 155408 250
6 155408 250
0 155852 250
6 155852 250
3 156075 250
6 156075 250
0 156519 250
6 156519 250
3 156741 250
6 156741 250
2 157186 250
6 157186 250
0 157630 250
6 157630 250
3 157852 250
6 157852 250
0 158297 250
6 158297 250
3 158519 250
6 158519 250
2 158963 250
6 158963 250
1 159408 250
6 159408 250
2 159408 1210
3 159630 250
6 159630 250
1 160075 250
6 160075 250
2 160297 250
6 160297 250
0 160963 250
6 160963 250
0 164741 634
0 166241 826
0 168741 634
0 170241 826
0 172741 634
0 174241 826
0 176741 634
0 178241 826
0 180741 634
0 182241 826
0 188741 634
0 190241 826
0 192741 634
0 194241 826
0 196741 634
0 198241 826
0 200741 634
0 202241 826
