0 13630 250
0 14297 250
1 14519 250
0 14741 250
0 15186 250
0 15630 250
0 16075 250
1 16297 250
0 16519 250
7 16741 394
0 17186 250
0 17852 250
1 18075 250
0 18297 250
0 18741 250
0 19186 250
0 19630 250
1 19852 250
0 20075 250
7 20297 394
1 20741 442
2 20741 1786
1 21408 250
2 21630 250
1 21852 250
1 22297 250
1 22741 250
1 23186 250
2 23408 250
1 23630 250
4 23852 394
2 24297 442
2 24963 250
3 25186 250
2 25408 250
7 25852 250
7 26297 250
7 26741 250
0 27852 250
0 28519 250
1 28741 250
0 28963 250
0 29408 250
0 29852 250
0 30297 250
1 30519 250
0 30741 250
7 30963 394
0 31408 250
0 32075 250
1 32297 250
0 32519 250
0 32963 250
0 33408 250
0 33852 250
1 34075 250
0 34297 250
7 34519 394
1 34963 442
1 35630 250
2 35852 250
1 36075 250
1 36519 250
1 36963 250
1 37408 250
2 37630 250
1 37852 250
4 38075 394
2 38075 1594
2 38519 442
2 39186 250
3 39408 250
2 39630 250
7 40075 250
7 40519 250
7 40963 250
0 42075 250
0 42741 250
1 42963 250
0 43186 250
0 43630 250
0 44075 250
0 44519 250
1 44741 250
0 44963 250
7 45186 394
0 45630 250
0 46297 250
1 46519 250
0 46741 250
0 47186 250
0 47630 250
0 48075 250
1 48297 250
0 48519 250
7 48741 394
1 49186 442
2 49186 2554
1 49852 250
2 50075 250
1 50297 250
1 50741 250
1 51186 250
1 51630 250
2 51852 250
1 52075 250
4 52297 394
2 52741 442
2 53408 250
3 53630 250
2 53852 250
7 54297 250
0 56297 250
0 56963 250
1 57186 250
0 57408 250
0 57852 250
0 58297 250
0 58741 250
1 58963 250
0 59186 250
7 59408 394
0 59852 250
0 60519 250
1 60741 250
0 60963 250
0 61408 250
0 61852 250
1 63408 442
1 64075 250
2 64297 250
1 64519 250
1 64963 250
1 65408 250
1 65852 250
2 66075 250
1 66297 250
4 66519 394
2 66963 442
2 66963 1210
2 67630 250
3 67852 250
2 68075 250
7 68519 250
7 68963 250
0 74075 250
6 74075 250
3 74297 250
6 74297 250
0 74741 250
6 74741 250
2 74963 250
6 74963 250
3 75186 250
6 75186 250
2 75408 250
6 75408 250
1 75630 250
6 75630 250
0 75852 250
6 75852 250
3 76075 250
6 76075 250
0 76519 250
6 76519 250
2 76741 250
6 76741 250
3 76963 250
6 76963 250
2 77186 250
6 77186 250
1 77408 250
6 77408 250
0 77630 250
6 77630 250
3 77852 250
6 77852 250
0 78297 250
6 78297 250
2 78519 250
6 78519 250
3 78741 250
6 78741 250
2 78963 250
6 78963 250
1 79186 250
6 79186 250
0 79408 250
6 79408 250
3 79630 250
6 79630 250
0 80075 250
6 80075 250
2 80297 250
6 80297 250
3 80519 250
6 80519 250
2 80741 250
6 80741 250
0 80963 250
6 80963 250
1 81186 250
6 81186 250
2 81186 2746
4 81408 250
6 81408 250
1 81852 250
6 81852 250
3 82075 250
6 82075 250
4 82297 250
6 82297 250
3 82519 250
6 82519 250
2 82741 250
6 82741 250
1 82963 250
6 82963 250
4 83186 250
6 83186 250
1 83630 250
6 83630 250
3 83852 250
6 83852 250
4 84075 250
6 84075 250
3 84297 250
6 84297 250
2 84519 250
6 84519 250
2 84741 250
6 84741 250
4 84963 250
6 84963 250
2 85408 250
6 85408 250
3 85630 250
6 85630 250
2 85852 250
6 85852 250
1 86297 250
6 86297 250
1 86519 250
6 86519 250
2 101630 250
2 101741 250
3 101852 250
5 101852 250
3 101963 250
2 102075 250
5 102075 250
1 102297 250
5 102297 250
1 102408 250
0 102519 250
5 102519 250
0 103186 250
1 103408 250
0 103630 250
0 104075 250
0 104519 250
0 104963 250
1 105186 250
0 105408 250
7 105630 394
0 106075 250
0 106741 250
1 106963 250
0 107186 250
0 107630 250
0 108075 250
0 108519 250
1 108741 250
0 108963 250
7 109186 394
1 109630 442
2 109630 2554
1 110297 250
2 110519 250
1 110741 250
1 111186 250
1 111630 250
1 112075 250
2 112297 250
1 112519 250
4 112741 394
2 113186 442
2 113852 250
3 114075 250
2 114297 250
7 114741 250
0 116741 250
0 117408 250
1 117630 250
0 117852 250
0 118297 250
0 118741 250
0 119186 250
1 119408 250
0 119630 250
7 119852 394
0 120297 250
0 120963 250
1 121186 250
0 121408 250
0 121852 250
0 122297 250
0 122741 250
1 123852 442
1 124519 250
2 124741 250
1 124963 250
1 125408 250
1 125852 250
1 126297 250
2 126519 250
1 126741 250
4 126963 394
2 127408 442
2 128075 250
3 128297 250
2 128519 250
7 128963 250
7 129408 250
0 134519 250
6 134519 250
2 134519 3322
3 134741 250
6 134741 250
0 135186 250
6 135186 250
2 135408 250
6 135408 250
3 135630 250
6 135630 250
2 135852 250
6 135852 250
1 136075 250
6 136075 250
0 136297 250
6 136297 250
3 136519 250
6 136519 250
0 136963 250
6 136963 250
2 137186 250
6 137186 250
3 137408 250
6 137408 250
2 137630 250
6 137630 250
1 137852 250
6 137852 250
0 138075 250
6 138075 250
3 138297 250
6 138297 250
0 138741 250
6 138741 250
2 138963 250
6 138963 250
3 139186 250
6 139186 250
2 139408 250
6 139408 250
1 139630 250
6 139630 250
0 139852 250
6 139852 250
3 140075 250
6 140075 250
0 140519 250
6 140519 250
2 140741 250
6 140741 250
3 140963 250
6 140963 250
2 141186 250
6 141186 250
0 141408 250
6 141408 250
1 141630 250
6 141630 250
4 141852 250
6 141852 250
1 142297 250
6 142297 250
3 142519 250
6 142519 250
4 142741 250
6 142741 250
3 142963 250
6 142963 250
2 143186 250
6 143186 250
1 143408 250
6 143408 250
4 143630 250
6 143630 250
1 144075 250
6 144075 250
3 144297 250
6 144297 250
4 144519 250
6 144519 250
3 144741 250
6 144741 250
2 144963 250
6 144963 250
2 145186 250
6 145186 250
4 145408 250
6 145408 250
2 145852 250
6 145852 250
3 146075 250
6 146075 250
2 146297 250
6 146297 250
1 146741 250
6 146741 250
1 146963 250
6 146963 250
0 148741 250
6 148741 250
3 148963 250
6 148963 250
0 149408 250
6 149408 250
2 149630 250
6 149630 250
3 149852 250
6 149852 250
2 150075 250
6 150075 250
1 150297 250
6 150297 250
0 150519 250
6 150519 250
3 150741 250
6 150741 250
0 151186 250
6 151186 250
2 151408 250
6 151408 250
3 151630 250
6 151630 250
2 151852 250
6 151852 250
1 152075 250
6 152075 250
0 152297 250
6 152297 250
3 152519 250
6 152519 250
0 152963 250
6 152963 250
2 153186 250
6 153186 250
3 153408 250
6 153408 250
2 153630 250
6 153630 250
1 153852 250
6 153852 250
0 154075 250
6 154075 250
3 154297 250
6 154297 250
0 154741 250
6 154741 250
2 154963 250
6 154963 250
3 155186 250
6 155186 250
2 155408 250
6 155408 250
0 155630 250
6 155630 250
1 155852 250
6 155852 250
4 156075 250
6 156075 250
1 156519 250
6 156519 250
3 156741 250
6 156741 250
4 156963 250
6 156963 250
3 157186 250
6 157186 250
2 157408 250
6 157408 250
1 157630 250
6 157630 250
4 157852 250
6 157852 250
1 158297 250
6 158297 250
3 158519 250
6 158519 250
4 158741 250
6 158741 250
3 158963 250
6 158963 250
2 159186 250
6 159186 250
2 159408 250
6 159408 250
2 159408 1210
4 159630 250
6 159630 250
2 160075 250
6 160075 250
3 160297 250
6 160297 250
2 160519 250
6 160519 250
1 160963 250
6 160963 250
1 161186 250
6 161186 250
2 164741 490
1 165491 250
5 165491 250
0 165616 250
2 166241 682
1 167491 250
5 167491 250
0 167616 250
2 168741 490
1 169491 250
5 169491 250
0 169616 250
2 170241 682
1 171491 250
5 171491 250
0 171616 250
2 172741 490
1 173491 250
5 173491 250
0 173616 250
2 174241 682
1 175491 250
5 175491 250
0 175616 250
2 176741 490
1 177491 250
5 177491 250
0 177616 250
2 178241 682
1 179491 250
5 179491 250
0 179616 250
2 180741 490
1 181491 250
5 181491 250
0 181616 250
2 182241 682
1 183491 250
5 183491 250
0 183616 250
2 188741 490
1 189491 250
5 189491 250
0 189616 250
2 190241 682
1 191491 250
5 191491 250
0 191616 250
2 192741 490
1 193491 250
5 193491 250
0 193616 250
2 194241 682
1 195491 250
5 195491 250
0 195616 250
2 196741 490
1 197491 250
5 197491 250
0 197616 250
2 198241 682
1 199491 250
5 199491 250
0 199616 250
2 200741 490
1 201491 250
5 201491 250
0 201616 250
2 202241 682
1 203491 250
5 203491 250
0 203616 250
