0 13630 250
1 14519 250
0 15186 250
1 16297 250
0 16741 394
0 17186 250
1 18075 250
0 18741 250
1 19852 250
0 20297 394
0 20741 442
2 20741 1786
2 21630 250
0 22297 250
1 23408 250
2 23852 394
1 24297 442
2 25186 250
0 25852 250
0 26297 250
0 26741 250
0 27852 250
1 28741 250
0 29408 250
1 30519 250
0 30963 394
0 31408 250
1 32297 250
0 32963 250
1 34075 250
0 34519 394
0 34963 442
2 35852 250
0 36519 250
1 37630 250
2 38075 394
2 38075 1594
1 38519 442
2 39408 250
0 40075 250
0 40519 250
0 40963 250
0 42075 250
1 42963 250
0 43630 250
1 44741 250
0 45186 394
0 45630 250
1 46519 250
0 47186 250
1 48297 250
0 48741 394
0 49186 442
2 49186 2554
2 50075 250
0 50741 250
1 51852 250
2 52297 394
1 52741 442
2 53630 250
0 54297 250
0 56297 250
1 57186 250
0 57852 250
1 58963 250
0 59408 394
0 59852 250
1 60741 250
0 61408 250
0 61852 250
0 63408 442
2 64297 250
0 64963 250
1 66075 250
2 66519 394
1 66963 442
2 66963 1210
2 67852 250
0 68519 250
0 68963 250
1 74297 250
1 74963 250
0 75408 250
1 76075 250
1 76741 250
0 77186 250
1 77852 250
1 78519 250
0 78963 250
1 79630 250
1 80297 250
0 80741 250
2 81186 2554
2 81408 250
2 82075 250
0 82519 250
2 83186 250
2 83852 250
0 84297 250
2 84963 250
1 85630 250
0 86297 250
2 101630 394
2 102075 394
0 102519 250
1 103408 250
0 104075 250
1 105186 250
0 105630 394
0 106075 250
1 106963 250
0 107630 250
1 108741 250
0 109186 394
0 109630 442
2 109630 2554
2 110519 250
0 111186 250
1 112297 250
2 112741 394
1 113186 442
2 114075 250
0 114741 250
0 116741 250
1 117630 250
0 118297 250
1 119408 250
0 119852 394
0 120297 250
1 121186 250
0 121852 250
0 122297 250
0 122741 250
0 123852 442
2 124741 250
0 125408 250
1 126519 250
2 126963 394
1 127408 442
2 128297 250
0 128963 250
0 129408 250
2 134519 3322
1 134741 250
1 135408 250
0 135852 250
1 136519 250
1 137186 250
0 137630 250
1 138297 250
1 138963 250
0 139408 250
1 140075 250
1 140741 250
0 141186 250
2 141852 250
2 142519 250
0 142963 250
2 143630 250
2 144297 250
0 144741 250
2 145408 250
1 146075 250
0 146741 250
1 148963 250
1 149630 250
0 150075 250
1 150741 250
1 151408 250
0 151852 250
1 152519 250
1 153186 250
0 153630 250
1 154297 250
1 154963 250
0 155408 250
2 156075 250
2 156741 250
0 157186 250
2 157852 250
2 158519 250
0 158963 250
2 159408 1018
2 159630 250
1 160297 250
0 160963 250
0 164741 634
0 166241 826
0 168741 634
0 170241 826
0 172741 634
0 174241 826
0 176741 634
0 178241 826
0 180741 634
0 182241 826
0 188741 634
0 190241 826
0 192741 634
0 194241 826
0 196741 634
0 198241 826
0 200741 634
0 202241 826
