1 13630 250
1 14297 250
2 14519 250
1 14741 250
1 15186 250
1 15630 250
1 16075 250
2 16297 250
1 16519 250
0 16741 394
1 17186 250
1 17852 250
2 18075 250
1 18297 250
1 18741 250
1 19186 250
1 19630 250
2 19852 250
1 20075 250
0 20297 394
2 20741 442
2 20741 1786
2 21408 250
3 21630 250
2 21852 250
2 22297 250
2 22741 250
2 23186 250
3 23408 250
2 23630 250
4 23852 394
3 24297 442
3 24963 250
4 25186 250
3 25408 250
0 25852 250
0 26297 250
0 26741 250
1 27852 250
1 28519 250
2 28741 250
1 28963 250
1 29408 250
1 29852 250
1 30297 250
2 30519 250
1 30741 250
0 30963 394
1 31408 250
1 32075 250
2 32297 250
1 32519 250
1 32963 250
1 33408 250
1 33852 250
2 34075 250
1 34297 250
0 34519 394
2 34963 442
2 35630 250
3 35852 250
2 36075 250
2 36519 250
2 36963 250
2 37408 250
3 37630 250
2 37852 250
4 38075 394
2 38075 1594
3 38519 442
3 39186 250
4 39408 250
3 39630 250
0 40075 250
0 40519 250
0 40963 250
1 42075 250
1 42741 250
2 42963 250
1 43186 250
1 43630 250
1 44075 250
1 44519 250
2 44741 250
1 44963 250
0 45186 394
1 45630 250
1 46297 250
2 46519 250
1 46741 250
1 47186 250
1 47630 250
1 48075 250
2 48297 250
1 48519 250
0 48741 394
2 49186 442
2 49186 2554
2 49852 250
3 50075 250
2 50297 250
2 50741 250
2 51186 250
2 51630 250
3 51852 250
2 52075 250
4 52297 394
3 52741 442
3 53408 250
4 53630 250
3 53852 250
0 54297 250
1 56297 250
1 56963 250
2 57186 250
1 57408 250
1 57852 250
1 58297 250
1 58741 250
2 58963 250
1 59186 250
0 59408 394
1 59852 250
1 60519 250
2 60741 250
1 60963 250
1 61408 250
1 61852 250
2 63408 442
2 64075 250
3 64297 250
2 64519 250
2 64963 250
2 65408 250
2 65852 250
3 66075 250
2 66297 250
4 66519 394
3 66963 442
2 66963 1402
3 67630 250
4 67852 250
3 68075 250
0 68519 250
0 68963 250
0 74075 250
6 74075 250
3 74297 250
6 74297 250
0 74741 250
6 74741 250
2 74963 250
6 74963 250
3 75186 250
6 75186 250
2 75408 250
6 75408 250
0 75852 250
6 75852 250
3 76075 250
6 76075 250
0 76519 250
6 76519 250
2 76741 250
6 76741 250
3 76963 250
6 76963 250
2 77186 250
6 77186 250
0 77630 250
6 77630 250
3 77852 250
6 77852 250
0 78297 250
6 78297 250
2 78519 250
6 78519 250
3 78741 250
6 78741 250
2 78963 250
6 78963 250
0 79408 250
6 79408 250
3 79630 250
6 79630 250
0 80075 250
6 80075 250
2 80297 250
6 80297 250
3 80519 250
6 80519 250
2 80741 250
6 80741 250
1 81186 250
6 81186 250
2 81186 2938
4 81408 250
6 81408 250
1 81852 250
6 81852 250
3 82075 250
6 82075 250
4 82297 250
6 82297 250
3 82519 250
6 82519 250
1 82963 250
6 82963 250
4 83186 250
6 83186 250
1 83630 250
6 83630 250
3 83852 250
6 83852 250
4 84075 250
6 84075 250
3 84297 250
6 84297 250
2 84741 250
6 84741 250
4 84963 250
6 84963 250
2 85408 250
6 85408 250
3 85630 250
6 85630 250
2 85852 250
6 85852 250
1 86297 250
6 86297 250
1 86519 250
6 86519 250
3 101630 250
3 101741 250
3 101852 250
3 101963 250
3 102075 394
1 102519 250
1 103186 250
2 103408 250
1 103630 250
1 104075 250
1 104519 250
1 104963 250
2 105186 250
1 105408 250
0 105630 394
1 106075 250
1 106741 250
2 106963 250
1 107186 250
1 107630 250
1 108075 250
1 108519 250
2 108741 250
1 108963 250
0 109186 394
2 109630 442
2 109630 2554
2 110297 250
3 110519 250
2 110741 250
2 111186 250
2 111630 250
2 112075 250
3 112297 250
2 112519 250
4 112741 394
3 113186 442
3 113852 250
4 114075 250
3 114297 250
0 114741 250
1 116741 250
1 117408 250
2 117630 250
1 117852 250
1 118297 250
1 118741 250
1 119186 250
2 119408 250
1 119630 250
0 119852 394
1 120297 250
1 120963 250
2 121186 250
1 121408 250
1 121852 250
1 122297 250
1 122741 250
2 123852 442
2 124519 250
3 124741 250
2 124963 250
2 125408 250
2 125852 250
2 126297 250
3 126519 250
2 126741 250
4 126963 394
3 127408 442
3 128075 250
4 128297 250
3 128519 250
0 128963 250
0 129408 250
0 134519 250
6 134519 250
2 134519 3322
3 134741 250
6 134741 250
0 135186 250
6 135186 250
2 135408 250
6 135408 250
3 135630 250
6 135630 250
2 135852 250
6 135852 250
0 136297 250
6 136297 250
3 136519 250
6 136519 250
0 136963 250
6 136963 250
2 137186 250
6 137186 250
3 137408 250
6 137408 250
2 137630 250
6 137630 250
0 138075 250
6 138075 250
3 138297 250
6 138297 250
0 138741 250
6 138741 250
2 138963 250
6 138963 250
3 139186 250
6 139186 250
2 139408 250
6 139408 250
0 139852 250
6 139852 250
3 140075 250
6 140075 250
0 140519 250
6 140519 250
2 140741 250
6 140741 250
3 140963 250
6 140963 250
2 141186 250
6 141186 250
1 141630 250
6 141630 250
4 141852 250
6 141852 250
1 142297 250
6 142297 250
3 142519 250
6 142519 250
4 142741 250
6 142741 250
3 142963 250
6 142963 250
1 143408 250
6 143408 250
4 143630 250
6 143630 250
1 144075 250
6 144075 250
3 144297 250
6 144297 250
4 144519 250
6 144519 250
3 144741 250
6 144741 250
2 145186 250
6 145186 250
4 145408 250
6 145408 250
2 145852 250
6 145852 250
3 146075 250
6 146075 250
2 146297 250
6 146297 250
1 146741 250
6 146741 250
1 146963 250
6 146963 250
0 148741 250
6 148741 250
3 148963 250
6 148963 250
0 149408 250
6 149408 250
2 149630 250
6 149630 250
3 149852 250
6 149852 250
2 150075 250
6 150075 250
0 150519 250
6 150519 250
3 150741 250
6 150741 250
0 151186 250
6 151186 250
2 151408 250
6 151408 250
3 151630 250
6 151630 250
2 151852 250
6 151852 250
0 152297 250
6 152297 250
3 152519 250
6 152519 250
0 152963 250
6 152963 250
2 153186 250
6 153186 250
3 153408 250
6 153408 250
2 153630 250
6 153630 250
0 154075 250
6 154075 250
3 154297 250
6 154297 250
0 154741 250
6 154741 250
2 154963 250
6 154963 250
3 155186 250
6 155186 250
2 155408 250
6 155408 250
1 155852 250
6 155852 250
4 156075 250
6 156075 250
1 156519 250
6 156519 250
3 156741 250
6 156741 250
4 156963 250
6 156963 250
3 157186 250
6 157186 250
1 157630 250
6 157630 250
4 157852 250
6 157852 250
1 158297 250
6 158297 250
3 158519 250
6 158519 250
4 158741 250
6 158741 250
3 158963 250
6 158963 250
2 159408 250
6 159408 250
2 159408 1210
4 159630 250
6 159630 250
2 160075 250
6 160075 250
3 160297 250
6 160297 250
2 160519 250
6 160519 250
1 160963 250
6 160963 250
1 161186 250
6 161186 250
0 164741 634
0 166241 826
0 168741 634
0 170241 826
0 172741 634
0 174241 826
0 176741 634
0 178241 826
0 180741 634
0 182241 826
0 188741 634
0 190241 826
0 192741 634
0 194241 826
0 196741 634
0 198241 826
0 200741 634
0 202241 826
