2 5333 314
3 5333 314
2 5542 346
3 5542 346
2 7000 314
3 7000 314
2 7208 346
3 7208 346
2 8667 314
3 8667 314
2 8875 346
3 8875 346
2 10333 314
3 10333 314
2 10542 346
3 10542 346
1 12000 314
2 12000 314
1 12208 314
2 12208 314
2 12417 250
3 12625 506
2 13250 410
1 13667 314
2 13667 314
1 13875 314
2 13875 314
2 14083 250
3 14292 506
2 14917 410
1 15333 314
2 15333 314
1 15542 314
2 15542 314
2 15750 250
3 15958 506
2 16583 410
1 17000 314
2 17000 314
1 17208 314
2 17208 314
2 17417 250
4 17625 506
3 18250 410
2 18667 314
3 18667 314
2 18875 346
3 18875 346
2 20333 314
3 20333 314
2 20542 346
3 20542 346
2 22000 314
3 22000 314
2 22000 1786
2 22208 346
3 22208 346
2 23667 314
3 23667 314
2 23875 346
3 23875 346
1 25333 314
2 25333 314
1 25542 314
2 25542 314
2 25750 250
3 25958 506
2 26583 410
1 27000 314
2 27000 314
1 27208 314
2 27208 314
2 27417 250
3 27625 506
2 28250 410
1 28667 314
2 28667 314
1 28875 314
2 28875 314
2 29083 250
3 29292 506
2 29917 410
1 30333 314
2 30333 314
1 30542 314
2 30542 314
2 30750 250
4 30958 506
3 31583 410
0 32000 986
1 32417 410
3 32833 410
2 33250 410
0 33667 986
1 34083 410
3 34500 410
2 34917 410
0 35333 986
1 35750 410
3 36167 410
2 36583 410
0 37000 986
1 37417 410
4 37833 410
2 38250 410
2 38667 250
3 38667 250
2 38875 250
3 38875 250
2 39083 250
3 39083 250
2 39292 250
3 39292 250
2 39500 250
3 39500 250
2 39708 250
3 39708 250
2 39917 250
3 39917 250
2 40125 250
3 40125 250
1 40333 250
2 40333 250
1 40542 250
2 40542 250
1 40750 250
2 40750 250
1 40958 250
2 40958 250
1 41167 250
2 41167 250
1 41375 250
2 41375 250
1 41583 250
2 41583 250
1 41792 250
2 41792 250
2 42000 250
3 42000 250
2 42208 250
3 42208 250
2 42417 250
3 42417 250
2 42625 250
3 42625 250
2 42833 250
3 42833 250
2 43042 250
3 43042 250
2 43250 250
3 43250 250
2 43458 250
3 43458 250
1 43667 250
2 43667 250
2 43667 1018
1 43875 250
2 43875 250
1 44083 250
2 44083 250
1 44292 250
2 44292 250
1 44500 250
3 44500 250
1 44708 250
3 44708 250
1 44917 250
3 44917 250
1 45125 250
3 45125 250
2 45333 250
3 45333 250
2 45542 250
3 45542 250
2 45750 250
3 45750 250
2 45958 250
3 45958 250
2 46167 250
3 46167 250
2 46375 250
3 46375 250
2 46583 250
3 46583 250
2 46792 250
3 46792 250
1 47000 250
2 47000 250
1 47208 250
2 47208 250
1 47417 250
2 47417 250
1 47625 250
2 47625 250
1 47833 250
2 47833 250
1 48042 250
2 48042 250
1 48250 250
2 48250 250
1 48458 250
2 48458 250
0 48667 986
1 48667 986
0 50333 986
1 50333 986
0 52000 1754
2 55333 314
3 55333 314
2 55542 346
3 55542 346
2 57000 314
3 57000 314
2 57208 346
3 57208 346
2 58667 314
3 58667 314
2 58875 346
3 58875 346
2 60333 314
3 60333 314
2 60542 346
3 60542 346
1 62000 314
2 62000 314
1 62208 314
2 62208 314
2 62417 250
3 62625 506
2 63250 410
1 63667 314
2 63667 314
2 63667 1786
1 63875 314
2 63875 314
2 64083 250
3 64292 506
2 64917 410
1 65333 314
2 65333 314
1 65542 314
2 65542 314
2 65750 250
3 65958 506
2 66583 410
1 67000 314
2 67000 314
1 67208 314
2 67208 314
2 67417 250
4 67625 506
3 68250 410
2 68667 314
3 68667 314
2 68875 346
3 68875 346
2 70333 314
3 70333 314
2 70542 346
3 70542 346
2 72000 314
3 72000 314
2 72208 346
3 72208 346
2 73667 314
3 73667 314
2 73875 346
3 73875 346
1 75333 314
2 75333 314
1 75542 314
2 75542 314
2 75750 250
3 75958 506
2 76583 410
1 77000 314
2 77000 314
1 77208 314
2 77208 314
2 77417 250
3 77625 506
2 78250 410
1 78667 314
2 78667 314
1 78875 314
2 78875 314
2 79083 250
3 79292 506
2 79917 410
1 80333 314
2 80333 314
1 80542 314
2 80542 314
2 80750 250
4 80958 506
3 81583 410
0 82000 986
1 82417 410
3 82833 410
2 83250 410
0 83667 986
1 84083 410
3 84500 410
2 84917 410
0 85333 986
2 85333 1786
1 85750 410
3 86167 410
2 86583 410
0 87000 986
1 87417 410
4 87833 410
3 88250 410
0 88667 986
1 89083 410
3 89500 410
2 89917 410
0 90333 986
1 90750 410
4 91167 410
3 91583 410
0 92000 986
1 92417 410
4 92833 410
3 93250 410
0 93667 986
1 94083 410
4 94500 410
3 94917 410
2 95333 250
3 95333 250
2 95542 250
3 95542 250
2 95750 250
3 95750 250
2 95958 250
3 95958 250
2 96167 250
3 96167 250
2 96375 250
3 96375 250
2 96583 250
3 96583 250
2 96792 250
3 96792 250
1 97000 250
2 97000 250
1 97208 250
2 97208 250
1 97417 250
2 97417 250
1 97625 250
2 97625 250
1 97833 250
2 97833 250
1 98042 250
2 98042 250
1 98250 250
2 98250 250
1 98458 250
2 98458 250
2 98667 250
3 98667 250
2 98875 250
3 98875 250
2 99083 250
3 99083 250
2 99292 250
3 99292 250
2 99500 250
3 99500 250
2 99708 250
3 99708 250
2 99917 250
3 99917 250
2 100125 250
3 100125 250
1 100333 250
2 100333 250
1 100542 250
2 100542 250
1 100750 250
2 100750 250
1 100958 250
2 100958 250
1 101167 250
3 101167 250
1 101375 250
3 101375 250
1 101583 250
3 101583 250
1 101792 250
3 101792 250
2 102000 250
3 102000 250
2 102208 250
3 102208 250
2 102417 250
3 102417 250
2 102625 250
3 102625 250
2 102833 250
3 102833 250
2 103042 250
3 103042 250
2 103250 250
3 103250 250
2 103458 250
3 103458 250
1 103667 250
2 103667 250
1 103875 250
2 103875 250
1 104083 250
2 104083 250
1 104292 250
2 104292 250
1 104500 250
2 104500 250
1 104708 250
2 104708 250
1 104917 250
2 104917 250
1 105125 250
2 105125 250
0 105333 986
1 105333 986
2 105333 1498
0 107000 986
1 107000 986
3 108667 250
6 108667 250
2 109083 250
6 109083 250
3 109500 250
6 109500 250
4 109917 250
6 109917 250
3 110333 250
6 110333 250
2 110750 250
6 110750 250
3 111167 250
6 111167 250
3 111583 250
6 111583 250
2 112000 250
6 112000 250
1 112417 250
6 112417 250
2 112833 250
6 112833 250
3 113250 250
6 113250 250
1 113667 250
6 113667 250
0 114083 250
6 114083 250
1 114500 250
6 114500 250
2 114917 250
6 114917 250
3 115333 250
6 115333 250
2 115750 250
6 115750 250
3 116167 250
6 116167 250
4 116583 250
6 116583 250
3 117000 250
6 117000 250
2 117417 250
6 117417 250
3 117833 250
6 117833 250
3 118250 250
6 118250 250
2 118667 250
6 118667 250
1 119083 250
6 119083 250
2 119500 250
6 119500 250
3 119917 250
6 119917 250
1 120333 250
6 120333 250
0 120750 250
6 120750 250
1 121167 250
6 121167 250
2 121583 250
6 121583 250
2 122000 410
3 122000 410
2 122417 250
3 122417 250
2 122625 458
3 122625 458
2 123146 250
3 123146 250
2 123250 250
3 123250 250
2 123458 250
3 123458 250
1 123667 410
2 123667 410
1 124083 250
2 124083 250
1 124292 250
2 124292 250
1 124500 410
2 124500 410
1 124917 410
2 124917 410
2 125333 410
3 125333 410
2 125750 250
3 125750 250
2 125958 458
3 125958 458
2 126479 250
3 126479 250
2 126583 250
3 126583 250
2 126792 250
3 126792 250
1 127000 410
2 127000 410
2 127000 1018
1 127417 250
2 127417 250
1 127625 250
2 127625 250
1 127833 410
3 127833 410
1 128250 410
3 128250 410
2 128667 410
3 128667 410
2 129083 250
3 129083 250
2 129292 458
3 129292 458
2 129812 250
3 129812 250
2 129917 250
3 129917 250
2 130125 250
3 130125 250
1 130333 410
2 130333 410
1 130750 250
2 130750 250
1 130958 250
2 130958 250
1 131167 410
2 131167 410
1 131583 442
2 131583 442
7 132833 602
2 133667 250
3 133667 250
2 133875 250
3 133875 250
2 134083 250
3 134083 250
2 134292 250
3 134292 250
2 134500 250
3 134500 250
2 134708 250
3 134708 250
2 134917 250
3 134917 250
2 135125 250
3 135125 250
1 135333 250
2 135333 250
1 135542 250
2 135542 250
1 135750 250
2 135750 250
1 135958 250
2 135958 250
1 136167 250
2 136167 250
1 136375 250
2 136375 250
1 136583 250
2 136583 250
1 136792 250
2 136792 250
2 137000 250
3 137000 250
2 137208 250
3 137208 250
2 137417 250
3 137417 250
2 137625 250
3 137625 250
2 137833 250
3 137833 250
2 138042 250
3 138042 250
2 138250 250
3 138250 250
2 138458 250
3 138458 250
1 138667 250
2 138667 250
1 138875 250
2 138875 250
1 139083 250
2 139083 250
1 139292 250
2 139292 250
1 139500 250
3 139500 250
1 139708 250
3 139708 250
1 139917 250
3 139917 250
1 140125 250
3 140125 250
2 140333 250
3 140333 250
2 140542 250
3 140542 250
2 140750 250
3 140750 250
2 140958 250
3 140958 250
2 141167 250
3 141167 250
2 141375 250
3 141375 250
2 141583 250
3 141583 250
2 141792 250
3 141792 250
1 142000 250
2 142000 250
1 142208 250
2 142208 250
1 142417 250
2 142417 250
1 142625 250
2 142625 250
1 142833 250
2 142833 250
1 143042 250
2 143042 250
1 143250 250
2 143250 250
1 143458 250
2 143458 250
0 143667 986
1 143667 986
0 145333 986
1 145333 986
0 147000 986
1 147000 986
0 148667 986
1 148667 986
0 150333 442
1 150333 442
