0 2102 250
2 2102 250
0 2290 407
1 2290 407
1 2667 250
3 2667 250
1 2869 250
3 2869 250
1 3070 250
3 3070 250
1 3272 250
3 3272 250
1 3473 250
3 3473 250
1 3674 250
3 3674 250
1 3876 250
3 3876 250
1 4077 250
3 4077 250
3 4279 250
4 4279 250
3 4480 250
4 4480 250
3 4682 250
4 4682 250
3 4883 250
4 4883 250
3 5085 250
4 5085 250
3 5286 250
4 5286 250
3 5488 250
4 5488 250
3 5689 250
4 5689 250
0 5891 250
2 5891 250
0 6092 250
2 6092 250
0 6294 250
2 6294 250
0 6495 250
2 6495 250
0 6697 250
2 6697 250
0 6898 250
2 6898 250
0 7100 250
2 7100 250
0 7301 250
2 7301 250
0 7503 250
2 7503 250
1 7704 250
1 7905 250
1 8106 250
1 8307 250
0 8507 250
1 8507 250
0 8708 250
1 8708 250
0 8909 250
1 8909 250
1 9110 250
3 9110 250
1 9314 250
3 9314 250
1 9517 250
3 9517 250
1 9721 250
3 9721 250
1 9924 250
3 9924 250
1 10128 250
3 10128 250
1 10332 250
3 10332 250
1 10535 250
3 10535 250
3 10739 250
4 10739 250
3 10947 250
4 10947 250
3 11155 250
4 11155 250
3 11363 250
4 11363 250
3 11571 250
4 11571 250
3 11779 250
4 11779 250
3 11987 250
4 11987 250
3 12195 250
4 12195 250
0 12404 250
2 12404 250
0 12606 250
2 12606 250
0 12808 250
2 12808 250
0 13010 250
2 13010 250
0 13212 250
2 13212 250
0 13414 250
2 13414 250
0 13616 250
2 13616 250
0 13818 250
2 13818 250
0 14020 250
2 14020 250
2 14020 1066
1 14221 250
1 14421 250
1 14621 250
1 14822 250
0 15022 250
1 15022 250
0 15222 250
1 15222 250
0 15423 250
1 15423 250
1 15623 250
3 15623 250
1 15823 250
3 15823 250
1 16023 250
3 16023 250
1 16224 250
3 16224 250
1 16424 250
3 16424 250
1 16624 250
3 16624 250
1 16825 250
3 16825 250
1 17025 250
3 17025 250
0 17225 250
2 17225 250
0 17425 250
2 17425 250
0 17626 250
2 17626 250
0 17826 250
2 17826 250
0 18026 250
2 18026 250
0 18226 250
2 18226 250
0 18426 250
2 18426 250
0 18627 250
2 18627 250
0 18827 250
1 18827 250
0 19027 250
1 19027 250
0 19227 250
1 19227 250
0 19428 250
1 19428 250
0 19628 250
1 19628 250
0 19828 250
1 19828 250
0 20029 250
1 20029 250
0 20229 250
1 20229 250
0 20429 250
2 20429 250
0 20633 250
2 20633 250
0 20836 250
2 20836 250
0 21040 250
2 21040 250
0 21243 250
2 21243 250
0 21447 250
2 21447 250
0 21650 250
2 21650 250
0 21854 250
2 21854 250
1 22057 250
3 22057 250
1 22260 250
3 22260 250
1 22463 250
3 22463 250
1 22665 250
3 22665 250
1 22868 250
3 22868 250
1 23071 250
3 23071 250
1 23274 250
3 23274 250
1 23476 250
3 23476 250
0 23679 250
2 23679 250
0 23882 250
2 23882 250
0 24085 250
2 24085 250
0 24287 250
2 24287 250
0 24490 250
2 24490 250
0 24693 250
2 24693 250
0 24896 250
2 24896 250
0 25098 250
2 25098 250
0 25301 250
1 25301 250
0 25498 250
1 25498 250
0 25695 250
1 25695 250
0 25892 250
1 25892 250
0 26089 250
1 26089 250
0 26285 250
1 26285 250
0 26482 250
1 26482 250
0 26679 250
1 26679 250
0 26876 250
2 26876 250
0 27069 250
2 27069 250
0 27262 250
2 27262 250
0 27456 250
2 27456 250
0 27649 250
2 27649 250
0 27842 250
2 27842 250
0 28036 250
2 28036 250
0 28229 250
2 28229 250
1 28422 250
3 28422 250
1 28622 250
3 28622 250
1 28822 250
3 28822 250
1 29022 250
3 29022 250
1 29222 250
3 29222 250
1 29422 250
3 29422 250
1 29622 250
3 29622 250
1 29822 250
3 29822 250
0 30022 250
2 30022 250
2 30022 1066
0 30222 250
2 30222 250
0 30422 250
2 30422 250
0 30622 250
2 30622 250
0 30822 250
2 30822 250
0 31022 250
2 31022 250
0 31222 250
2 31222 250
0 31422 250
2 31422 250
0 31622 250
1 31622 250
0 31821 250
1 31821 250
0 32020 250
1 32020 250
0 32220 250
1 32220 250
0 32419 250
1 32419 250
0 32619 250
1 32619 250
0 32818 250
1 32818 250
0 33017 250
1 33017 250
0 33217 250
2 33217 250
0 33419 250
2 33419 250
0 33622 250
2 33622 250
0 33824 250
2 33824 250
0 34027 250
2 34027 250
0 34229 250
2 34229 250
0 34432 250
2 34432 250
0 34634 250
2 34634 250
1 34837 250
3 34837 250
1 35039 250
3 35039 250
1 35241 250
3 35241 250
1 35444 250
3 35444 250
1 35646 250
3 35646 250
1 35849 250
3 35849 250
1 36051 250
3 36051 250
1 36254 250
3 36254 250
0 36456 250
2 36456 250
0 36659 250
2 36659 250
0 36861 250
2 36861 250
0 37064 250
2 37064 250
0 37266 250
2 37266 250
0 37469 250
2 37469 250
0 37671 250
2 37671 250
0 37874 250
2 37874 250
0 38076 250
1 38076 250
0 38278 250
1 38278 250
0 38480 250
1 38480 250
0 38681 250
1 38681 250
0 38883 250
1 38883 250
0 39085 250
1 39085 250
0 39286 250
1 39286 250
0 39488 250
1 39488 250
0 39690 250
2 39690 250
0 39891 250
2 39891 250
0 40093 250
2 40093 250
0 40295 250
2 40295 250
0 40497 250
2 40497 250
0 40698 250
2 40698 250
0 40900 250
2 40900 250
1 41102 250
3 41102 250
1 41202 250
3 41202 250
1 41303 3288
3 41303 3288
1 47716 250
3 47716 250
1 47919 250
3 47919 250
1 48123 250
3 48123 250
1 48326 250
3 48326 250
1 48530 250
3 48530 250
1 48733 250
3 48733 250
1 48937 250
3 48937 250
1 49140 250
3 49140 250
1 49344 250
3 49344 250
1 49546 250
3 49546 250
1 49748 250
3 49748 250
1 49950 250
3 49950 250
1 50152 250
3 50152 250
1 50354 250
3 50354 250
1 50556 250
3 50556 250
1 50758 250
3 50758 250
0 50961 250
2 50961 250
2 50961 1834
0 51163 250
2 51163 250
0 51366 250
2 51366 250
0 51568 250
2 51568 250
0 51771 250
2 51771 250
0 51973 250
2 51973 250
0 52176 250
2 52176 250
0 52378 250
2 52378 250
0 52581 250
1 52581 250
0 52783 250
1 52783 250
0 52986 250
1 52986 250
0 53188 250
1 53188 250
0 53391 250
1 53391 250
0 53593 250
1 53593 250
0 53796 250
1 53796 250
0 53998 250
1 53998 250
1 54201 250
3 54201 250
1 54403 250
3 54403 250
1 54605 250
3 54605 250
1 54806 250
3 54806 250
1 55008 250
3 55008 250
1 55210 250
3 55210 250
1 55412 250
3 55412 250
1 55614 250
3 55614 250
1 55815 250
3 55815 250
1 56017 250
3 56017 250
1 56219 250
3 56219 250
1 56421 250
3 56421 250
1 56622 250
3 56622 250
1 56824 250
3 56824 250
1 57026 250
3 57026 250
1 57228 250
3 57228 250
0 57430 250
2 57430 250
0 57629 250
2 57629 250
0 57829 250
2 57829 250
0 58028 250
2 58028 250
0 58228 250
2 58228 250
0 58427 250
2 58427 250
0 58627 250
2 58627 250
0 58826 250
2 58826 250
0 59026 250
1 59026 250
0 59227 250
1 59227 250
0 59429 250
1 59429 250
0 59631 250
1 59631 250
0 59833 250
1 59833 250
0 60034 250
1 60034 250
0 60236 250
1 60236 250
0 60438 250
1 60438 250
1 60639 250
3 60639 250
1 60844 250
3 60844 250
1 61048 250
3 61048 250
1 61252 250
3 61252 250
1 61457 250
3 61457 250
1 61661 250
3 61661 250
1 61865 250
3 61865 250
1 62070 250
3 62070 250
3 62274 250
4 62274 250
3 62478 250
4 62478 250
3 62683 250
4 62683 250
3 62887 250
4 62887 250
3 63091 250
4 63091 250
3 63296 250
4 63296 250
3 63500 250
4 63500 250
3 63704 250
4 63704 250
0 63909 250
2 63909 250
0 64113 250
2 64113 250
0 64317 250
2 64317 250
0 64521 250
2 64521 250
0 64726 250
2 64726 250
0 64930 250
2 64930 250
0 65134 250
2 65134 250
0 65339 250
2 65339 250
0 65543 250
2 65543 250
1 65747 250
1 65950 250
1 66154 250
1 66358 250
0 66562 250
1 66562 250
0 66765 250
1 66765 250
0 66969 250
1 66969 250
1 67173 250
3 67173 250
1 67379 250
3 67379 250
1 67585 250
3 67585 250
1 67791 250
3 67791 250
1 67997 250
3 67997 250
1 68203 250
3 68203 250
1 68409 250
3 68409 250
1 68615 250
3 68615 250
3 68821 250
4 68821 250
2 68821 1066
3 69027 250
4 69027 250
3 69233 250
4 69233 250
3 69439 250
4 69439 250
3 69645 250
4 69645 250
3 69851 250
4 69851 250
3 70057 250
4 70057 250
3 70263 250
4 70263 250
0 70469 250
2 70469 250
0 70674 250
2 70674 250
0 70879 250
2 70879 250
0 71083 250
2 71083 250
0 71288 250
2 71288 250
0 71492 250
2 71492 250
0 71697 250
2 71697 250
0 71901 250
2 71901 250
0 72106 250
2 72106 250
1 72312 250
1 72517 250
1 72723 250
1 72929 250
0 73134 250
1 73134 250
0 73340 250
1 73340 250
0 73546 250
1 73546 250
1 73752 250
3 73752 250
1 73955 250
3 73955 250
1 74158 250
3 74158 250
1 74361 250
3 74361 250
1 74564 250
3 74564 250
1 74767 250
3 74767 250
1 74970 250
3 74970 250
1 75173 250
3 75173 250
0 75376 250
2 75376 250
0 75581 250
2 75581 250
0 75786 250
2 75786 250
0 75991 250
2 75991 250
0 76197 250
2 76197 250
0 76402 250
2 76402 250
0 76607 250
2 76607 250
0 76812 250
2 76812 250
0 77017 250
1 77017 250
0 77221 250
1 77221 250
0 77425 250
1 77425 250
0 77628 250
1 77628 250
0 77832 250
1 77832 250
0 78036 250
1 78036 250
0 78240 250
1 78240 250
0 78443 250
1 78443 250
0 78647 250
2 78647 250
0 78851 250
2 78851 250
0 79055 250
2 79055 250
0 79259 250
2 79259 250
0 79462 250
2 79462 250
0 79666 250
2 79666 250
0 79870 250
2 79870 250
0 80074 250
2 80074 250
1 80277 250
3 80277 250
1 80482 250
3 80482 250
1 80686 250
3 80686 250
1 80890 250
3 80890 250
1 81095 250
3 81095 250
1 81299 250
3 81299 250
1 81503 250
3 81503 250
1 81708 250
3 81708 250
0 81912 250
2 81912 250
0 82117 250
2 82117 250
0 82321 250
2 82321 250
0 82526 250
2 82526 250
0 82730 250
2 82730 250
0 82935 250
2 82935 250
0 83139 250
2 83139 250
0 83344 250
2 83344 250
0 83549 250
1 83549 250
0 83753 250
1 83753 250
0 83957 250
1 83957 250
0 84161 250
1 84161 250
0 84365 250
1 84365 250
0 84569 250
1 84569 250
0 84773 250
1 84773 250
0 84977 250
1 84977 250
0 85181 250
2 85181 250
2 85181 1114
0 85388 250
2 85388 250
0 85595 250
2 85595 250
0 85801 250
2 85801 250
0 86008 250
2 86008 250
0 86215 250
2 86215 250
0 86422 250
2 86422 250
1 86628 250
3 86628 250
1 86732 250
3 86732 250
1 86835 3288
3 86835 3288
1 93310 250
3 93310 250
1 93514 250
3 93514 250
1 93718 250
3 93718 250
1 93922 250
3 93922 250
1 94126 250
3 94126 250
1 94330 250
3 94330 250
1 94534 250
3 94534 250
1 94739 250
3 94739 250
1 94943 250
3 94943 250
1 95146 250
3 95146 250
1 95349 250
3 95349 250
1 95552 250
3 95552 250
1 95755 250
3 95755 250
1 95958 250
3 95958 250
1 96162 250
3 96162 250
1 96365 250
3 96365 250
0 96568 250
2 96568 250
0 96770 250
2 96770 250
0 96973 250
2 96973 250
0 97176 250
2 97176 250
0 97378 250
2 97378 250
0 97581 250
2 97581 250
0 97783 250
2 97783 250
0 97986 250
2 97986 250
0 98188 250
1 98188 250
0 98391 250
1 98391 250
0 98593 250
1 98593 250
0 98796 250
1 98796 250
0 98998 250
1 98998 250
0 99201 250
1 99201 250
0 99403 250
1 99403 250
0 99606 250
1 99606 250
1 99809 250
3 99809 250
1 100011 250
3 100011 250
1 100214 250
3 100214 250
1 100416 250
3 100416 250
1 100619 250
3 100619 250
1 100821 250
3 100821 250
1 101024 250
3 101024 250
1 101227 250
3 101227 250
1 101429 250
3 101429 250
1 101632 250
3 101632 250
1 101835 250
3 101835 250
1 102039 250
3 102039 250
1 102242 250
3 102242 250
1 102445 250
3 102445 250
1 102648 250
3 102648 250
1 102851 250
3 102851 250
0 103054 250
2 103054 250
0 103257 250
2 103257 250
0 103460 250
2 103460 250
0 103663 250
2 103663 250
0 103867 250
2 103867 250
0 104070 250
2 104070 250
0 104273 250
2 104273 250
0 104476 250
2 104476 250
0 104679 250
1 104679 250
2 104679 1210
0 104884 250
1 104884 250
0 105089 250
1 105089 250
0 105295 250
1 105295 250
0 105500 250
1 105500 250
0 105705 250
1 105705 250
0 105910 250
1 105910 250
0 106116 250
1 106116 250
1 106321 3290
3 106321 3290
4 112879 250
2 113082 250
4 113284 250
2 113487 250
4 113689 250
2 113892 250
4 114095 250
2 114297 250
4 114500 250
2 114701 250
4 114903 250
2 115104 250
4 115306 250
2 115507 250
4 115709 250
2 115911 250
4 116112 250
2 116313 250
4 116514 250
2 116714 250
4 116915 250
2 117116 250
4 117317 250
2 117517 250
3 117718 250
2 117919 250
3 118120 250
2 118320 250
3 118521 250
2 118722 250
3 118923 250
2 119123 250
4 119324 250
2 119527 250
4 119730 250
2 119932 250
4 120135 250
2 120338 250
4 120541 250
2 120743 250
4 120946 250
2 121148 250
4 121350 250
2 121552 250
4 121754 250
2 121956 250
4 122158 250
2 122360 250
4 122562 250
2 122764 250
4 122967 250
2 123170 250
4 123373 250
2 123576 250
4 123779 250
2 123982 250
3 124185 250
2 124383 250
3 124581 250
2 124780 250
3 124978 250
2 125176 250
3 125375 250
2 125573 250
4 125771 250
2 125771 1066
2 125967 250
4 126163 250
2 126358 250
4 126554 250
2 126749 250
4 126945 250
2 127140 250
4 127336 250
2 127535 250
4 127735 250
2 127934 250
4 128134 250
2 128334 250
4 128533 250
2 128733 250
4 128932 250
2 129131 250
4 129329 250
2 129527 250
4 129726 250
2 129924 250
4 130122 250
2 130321 250
3 130519 250
2 130715 250
3 130911 250
2 131107 250
3 131303 250
2 131499 250
3 131695 250
2 131891 250
1 132087 250
3 132087 250
1 132289 250
3 132289 250
1 132491 250
3 132491 250
1 132693 250
3 132693 250
1 132894 250
3 132894 250
1 133096 250
3 133096 250
1 133298 250
3 133298 250
1 133499 250
3 133499 250
1 133701 250
3 133701 250
1 133908 250
3 133908 250
1 134115 250
3 134115 250
1 134321 250
3 134321 250
1 134528 250
3 134528 250
1 134734 250
3 134734 250
1 134941 250
3 134941 250
1 135148 250
3 135148 250
0 135354 250
2 135354 250
0 135560 250
2 135560 250
0 135766 250
2 135766 250
0 135972 250
2 135972 250
0 136177 250
2 136177 250
0 136383 250
2 136383 250
0 136589 250
2 136589 250
0 136794 250
2 136794 250
0 137000 250
1 137000 250
0 137209 250
1 137209 250
0 137417 250
1 137417 250
0 137626 250
1 137626 250
0 137834 250
1 137834 250
0 138043 250
1 138043 250
0 138251 250
1 138251 250
0 138460 250
1 138460 250
1 138668 250
3 138668 250
1 138874 250
3 138874 250
1 139080 250
3 139080 250
1 139285 250
3 139285 250
1 139491 250
3 139491 250
1 139697 250
3 139697 250
1 139903 250
3 139903 250
1 140108 250
3 140108 250
1 140314 250
3 140314 250
1 140520 250
3 140520 250
1 140726 250
3 140726 250
1 140932 250
3 140932 250
1 141138 250
3 141138 250
1 141344 250
3 141344 250
1 141550 250
3 141550 250
1 141756 250
3 141756 250
0 141962 250
2 141962 250
2 141962 1834
0 142168 250
2 142168 250
0 142373 250
2 142373 250
0 142579 250
2 142579 250
0 142784 250
2 142784 250
0 142990 250
2 142990 250
0 143195 250
2 143195 250
0 143400 250
2 143400 250
0 143606 250
1 143606 250
0 143812 250
1 143812 250
0 144019 250
1 144019 250
0 144226 250
1 144226 250
0 144432 250
1 144432 250
0 144639 250
1 144639 250
0 144845 250
1 144845 250
0 145052 250
1 145052 250
1 145258 250
3 145258 250
1 145466 250
3 145466 250
1 145674 250
3 145674 250
1 145882 250
3 145882 250
1 146089 250
3 146089 250
1 146297 250
3 146297 250
1 146505 250
3 146505 250
1 146713 250
3 146713 250
1 146920 250
3 146920 250
1 147120 250
3 147120 250
1 147319 250
3 147319 250
1 147519 250
3 147519 250
1 147718 250
3 147718 250
1 147918 250
3 147918 250
1 148117 250
3 148117 250
1 148317 250
3 148317 250
0 148516 250
2 148516 250
0 148718 250
2 148718 250
0 148920 250
2 148920 250
0 149122 250
2 149122 250
0 149324 250
2 149324 250
0 149526 250
2 149526 250
0 149728 250
2 149728 250
0 149930 250
2 149930 250
0 150132 250
0 150337 250
0 150541 410
1 150541 410
0 150951 250
0 151155 250
0 151360 410
1 151360 410
1 151770 250
3 151770 250
1 151969 250
3 151969 250
1 152169 250
3 152169 250
1 152369 250
3 152369 250
1 152569 250
3 152569 250
1 152769 250
3 152769 250
1 152969 250
3 152969 250
1 153169 250
3 153169 250
1 153369 250
3 153369 250
1 153571 250
3 153571 250
1 153774 250
3 153774 250
1 153977 250
3 153977 250
1 154179 250
3 154179 250
1 154382 250
3 154382 250
1 154585 250
3 154585 250
1 154787 250
3 154787 250
0 154990 250
2 154990 250
0 155198 250
2 155198 250
0 155406 250
2 155406 250
0 155613 250
2 155613 250
0 155821 250
2 155821 250
0 156029 250
2 156029 250
0 156237 250
2 156237 250
0 156445 250
2 156445 250
0 156652 250
0 156852 250
0 157052 409
1 157052 409
0 157451 250
0 157650 250
0 157850 409
1 157850 409
0 158249 250
0 158450 250
0 158652 409
1 158652 409
0 159055 250
0 159256 250
0 159458 409
1 159458 409
1 159861 3322
3 159861 3322
