0 15377 250
1 15494 250
2 15610 250
2 16091 250
2 16452 250
2 16572 250
3 16692 250
2 16813 250
1 16933 250
2 17053 250
0 17293 250
1 17414 250
2 17534 250
2 17654 250
2 18016 250
2 18378 250
2 18498 250
3 18619 250
2 18739 250
1 18860 250
2 18980 250
0 19221 250
1 19342 250
2 19462 250
2 19941 250
2 20300 250
2 20419 250
3 20539 250
2 20659 250
1 20778 250
2 20898 250
0 21137 250
1 21257 250
2 21377 250
2 21498 250
2 21860 250
2 22101 874
2 22222 250
2 22343 250
3 22463 250
2 22584 250
1 22705 250
2 22826 250
0 23067 250
0 23188 250
0 23309 394
2 23792 394
2 24276 490
2 25002 250
2 25123 250
3 25244 250
4 25487 250
3 25731 250
4 25812 250
3 25893 250
2 25974 250
2 26218 394
0 26705 250
1 26949 250
2 27192 394
2 27680 394
2 28168 394
0 28656 250
1 28900 250
3 29144 250
3 29387 250
4 29468 250
3 29549 250
2 29630 250
1 29872 250
0 30115 490
0 30843 250
0 30964 250
0 31085 394
2 31571 394
2 32057 490
2 32785 250
2 32907 250
3 33028 250
4 33273 250
3 33517 250
4 33598 250
3 33680 250
2 33761 250
2 34005 394
0 34494 250
1 34738 250
2 34982 394
2 35470 394
2 35958 394
0 36447 250
1 36691 250
3 36935 250
2 36935 1066
3 37178 250
4 37259 250
3 37340 250
2 37421 250
1 37665 250
0 37908 490
1 38638 250
1 38760 250
1 38882 250
2 38882 250
1 39247 250
1 39369 250
2 39369 250
1 39613 250
1 39734 250
1 39856 250
1 39978 250
2 39978 250
1 40100 250
5 40100 250
1 40222 250
1 40344 250
2 40344 250
1 40587 250
1 40709 250
2 40709 250
1 40831 250
2 40831 250
1 40953 250
2 40953 250
1 41076 250
5 41076 250
1 41198 250
1 41320 250
2 41320 250
1 41565 250
1 41687 250
1 41810 250
1 41932 250
2 41932 250
1 42054 250
5 42054 250
1 42177 250
1 42299 250
2 42299 250
1 42544 250
1 42666 250
1 42788 250
3 42788 250
1 43031 250
1 43152 250
1 43273 250
3 43273 250
2 43515 250
2 43637 250
2 43758 250
4 43758 250
2 43879 250
4 43879 250
2 44000 250
5 44000 250
2 44122 250
2 44243 250
4 44243 250
1 44485 250
2 44485 250
1 44606 250
2 44606 250
1 44728 250
2 44728 250
1 44971 250
1 45093 250
1 45215 250
2 45215 250
1 45581 250
3 45581 250
1 45825 250
2 45825 250
1 46069 250
1 46191 250
2 46191 250
1 46434 250
1 46556 250
1 46678 250
2 46678 250
1 47041 250
1 47162 250
2 47162 250
1 47404 250
1 47525 250
2 47525 250
1 47767 250
2 47767 250
1 47888 250
5 47888 250
1 48009 250
1 48130 250
2 48130 250
1 48372 250
1 48493 250
1 48614 250
2 48614 250
1 48735 250
2 48735 250
1 48856 250
5 48856 250
1 48978 250
1 49099 250
2 49099 250
1 49342 250
1 49463 250
2 49463 250
1 49584 250
5 49584 250
1 49706 250
2 49706 250
1 49827 250
5 49827 250
1 49948 250
1 50070 250
2 50070 250
1 50312 250
1 50434 250
1 50555 250
3 50555 250
1 50798 250
1 50919 250
1 51041 250
3 51041 250
2 51283 250
2 51405 250
2 51526 250
4 51526 250
2 51647 250
4 51647 250
2 51769 250
5 51769 250
2 51890 250
2 52011 250
4 52011 250
1 52254 250
2 52254 250
1 52376 250
2 52376 250
1 52497 250
2 52497 250
1 52618 250
5 52618 250
1 52740 250
1 52861 250
1 52983 250
2 52983 250
2 53104 922
1 53225 250
1 53347 250
3 53347 250
1 53589 250
2 53589 250
1 53832 250
1 53954 250
2 53954 250
0 54196 250
1 54318 250
2 54439 250
2 54904 250
2 55369 250
3 55485 250
2 55601 250
1 55717 250
2 55833 250
0 56065 250
1 56182 250
2 56298 250
2 56416 250
2 56772 250
2 57127 250
2 57246 250
3 57364 250
2 57483 250
1 57601 250
2 57720 250
0 57957 250
1 58075 250
2 58194 250
2 58665 250
2 59137 250
3 59255 250
2 59373 250
1 59491 250
2 59609 250
0 59844 250
1 59962 250
2 60080 250
2 60198 250
2 60552 250
2 61024 250
3 61142 250
2 61260 250
1 61378 250
2 61496 250
0 61969 394
6 61969 250
0 62444 250
6 62444 250
0 62919 250
6 62919 250
1 63038 250
6 63038 250
2 63157 250
6 63157 250
3 63275 250
6 63275 250
4 63394 250
6 63394 250
4 63632 250
6 63632 250
3 63751 250
6 63751 250
4 63870 250
6 63870 250
3 64105 250
6 64105 250
4 64341 250
6 64341 250
2 64576 394
6 64576 250
1 65047 250
6 65047 250
2 65282 250
6 65282 250
0 65753 394
6 65753 250
0 66227 250
6 66227 250
0 66701 250
6 66701 250
1 66820 250
6 66820 250
2 66938 250
6 66938 250
3 67057 250
6 67057 250
4 67176 250
6 67176 250
2 67413 250
6 67413 250
3 67531 250
6 67531 250
4 67650 250
6 67650 250
2 67767 1114
0 67885 250
6 67885 250
1 68120 250
6 68120 250
2 68355 394
6 68355 250
3 68826 250
4 68904 250
3 68983 250
2 69061 250
1 69297 250
0 69532 250
0 70014 250
1 70250 250
1 70722 250
2 70722 250
2 70958 250
1 71076 250
0 71194 250
1 71430 250
1 71665 250
1 71783 250
1 71901 250
1 72136 250
1 72607 250
2 72607 250
2 72843 250
1 73078 250
2 73314 250
3 73432 250
1 73551 250
5 73551 250
1 73669 250
1 73788 250
1 74025 250
3 74025 250
1 74500 250
3 74737 250
2 75212 250
4 75212 250
1 75683 250
1 75919 250
3 75919 250
2 76390 250
2 76626 250
3 76744 250
0 76862 250
0 77097 250
1 77572 250
2 77572 250
1 77810 250
1 78285 250
1 78759 250
1 78997 250
2 78997 250
1 79235 250
1 79354 250
3 79473 250
5 79473 250
1 79711 250
0 80186 250
1 80424 250
2 80662 250
3 80900 250
3 81018 250
3 81253 250
1 81371 250
5 81371 250
1 81607 250
3 81607 250
1 82078 250
2 82078 250
1 82313 250
3 82313 250
2 82784 250
4 82784 250
2 82784 1162
2 83022 250
4 83022 250
1 83498 250
3 83498 250
1 83973 250
2 83973 250
1 84211 250
3 84211 250
1 84687 250
1 85042 250
0 85160 250
1 85397 250
2 85397 250
1 85870 250
2 85870 250
2 86106 250
1 86224 250
0 86342 250
1 86579 250
1 86816 250
1 87053 250
2 87053 250
1 87289 250
0 87763 250
1 88000 250
1 88237 250
1 88474 250
3 88591 250
1 88709 250
3 88827 250
1 88945 250
1 89180 250
3 89180 250
1 89651 250
2 89651 250
1 89886 250
3 89886 250
2 90357 250
4 90357 250
2 90477 250
4 90477 250
1 90835 250
3 90835 250
2 91073 250
4 91073 250
1 91551 250
3 91551 250
2 91789 250
4 91789 250
1 92267 250
0 92738 250
1 92974 250
1 93445 250
2 93445 250
2 93681 250
1 93799 250
0 93917 250
1 94153 250
1 94271 250
1 94389 250
1 94507 250
0 94625 250
5 94625 250
1 94861 250
1 95334 250
2 95334 250
2 95570 250
1 95688 250
0 95806 250
1 96043 250
3 96043 250
1 96517 250
2 96754 250
4 96754 250
2 96991 250
1 97229 250
3 97229 250
2 97466 250
4 97466 250
1 97940 250
2 97940 1114
1 98294 250
0 98411 250
1 98647 250
3 98647 250
1 99119 250
1 99354 250
3 99354 250
0 99826 394
2 99826 394
0 100299 394
2 100299 394
1 100771 250
2 100771 250
1 101008 250
2 101008 250
1 101244 250
2 101244 250
1 101481 250
1 101717 250
3 101717 250
1 101954 250
3 101954 250
1 102190 250
3 102190 250
0 102427 250
0 102663 250
2 102663 250
0 102900 250
2 102900 250
0 103136 250
2 103136 250
3 103373 250
3 103491 250
3 103609 394
4 103609 394
3 104082 250
4 104082 250
2 104318 250
2 104555 250
4 104555 250
2 104791 250
4 104791 250
2 105028 250
4 105028 250
0 105264 250
0 105383 250
0 105501 250
2 105501 250
0 105737 250
2 105737 250
0 105973 250
2 105973 250
0 106209 250
4 106445 250
6 106445 250
4 106563 250
6 106563 250
4 106681 250
6 106681 250
4 106799 250
6 106799 250
3 106917 250
6 106917 250
4 107153 250
6 107153 250
0 107389 394
2 107389 394
0 107862 394
2 107862 394
1 108335 250
2 108335 250
1 108571 250
2 108571 250
1 108808 250
2 108808 250
1 109044 250
1 109281 250
3 109281 250
1 109519 250
3 109519 250
1 109758 250
3 109758 250
0 109996 250
0 110235 250
2 110235 250
0 110473 250
2 110473 250
0 110712 250
2 110712 250
3 110951 250
3 111189 394
4 111189 394
3 111660 250
4 111660 250
2 111896 250
2 112131 250
4 112131 250
2 112367 250
4 112367 250
2 112602 250
4 112602 250
0 112838 250
0 113073 250
2 113073 250
0 113310 250
2 113310 250
0 113546 250
2 113546 250
0 113782 250
0 114018 250
2 114018 250
0 114255 250
2 114255 250
0 114491 250
2 114491 250
0 114727 250
1 114964 250
6 114964 250
0 115084 250
6 115084 250
1 115205 250
6 115205 250
2 115326 250
6 115326 250
3 115447 250
6 115447 250
1 115564 250
6 115564 250
2 115682 250
6 115682 250
3 115800 250
6 115800 250
4 115917 250
6 115917 250
4 116387 250
6 116387 250
3 116510 250
6 116510 250
0 116881 586
6 116881 250
1 117814 394
6 117814 250
3 118280 394
6 118280 250
2 118747 778
6 118747 250
1 120161 250
6 120161 250
2 120398 250
6 120398 250
3 120634 394
6 120634 250
1 121108 394
6 121108 250
2 121582 394
6 121582 250
1 122056 394
6 122056 250
0 122529 586
6 122529 250
2 122529 1066
3 123471 346
2 123823 346
1 124174 250
0 124409 586
1 125346 394
6 125346 250
2 125815 394
6 125815 250
3 126284 778
6 126284 250
4 127692 250
6 127692 250
3 127927 250
6 127927 250
2 128162 586
6 128162 250
3 129099 346
2 129450 346
1 129801 250
3 130036 682
4 131204 250
6 131204 250
3 131320 250
6 131320 250
4 131436 250
6 131436 250
4 131668 250
6 131668 250
3 131784 250
6 131784 250
0 131900 394
6 131900 250
0 132377 250
6 132377 250
0 132855 250
6 132855 250
1 132974 250
6 132974 250
2 133093 250
6 133093 250
3 133213 250
6 133213 250
4 133332 250
6 133332 250
4 133571 250
6 133571 250
3 133690 250
6 133690 250
4 133809 250
6 133809 250
3 134048 250
6 134048 250
4 134287 250
6 134287 250
2 134523 394
6 134523 250
1 134996 250
6 134996 250
2 135232 250
6 135232 250
0 135703 394
6 135703 250
0 136174 250
6 136174 250
0 136645 250
6 136645 250
1 136763 250
6 136763 250
2 136880 250
6 136880 250
3 136998 250
6 136998 250
4 137116 250
6 137116 250
2 137351 250
6 137351 250
3 137469 250
6 137469 250
4 137587 250
6 137587 250
0 137821 250
6 137821 250
1 138054 250
6 138054 250
2 138288 394
6 138288 250
3 138756 250
6 138756 250
2 138872 250
6 138872 250
1 138989 250
6 138989 250
2 139225 250
6 139225 250
1 139343 250
6 139343 250
0 139461 394
6 139461 250
0 139932 250
6 139932 250
0 140403 250
6 140403 250
1 140521 250
6 140521 250
2 140639 250
6 140639 250
3 140757 250
6 140757 250
4 140875 250
6 140875 250
4 141110 250
6 141110 250
3 141228 250
6 141228 250
4 141346 250
6 141346 250
3 141579 250
6 141579 250
4 141813 250
6 141813 250
2 142046 394
6 142046 250
1 142513 250
6 142513 250
2 142746 250
6 142746 250
0 143216 394
6 143216 250
0 143686 394
6 143686 250
0 144156 250
6 144156 250
1 144274 250
6 144274 250
2 144391 250
6 144391 250
3 144509 250
6 144509 250
4 144626 250
6 144626 250
2 144861 250
6 144861 250
3 144979 250
6 144979 250
4 145096 250
6 145096 250
2 145214 1114
0 145331 250
6 145331 250
1 145566 250
6 145566 250
2 145801 394
6 145801 250
1 146271 250
3 146271 250
2 146506 250
4 146506 250
0 146741 250
0 146858 250
0 146976 394
2 147451 346
2 147926 490
2 148638 250
2 148757 250
3 148876 250
4 149113 250
3 149351 250
4 149430 250
3 149509 250
2 149588 250
2 149826 346
2 150182 250
0 150301 250
1 150538 250
2 150776 394
2 151251 250
2 151726 394
0 152201 250
1 152439 250
3 152678 250
3 152917 250
4 152996 250
3 153076 250
2 153155 250
1 153394 250
0 153633 778
0 155046 250
1 155280 250
1 155514 250
2 155514 250
2 155983 250
0 156220 250
1 156458 250
1 156695 250
1 156814 250
1 156933 250
1 157170 250
1 157645 250
2 157645 250
1 157883 250
1 158119 250
1 158356 250
3 158356 250
1 158592 250
1 158710 250
1 158829 250
1 159065 250
3 159065 250
1 159538 250
1 159775 250
3 159775 250
2 160248 250
4 160248 250
1 160484 250
1 160603 250
1 160721 250
1 160958 250
3 160958 250
1 161433 250
2 161433 250
1 161671 250
3 161671 250
2 161907 250
3 161907 250
1 162497 250
0 162615 250
1 162851 250
1 163323 250
2 163323 250
1 163559 250
2 163677 250
0 163795 250
1 164031 250
1 164267 250
1 164385 250
1 164503 250
1 164739 250
1 165093 250
1 165211 250
2 165211 250
0 165447 250
1 165685 250
1 165922 250
3 165922 250
3 166278 250
1 166397 250
1 166634 250
3 166634 250
1 167109 250
2 167109 250
1 167346 250
3 167346 250
2 167821 250
4 167821 250
2 168058 250
2 168177 250
2 168295 250
1 168531 250
3 168531 250
2 168531 826
1 169004 250
2 169004 250
1 169240 250
3 169240 250
2 169476 250
3 169476 250
1 169712 250
1 170066 250
0 170184 250
1 170422 250
2 170422 250
1 170897 250
2 170897 250
2 171134 250
1 171253 250
0 171372 250
1 171609 250
1 171965 250
0 172084 250
1 172322 250
1 172559 250
2 172559 250
0 172797 250
1 173034 250
2 173272 250
1 173509 250
3 173509 250
3 173865 250
1 173984 250
2 174222 250
1 174459 250
3 174459 250
1 174695 250
2 174695 250
1 174930 250
3 174930 250
1 175166 250
2 175401 250
4 175401 250
3 175755 250
1 175873 250
1 176108 250
3 176108 250
1 176344 250
1 176579 250
3 176579 250
2 176815 250
4 176815 250
0 177289 250
1 177525 250
1 177762 250
2 177762 250
0 177999 250
0 178473 250
1 178709 250
2 178709 250
0 178946 250
0 179182 250
0 179536 250
1 179654 250
2 179654 250
1 179890 250
0 180126 250
1 180362 250
1 180598 250
2 180598 250
0 180835 250
1 181073 250
3 181073 250
1 181548 250
2 181785 250
4 181785 250
1 182260 250
3 182260 250
2 182497 250
4 182497 250
1 182971 250
2 182971 1114
1 183209 250
1 183446 250
3 183446 250
1 183683 250
1 183920 250
2 183920 250
1 184158 250
3 184158 250
1 184395 250
2 184395 250
1 184633 250
3 184633 250
0 184870 394
2 184870 394
0 185345 250
2 185345 250
0 185583 250
2 185583 250
1 185820 250
2 185820 250
1 186058 250
2 186058 250
1 186295 250
1 186533 250
1 186770 250
3 186770 250
1 187008 250
3 187008 250
1 187245 250
0 187483 250
0 187720 250
2 187720 250
0 187957 250
2 187957 250
0 188195 250
3 188432 250
3 188551 250
3 188670 250
4 188670 250
3 188906 250
4 188906 250
3 189142 250
4 189142 250
2 189378 250
2 189496 250
2 189615 250
4 189615 250
2 189851 250
4 189851 250
2 190087 250
0 190323 250
0 190441 250
0 190559 250
2 190559 250
0 190795 250
2 190795 250
0 191032 250
0 191268 250
2 191386 778
4 191504 250
6 191504 250
4 191622 250
6 191622 250
4 191740 250
6 191740 250
4 191858 250
6 191858 250
3 191976 250
6 191976 250
4 192212 250
6 192212 250
0 192448 250
2 192448 250
0 192685 250
2 192685 250
0 192921 250
0 193157 250
2 193157 250
1 193393 250
2 193393 250
1 193629 250
2 193629 250
1 193865 250
2 193865 250
1 194103 250
1 194340 250
3 194340 250
1 194578 250
3 194578 250
1 194815 250
0 195053 250
0 195290 250
2 195290 250
0 195528 250
2 195528 250
0 195765 250
2 195765 250
3 196002 250
3 196240 250
4 196240 250
3 196477 250
4 196477 250
3 196715 250
4 196715 250
2 196952 250
2 197189 250
4 197189 250
2 197425 250
4 197425 250
2 197662 250
4 197662 250
0 197899 250
0 198136 250
2 198136 250
0 198373 250
2 198373 250
0 198611 250
2 198611 250
0 198848 250
0 199086 250
2 199086 250
0 199323 250
2 199323 250
0 199561 250
2 199561 250
0 199797 250
1 200033 250
6 200033 250
0 200151 250
6 200151 250
1 200269 250
6 200269 250
2 200387 250
6 200387 250
3 200505 250
6 200505 250
1 200623 250
6 200623 250
2 200741 250
6 200741 250
3 200859 250
6 200859 250
4 200977 250
6 200977 250
4 201450 250
6 201450 250
3 201568 250
6 201568 250
0 201925 394
2 201925 394
0 202400 394
2 202400 394
1 202875 250
2 202875 250
1 203112 250
2 203112 250
1 203350 250
2 203350 250
1 203585 250
1 203821 250
3 203821 250
1 204057 250
3 204057 250
1 204292 250
3 204292 250
0 204528 250
0 204764 250
2 204764 250
0 205000 250
2 205000 250
0 205235 250
2 205235 250
3 205471 250
3 205589 250
3 205707 394
4 205707 394
3 206182 250
4 206182 250
2 206419 250
2 206538 250
2 206657 250
4 206657 250
2 206894 250
4 206894 250
2 207132 250
4 207132 250
0 207368 250
0 207604 250
2 207604 250
0 207840 250
2 207840 250
0 208076 250
0 208314 250
2 208314 250
4 208551 250
6 208551 250
4 208670 250
6 208670 250
4 208789 250
6 208789 250
4 208908 250
6 208908 250
3 209026 250
6 209026 250
4 209264 250
6 209264 250
0 209501 394
2 209501 394
0 209972 394
2 209972 394
1 210442 250
2 210442 250
1 210678 250
2 210678 250
1 210913 250
2 210913 250
1 211148 250
1 211383 250
3 211383 250
1 211622 250
3 211622 250
1 211861 250
3 211861 250
0 212100 250
0 212339 250
2 212339 250
0 212578 250
2 212578 250
0 212817 250
2 212817 250
3 213056 250
3 213175 250
3 213295 394
4 213295 394
3 213771 250
4 213771 250
2 214009 250
2 214247 250
4 214247 250
2 214485 250
4 214485 250
2 214723 250
4 214723 250
0 214960 250
0 215198 250
2 215198 250
0 215434 250
2 215434 250
0 215670 250
2 215670 250
0 215906 250
0 216142 250
2 216142 250
0 216378 250
2 216378 250
0 216614 250
2 216614 250
0 216850 250
2 216850 250
1 217086 250
6 217086 250
0 217204 250
6 217204 250
1 217321 250
6 217321 250
2 217439 250
6 217439 250
3 217557 250
6 217557 250
1 217675 250
6 217675 250
2 217793 250
6 217793 250
3 217911 250
6 217911 250
4 218029 250
6 218029 250
4 218497 250
6 218497 250
3 218659 250
6 218659 250
