2 2004 250
3 2004 250
6 2004 250
2 2365 250
3 2365 250
6 2365 250
2 2727 250
3 2727 250
6 2727 250
2 3088 250
3 3088 250
6 3088 250
2 3449 250
3 3449 250
6 3449 250
2 3805 250
3 3805 250
6 3805 250
2 4160 250
3 4160 250
6 4160 250
2 4516 250
3 4516 250
6 4516 250
2 4872 250
3 4872 250
6 4872 250
2 5239 250
3 5239 250
6 5239 250
2 5607 250
3 5607 250
6 5607 250
2 5975 250
3 5975 250
6 5975 250
2 6342 250
3 6342 250
6 6342 250
2 6696 250
3 6696 250
6 6696 250
2 7050 250
3 7050 250
6 7050 250
2 7404 250
3 7404 250
6 7404 250
2 7758 250
3 7758 250
6 7758 250
2 8110 250
3 8110 250
6 8110 250
2 8462 250
3 8462 250
6 8462 250
2 8814 250
3 8814 250
6 8814 250
2 9166 250
3 9166 250
6 9166 250
2 9518 250
3 9518 250
6 9518 250
2 9870 250
3 9870 250
6 9870 250
2 10222 250
3 10222 250
6 10222 250
2 10574 250
3 10574 250
6 10574 250
2 10924 250
3 10924 250
6 10924 250
2 11274 250
3 11274 250
6 11274 250
2 11624 250
3 11624 250
6 11624 250
2 11974 250
3 11974 250
2 12328 250
3 12328 250
2 12682 250
3 12682 250
2 13036 250
3 13036 250
2 13391 250
3 13391 250
2 13730 250
3 13730 250
2 14070 250
3 14070 250
2 14410 250
3 14410 250
2 14750 250
3 14750 250
2 14750 1834
2 15094 250
3 15094 250
2 15438 250
3 15438 250
2 15782 250
3 15782 250
2 16127 250
3 16127 250
2 16481 250
3 16481 250
2 16836 250
3 16836 250
2 17191 250
3 17191 250
2 17546 250
3 17546 250
2 17885 250
3 17885 250
2 18224 250
3 18224 250
2 18563 250
3 18563 250
2 18902 250
3 18902 250
2 19242 250
3 19242 250
2 19582 250
3 19582 250
2 19923 250
3 19923 250
2 20263 250
3 20263 250
2 20614 250
3 20614 250
2 20964 250
3 20964 250
2 21314 250
3 21314 250
1 21664 250
3 21664 250
1 22004 250
3 22004 250
2 22344 250
4 22344 250
2 22684 250
4 22684 250
3 23024 250
4 23024 250
3 23368 250
4 23368 250
3 23712 250
4 23712 250
3 24056 250
4 24056 250
1 24401 250
4 24401 250
1 24747 250
4 24747 250
1 25094 250
4 25094 250
1 25440 250
4 25440 250
0 25787 250
1 25787 250
0 26128 250
1 26128 250
0 26469 250
1 26469 250
0 26810 250
1 26810 250
0 27151 250
2 27151 250
2 27151 1834
0 27496 250
2 27496 250
0 27840 250
2 27840 250
0 28184 250
2 28184 250
1 28529 250
2 28529 250
1 28873 250
2 28873 250
1 29217 250
2 29217 250
1 29562 250
2 29562 250
1 29906 250
3 29906 250
1 30252 250
3 30252 250
1 30599 250
3 30599 250
1 30945 250
3 30945 250
2 31291 250
3 31291 250
2 31635 250
3 31635 250
2 31979 250
3 31979 250
2 32323 250
3 32323 250
1 32667 250
3 32667 250
1 33010 250
3 33010 250
1 33354 250
3 33354 250
1 33698 250
3 33698 250
2 34041 250
3 34041 250
2 34384 250
3 34384 250
2 34726 250
3 34726 250
2 35069 250
3 35069 250
2 35411 250
3 35411 250
2 35758 250
3 35758 250
2 36105 250
3 36105 250
2 36451 250
3 36451 250
2 36798 250
3 36798 250
2 37141 250
3 37141 250
2 37485 250
3 37485 250
2 37828 250
3 37828 250
1 38172 250
3 38172 250
1 38514 250
3 38514 250
2 38857 250
4 38857 250
2 39200 250
4 39200 250
3 39542 250
4 39542 250
2 39542 1834
3 39881 250
4 39881 250
3 40220 250
4 40220 250
3 40559 250
4 40559 250
1 40898 250
4 40898 250
1 41242 250
4 41242 250
1 41585 250
4 41585 250
1 41928 250
4 41928 250
0 42272 250
1 42272 250
0 42619 250
1 42619 250
0 42966 250
1 42966 250
0 43314 250
1 43314 250
0 43661 250
2 43661 250
0 44005 250
2 44005 250
0 44349 250
2 44349 250
0 44693 250
2 44693 250
1 45037 250
2 45037 250
1 45381 250
2 45381 250
1 45726 250
2 45726 250
1 46070 250
2 46070 250
1 46415 250
3 46415 250
1 46758 250
3 46758 250
1 47101 250
3 47101 250
1 47445 250
3 47445 250
2 47788 250
3 47788 250
2 48134 250
3 48134 250
2 48481 250
3 48481 250
2 48827 250
3 48827 250
1 49173 250
3 49173 250
1 49520 250
3 49520 250
1 49866 250
3 49866 250
1 50213 250
2 50386 250
5 50386 250
3 50559 250
4 50559 250
6 50559 250
3 50900 250
4 50900 250
6 50900 250
3 51241 250
4 51241 250
6 51241 250
3 51582 250
4 51582 250
6 51582 250
2 51923 250
4 51923 250
6 51923 250
2 51923 1834
2 52273 250
4 52273 250
6 52273 250
2 52623 250
4 52623 250
6 52623 250
2 52973 250
4 52973 250
6 52973 250
1 53323 250
4 53323 250
6 53323 250
1 53674 250
4 53674 250
6 53674 250
1 54025 250
4 54025 250
6 54025 250
1 54376 250
4 54376 250
6 54376 250
0 54726 250
4 54726 250
6 54726 250
0 55053 250
4 55053 250
6 55053 250
0 55379 250
4 55379 250
6 55379 250
0 55706 250
4 55706 250
6 55706 250
2 56032 250
3 56032 250
6 56032 250
2 56373 250
3 56373 250
6 56373 250
2 56714 250
3 56714 250
6 56714 250
2 57055 250
3 57055 250
6 57055 250
1 57396 250
3 57396 250
6 57396 250
1 57749 250
3 57749 250
6 57749 250
1 58103 250
3 58103 250
6 58103 250
1 58457 250
3 58457 250
6 58457 250
0 58811 394
2 59142 394
4 59473 394
2 59803 394
0 60134 394
1 60471 394
3 60808 586
3 61483 250
4 61483 250
6 61483 250
3 61831 250
4 61831 250
6 61831 250
3 62179 250
4 62179 250
6 62179 250
3 62526 250
4 62526 250
6 62526 250
2 62874 250
4 62874 250
6 62874 250
2 63208 250
4 63208 250
6 63208 250
2 63543 250
4 63543 250
6 63543 250
2 63877 250
4 63877 250
6 63877 250
1 64212 250
4 64212 250
6 64212 250
2 64212 1834
1 64547 250
4 64547 250
6 64547 250
1 64882 250
4 64882 250
6 64882 250
1 65218 250
4 65218 250
6 65218 250
0 65553 250
4 65553 250
6 65553 250
0 65900 250
4 65900 250
6 65900 250
0 66247 250
4 66247 250
6 66247 250
0 66594 250
4 66594 250
6 66594 250
2 66941 250
3 66941 250
6 66941 250
2 67274 250
3 67274 250
6 67274 250
2 67606 250
3 67606 250
6 67606 250
2 67939 250
3 67939 250
6 67939 250
1 68272 250
3 68272 250
6 68272 250
1 68613 250
3 68613 250
6 68613 250
1 68955 250
3 68955 250
6 68955 250
1 69296 250
3 69296 250
6 69296 250
0 69638 394
2 69984 394
4 70331 394
2 70677 394
0 71023 394
1 71363 394
3 71703 586
1 72382 250
2 72382 250
4 72382 250
6 72382 250
1 72722 250
2 72722 250
4 72722 250
6 72722 250
1 73061 250
2 73061 250
4 73061 250
6 73061 250
1 73400 250
2 73400 250
4 73400 250
6 73400 250
1 73739 250
2 73739 250
4 73739 250
6 73739 250
1 74070 250
2 74070 250
4 74070 250
6 74070 250
0 74401 250
1 74567 250
2 74732 250
3 74897 250
2 75063 250
3 75146 250
2 75229 730
1 76395 250
2 76395 1834
2 76480 378
2 77080 250
1 77166 250
0 77423 250
2 77766 250
4 78105 250
3 78443 250
1 78781 250
1 79119 250
2 79203 490
1 79787 250
2 79871 394
1 80289 250
2 80372 250
1 80456 394
0 80794 490
7 81301 250
0 81470 250
1 81809 250
2 82064 538
5 82064 250
7 82660 250
0 82830 250
1 83171 490
0 83678 250
1 83846 250
0 84184 250
1 84438 250
1 84773 250
2 84856 346
1 85190 394
2 85525 250
5 85525 250
1 85692 250
5 85692 250
0 85859 586
0 86537 250
1 86876 250
2 87216 394
3 87551 250
2 87887 250
1 88222 250
1 88557 250
2 88557 1834
2 88642 586
4 89911 250
3 90080 250
5 90080 250
2 90419 250
1 90589 538
5 90589 250
2 91267 250
3 91267 250
2 91605 250
3 91605 250
2 91943 250
3 91943 250
2 92281 250
3 92281 250
2 92620 250
3 92620 250
2 92958 250
3 92958 250
2 93296 250
3 93296 250
2 93635 250
3 93635 250
2 93973 250
3 93973 250
2 94313 250
3 94313 250
2 94652 250
3 94652 250
2 94991 250
3 94991 250
1 95331 250
3 95331 250
1 95671 250
3 95671 250
2 96011 250
4 96011 250
2 96352 250
4 96352 250
3 96692 250
4 96692 250
3 97029 250
4 97029 250
3 97366 250
4 97366 250
3 97703 250
4 97703 250
1 98039 250
4 98039 250
1 98375 250
4 98375 250
1 98711 250
4 98711 250
1 99047 250
4 99047 250
0 99383 250
1 99383 250
0 99722 250
1 99722 250
0 100061 250
1 100061 250
0 100400 250
1 100400 250
0 100739 250
2 100739 250
2 100739 1834
0 101071 250
2 101071 250
0 101403 250
2 101403 250
0 101735 250
2 101735 250
1 102067 250
2 102067 250
1 102408 250
2 102408 250
1 102748 250
2 102748 250
1 103089 250
2 103089 250
1 103430 250
3 103430 250
1 103767 250
3 103767 250
1 104104 250
3 104104 250
1 104442 250
3 104442 250
2 104779 250
3 104779 250
2 105120 250
3 105120 250
2 105461 250
3 105461 250
2 105802 250
3 105802 250
1 106144 250
3 106144 250
1 106480 250
3 106480 250
1 106817 250
3 106817 250
1 107154 250
2 107322 250
5 107322 250
3 107491 250
4 107491 250
6 107491 250
3 107832 250
4 107832 250
6 107832 250
3 108174 250
4 108174 250
6 108174 250
3 108515 250
4 108515 250
6 108515 250
2 108856 250
4 108856 250
6 108856 250
2 109197 250
4 109197 250
6 109197 250
2 109538 250
4 109538 250
6 109538 250
2 109879 250
4 109879 250
6 109879 250
1 110220 250
4 110220 250
6 110220 250
1 110553 250
4 110553 250
6 110553 250
1 110887 250
4 110887 250
6 110887 250
1 111221 250
4 111221 250
6 111221 250
0 111554 250
4 111554 250
6 111554 250
0 111904 250
4 111904 250
6 111904 250
0 112253 250
4 112253 250
6 112253 250
0 112602 250
4 112602 250
6 112602 250
2 112951 250
3 112951 250
6 112951 250
2 112951 1834
2 113280 250
3 113280 250
6 113280 250
2 113608 250
3 113608 250
6 113608 250
2 113937 250
3 113937 250
6 113937 250
1 114266 250
3 114266 250
6 114266 250
1 114612 250
3 114612 250
6 114612 250
1 114957 250
3 114957 250
6 114957 250
1 115303 250
3 115303 250
6 115303 250
0 115649 394
2 115985 394
4 116320 394
2 116656 394
0 116991 394
1 117328 394
3 117665 586
3 118338 250
4 118338 250
6 118338 250
3 118668 250
4 118668 250
6 118668 250
3 118998 250
4 118998 250
6 118998 250
3 119329 250
4 119329 250
6 119329 250
2 119659 250
4 119659 250
6 119659 250
2 120003 250
4 120003 250
6 120003 250
2 120346 250
4 120346 250
6 120346 250
2 120690 250
4 120690 250
6 120690 250
1 121034 250
4 121034 250
6 121034 250
1 121368 250
4 121368 250
6 121368 250
1 121701 250
4 121701 250
6 121701 250
1 122035 250
4 122035 250
6 122035 250
0 122368 250
4 122368 250
6 122368 250
0 122708 250
4 122708 250
6 122708 250
0 123048 250
4 123048 250
6 123048 250
0 123387 250
4 123387 250
6 123387 250
2 123727 250
3 123727 250
6 123727 250
2 124063 250
3 124063 250
6 124063 250
2 124399 250
3 124399 250
6 124399 250
2 124736 250
3 124736 250
6 124736 250
1 125072 250
3 125072 250
6 125072 250
2 125072 1834
1 125416 250
3 125416 250
6 125416 250
1 125760 250
3 125760 250
6 125760 250
1 126104 250
3 126104 250
6 126104 250
0 126448 394
2 126784 394
4 127119 394
2 127455 394
0 127790 394
1 128135 394
3 128479 586
3 129168 250
4 129168 250
6 129168 250
3 129499 250
4 129499 250
6 129499 250
3 129830 250
4 129830 250
6 129830 250
3 130160 250
4 130160 250
6 130160 250
2 130491 250
4 130491 250
6 130491 250
2 130832 250
4 130832 250
6 130832 250
2 131173 250
4 131173 250
6 131173 250
2 131514 250
4 131514 250
6 131514 250
1 131854 250
4 131854 250
6 131854 250
1 132184 250
4 132184 250
6 132184 250
1 132514 250
4 132514 250
6 132514 250
1 132843 250
4 132843 250
6 132843 250
0 133173 250
4 133173 250
6 133173 250
0 133514 250
4 133514 250
6 133514 250
0 133855 250
4 133855 250
6 133855 250
0 134197 250
4 134197 250
6 134197 250
2 134538 250
3 134538 250
6 134538 250
2 134872 250
3 134872 250
6 134872 250
2 135206 250
3 135206 250
6 135206 250
2 135541 250
3 135541 250
6 135541 250
1 135875 250
3 135875 250
6 135875 250
1 136198 250
3 136198 250
6 136198 250
1 136521 250
3 136521 250
6 136521 250
1 136844 250
3 136844 250
6 136844 250
0 137168 394
2 137168 1834
2 137502 394
4 137837 394
2 138171 394
0 138506 394
1 138838 394
3 139170 586
7 139833 442
0 140335 442
1 140838 490
2 141339 490
3 141838 394
4 142171 394
2 142504 250
3 142504 250
2 142837 250
3 142837 250
2 143170 250
3 143170 250
2 143503 250
3 143503 250
2 143836 250
3 143836 250
2 144175 250
3 144175 250
2 144513 250
3 144513 250
2 144852 250
3 144852 250
2 145190 250
3 145190 250
2 145528 250
3 145528 250
2 145865 250
3 145865 250
2 146203 250
3 146203 250
1 146540 250
3 146540 250
1 146872 250
3 146872 250
2 147204 250
4 147204 250
2 147536 250
4 147536 250
3 147868 250
4 147868 250
3 148213 250
4 148213 250
3 148557 250
4 148557 250
3 148901 250
4 148901 250
1 149245 250
4 149245 250
2 149245 1834
1 149575 250
4 149575 250
1 149905 250
4 149905 250
1 150235 250
4 150235 250
0 150565 250
1 150565 250
0 150905 250
1 150905 250
0 151245 250
1 151245 250
0 151585 250
1 151585 250
0 151925 250
2 151925 250
0 152255 250
2 152255 250
0 152586 250
2 152586 250
0 152916 250
2 152916 250
1 153247 250
2 153247 250
1 153580 250
2 153580 250
1 153914 250
2 153914 250
1 154247 250
2 154247 250
1 154581 250
3 154581 250
1 154916 250
3 154916 250
1 155250 250
3 155250 250
1 155585 250
3 155585 250
2 155920 250
3 155920 250
2 156256 250
3 156256 250
2 156592 250
3 156592 250
2 156928 250
3 156928 250
1 157264 250
3 157264 250
1 157596 250
3 157596 250
1 157929 250
3 157929 250
1 158261 250
3 158261 250
2 158594 250
3 158594 250
2 158939 250
3 158939 250
2 159284 250
3 159284 250
2 159629 250
3 159629 250
2 159974 250
3 159974 250
2 160310 250
3 160310 250
2 160646 250
3 160646 250
2 160982 250
3 160982 250
2 161318 250
3 161318 250
2 161318 1834
2 161658 250
3 161658 250
2 161998 250
3 161998 250
2 162338 250
3 162338 250
1 162678 250
3 162678 250
1 163016 250
3 163016 250
2 163355 250
4 163355 250
2 163693 250
4 163693 250
3 164032 250
4 164032 250
3 164368 250
4 164368 250
3 164705 250
4 164705 250
3 165041 250
4 165041 250
1 165378 250
4 165378 250
1 165717 250
4 165717 250
1 166056 250
4 166056 250
1 166395 250
4 166395 250
0 166734 250
1 166734 250
0 167068 250
1 167068 250
0 167401 250
1 167401 250
0 167734 250
1 167734 250
0 168067 250
2 168067 250
0 168404 250
2 168404 250
0 168740 250
2 168740 250
0 169077 250
2 169077 250
1 169413 250
2 169413 250
1 169750 250
2 169750 250
1 170087 250
2 170087 250
1 170424 250
2 170424 250
1 170761 250
3 170761 250
1 171093 250
3 171093 250
1 171425 250
3 171425 250
1 171757 250
3 171757 250
2 172090 250
3 172090 250
2 172428 250
3 172428 250
2 172766 250
3 172766 250
2 173104 250
3 173104 250
2 173442 250
4 173442 250
2 173442 1834
2 173775 250
4 173775 250
2 174108 250
4 174108 250
2 174441 250
4 174441 250
3 174775 250
4 174775 250
6 174775 250
3 175111 250
4 175111 250
6 175111 250
3 175447 250
4 175447 250
6 175447 250
3 175784 250
4 175784 250
6 175784 250
2 176120 250
4 176120 250
6 176120 250
2 176461 250
4 176461 250
6 176461 250
2 176801 250
4 176801 250
6 176801 250
2 177141 250
4 177141 250
6 177141 250
1 177481 250
4 177481 250
6 177481 250
1 177815 250
4 177815 250
6 177815 250
1 178149 250
4 178149 250
6 178149 250
1 178483 250
4 178483 250
6 178483 250
0 178817 250
4 178817 250
6 178817 250
0 179157 250
4 179157 250
6 179157 250
0 179497 250
4 179497 250
6 179497 250
0 179837 250
4 179837 250
6 179837 250
2 180178 250
3 180178 250
6 180178 250
2 180510 250
3 180510 250
6 180510 250
2 180843 250
3 180843 250
6 180843 250
2 181175 250
3 181175 250
6 181175 250
1 181508 250
3 181508 250
6 181508 250
1 181853 250
3 181853 250
6 181853 250
1 182198 250
3 182198 250
6 182198 250
1 182544 250
3 182544 250
6 182544 250
0 182889 394
2 183225 394
4 183561 394
2 183898 394
0 184234 394
1 184580 394
3 184927 586
3 185620 250
4 185620 250
6 185620 250
2 185620 1834
3 185953 250
4 185953 250
6 185953 250
3 186285 250
4 186285 250
6 186285 250
3 186618 250
4 186618 250
6 186618 250
2 186951 250
4 186951 250
6 186951 250
2 187282 250
4 187282 250
6 187282 250
2 187614 250
4 187614 250
6 187614 250
2 187945 250
4 187945 250
6 187945 250
1 188276 250
4 188276 250
6 188276 250
1 188607 250
4 188607 250
6 188607 250
1 188938 250
4 188938 250
6 188938 250
1 189269 250
4 189269 250
6 189269 250
0 189599 250
4 189599 250
6 189599 250
0 189937 250
4 189937 250
6 189937 250
0 190275 250
4 190275 250
6 190275 250
0 190613 250
4 190613 250
6 190613 250
2 190951 250
3 190951 250
6 190951 250
2 191285 250
3 191285 250
6 191285 250
2 191618 250
3 191618 250
6 191618 250
2 191952 250
3 191952 250
6 191952 250
1 192286 250
3 192286 250
6 192286 250
1 192621 250
3 192621 250
6 192621 250
1 192957 250
3 192957 250
6 192957 250
1 193293 250
3 193293 250
6 193293 250
0 193628 394
2 193965 394
4 194302 394
2 194639 394
0 194976 394
1 195306 394
3 195636 586
4 196295 250
3 196633 250
2 196971 250
1 197309 250
4 197647 250
2 197647 1834
3 197974 250
2 198301 250
0 198627 250
7 198954 250
0 199281 250
1 199608 250
2 199935 250
0 200262 250
1 200573 250
2 200884 250
3 201195 250
1 201506 250
2 201838 250
3 202171 250
2 202503 250
4 202836 250
3 203160 250
2 203484 250
1 203808 250
2 204133 250
3 204459 250
2 204786 250
1 205113 250
0 205440 250
1 205759 250
0 206077 250
7 206396 250
4 206715 250
3 207062 250
2 207409 250
1 207756 250
4 208104 250
3 208421 250
2 208737 250
0 209054 250
7 209371 250
2 209371 1834
0 209710 250
1 210049 250
2 210387 250
0 210726 250
1 211039 250
2 211351 250
3 211663 250
1 211976 250
2 212300 250
3 212624 250
2 212948 250
4 213272 250
3 213597 250
2 213922 250
1 214248 250
2 214573 970
0 217380 970
7 220585 970
1 225409 250
3 225409 250
1 225648 250
3 225648 250
1 225887 250
3 225887 250
1 226127 250
3 226127 250
1 226366 250
3 226366 250
1 226605 250
3 226605 250
1 226844 250
3 226844 250
1 227084 250
3 227084 250
1 227323 250
3 227323 250
1 227559 250
3 227559 250
1 227794 250
3 227794 250
1 228030 250
3 228030 250
1 228265 250
3 228265 250
1 228501 250
3 228501 250
1 228736 250
3 228736 250
1 228972 250
3 228972 250
1 229207 250
3 229207 250
2 229207 1834
1 229443 250
3 229443 250
1 229678 250
3 229678 250
1 229914 250
3 229914 250
1 230149 250
3 230149 250
1 230385 250
3 230385 250
1 230620 250
3 230620 250
1 230856 250
3 230856 250
1 231091 250
3 231091 250
1 231324 250
3 231324 250
1 231557 250
3 231557 250
1 231791 250
3 231791 250
1 232024 250
3 232024 250
1 232257 250
3 232257 250
1 232490 250
3 232490 250
1 232723 250
3 232723 250
1 232956 250
3 232956 250
1 233189 250
3 233189 250
1 233422 250
3 233422 250
1 233655 250
3 233655 250
1 233888 250
3 233888 250
1 234121 250
3 234121 250
1 234354 250
3 234354 250
1 234587 250
3 234587 250
1 234821 250
3 234821 250
1 235055 250
3 235055 250
1 235290 250
3 235290 250
1 235525 250
3 235525 250
1 235760 250
3 235760 250
1 235995 250
3 235995 250
1 236229 250
3 236229 250
1 236464 250
3 236464 250
1 236699 250
3 236699 250
1 236934 250
3 236934 250
1 237169 250
3 237169 250
1 237405 250
3 237405 250
1 237640 250
3 237640 250
1 237875 250
3 237875 250
1 238110 250
3 238110 250
1 238346 250
3 238346 250
1 238581 250
3 238581 250
1 238814 250
3 238814 250
1 239047 250
3 239047 250
1 239280 250
3 239280 250
1 239513 250
3 239513 250
1 239746 250
3 239746 250
1 239979 250
3 239979 250
1 240212 250
3 240212 250
1 240446 250
3 240446 250
1 240679 250
3 240679 250
1 240912 250
3 240912 250
1 241146 250
3 241146 250
1 241379 250
3 241379 250
1 241613 250
3 241613 250
1 241846 250
3 241846 250
1 242079 250
3 242079 250
1 242313 250
3 242313 250
1 242544 250
3 242544 250
1 242776 250
3 242776 250
1 243008 250
3 243008 250
1 243240 250
3 243240 250
1 243471 250
3 243471 250
1 243703 250
3 243703 250
1 243935 250
3 243935 250
1 244166 250
3 244166 250
1 244400 250
3 244400 250
1 244634 250
3 244634 250
1 244867 250
3 244867 250
1 245101 250
3 245101 250
1 245334 250
3 245334 250
1 245568 250
3 245568 250
1 245802 250
3 245802 250
1 246035 250
3 246035 250
2 246035 2218
1 246270 250
3 246270 250
1 246505 250
3 246505 250
1 246740 250
3 246740 250
1 246975 250
3 246975 250
1 247210 250
3 247210 250
1 247445 250
3 247445 250
1 247679 250
3 247679 250
1 247914 250
3 247914 250
1 248148 250
3 248148 250
1 248381 250
3 248381 250
1 248615 250
3 248615 250
1 248848 250
2 248848 250
1 249082 250
2 249082 250
1 249315 250
2 249315 250
1 249549 250
2 249549 250
1 249782 250
2 249782 250
1 250034 250
2 250034 250
1 250286 250
2 250286 250
1 250531 250
2 250531 250
0 250777 250
2 250777 250
0 251045 250
2 251045 250
0 251312 250
2 251312 250
0 251580 250
2 251580 250
0 251848 250
2 251848 250
0 252162 250
2 252162 250
0 252476 250
2 252476 250
0 252789 250
2 252789 250
2 253101 970
3 253865 394
4 254628 394
3 255392 394
1 256156 970
3 256936 394
4 257716 394
3 258497 394
0 259277 1738
1 260084 394
2 260891 394
3 261699 394
4 262506 394
3 263362 250
4 263790 250
3 264218 394
2 265073 394
3 265929 1738
7 272538 394
0 273382 394
1 274226 394
2 275071 394
0 275915 394
1 276793 394
2 277688 394
3 278543 394
4 279519 586
7 281263 322
0 281699 322
1 282135 322
2 282571 322
3 283007 322
4 283723 322
3 284158 322
2 284539 322
1 285007 322
3 285653 322
2 286251 322
1 286853 322
0 287518 322
0 288224 2410
1 288224 2410
3 288224 2410
6 288224 250
