0 2755 250
1 2838 250
2 2922 250
3 3005 250
5 3005 250
3 3130 250
3 3380 250
2 3630 250
3 3755 250
4 4005 442
1 4505 250
2 5005 250
3 5067 442
3 5380 250
2 5442 442
0 5755 442
1 6130 250
3 6380 250
2 6630 250
1 6755 250
0 7005 250
2 7130 250
3 7317 250
4 7505 250
2 7755 250
3 7880 250
2 8130 250
0 8317 250
1 8442 250
0 8567 538
2 9005 250
3 9067 250
3 9380 250
2 9442 442
0 9755 442
1 10130 250
3 10380 250
2 10630 250
1 10755 250
0 11005 250
2 11130 250
3 11317 250
4 11505 250
2 11755 250
3 11880 250
2 12130 250
0 12380 250
1 12505 250
0 12630 538
4 13255 250
2 13255 2794
3 13380 250
2 13505 250
1 13630 250
2 13692 250
3 13880 250
1 14130 250
2 14255 250
3 14380 250
2 14630 250
3 14755 250
4 14880 250
4 15255 250
3 15380 250
2 15505 250
1 15630 250
2 15880 250
4 16127 250
4 16371 250
4 16496 538
4 17246 250
3 17371 250
2 17496 250
1 17621 250
2 17683 250
3 17871 250
1 18121 250
2 18246 250
3 18371 250
2 18621 250
3 18746 250
4 18871 250
3 19246 250
4 19308 250
3 19621 250
2 19933 970
3 21246 250
2 21371 250
1 21496 250
0 21621 250
1 21746 250
5 21746 250
3 21871 250
0 22121 250
1 22246 250
2 22371 250
1 22621 250
2 22746 250
3 22871 250
3 23246 250
2 23371 250
1 23496 250
0 23621 250
1 23808 250
3 24121 250
3 24371 250
3 24496 490
4 25246 250
3 25371 250
2 25496 250
1 25621 250
2 25746 250
5 25746 250
3 25871 250
1 26121 250
2 26246 250
3 26371 250
2 26621 250
3 26746 250
4 26871 250
3 27121 250
4 27183 538
3 27621 250
4 27683 250
3 27746 394
2 27996 778
2 28996 250
2 28996 2458
2 29121 410
2 29371 410
2 29621 250
3 29746 250
4 29996 250
3 30121 250
2 30371 250
1 30496 250
2 30996 250
2 31121 410
2 31371 410
2 31620 250
3 31736 250
4 31837 698
5 31837 250
2 32981 250
2 33106 410
2 33356 410
2 33606 250
3 33731 250
4 33981 250
3 34106 250
2 34356 250
1 34481 250
1 34815 250
2 34898 250
3 34981 250
5 34981 250
3 35106 250
3 35356 250
2 35606 250
3 35731 250
3 35981 250
4 36023 506
2 36481 250
1 36544 538
3 36981 250
4 37044 442
4 37481 250
2 37544 250
1 37731 250
3 37856 250
4 37919 250
3 37981 250
7 38106 250
5 38106 250
3 38231 250
5 38231 250
7 38356 250
5 38356 250
2 38481 250
5 38481 250
7 38606 250
5 38606 250
1 38731 250
5 38731 250
7 38856 250
5 38856 250
0 38981 250
1 39106 250
5 39106 250
3 39231 250
5 39231 250
2 39356 250
5 39356 250
1 39481 250
5 39481 250
0 39606 250
5 39606 250
1 39731 250
5 39731 250
3 39856 922
5 39856 250
0 40825 250
1 40856 394
4 41106 250
3 41231 250
5 41231 250
1 41356 250
5 41356 250
3 41481 250
5 41481 250
2 41606 250
5 41606 250
0 41731 250
5 41731 250
4 41794 250
2 41981 250
3 42044 250
2 42106 250
1 42231 250
5 42231 250
2 42356 250
5 42356 250
1 42481 250
5 42481 250
3 42606 250
5 42606 250
2 42731 250
5 42731 250
1 42856 250
5 42856 250
0 42981 250
5 42981 250
2 43106 250
5 43106 250
1 43231 250
5 43231 250
3 43356 250
5 43356 250
2 43481 250
5 43481 250
4 43606 250
5 43606 250
3 43731 250
5 43731 250
4 43856 250
5 43856 250
3 43981 250
5 43981 250
2 44028 250
1 44085 250
0 44153 250
3 44231 250
2 44315 250
1 44387 250
0 44481 602
0 44981 250
2 44981 1738
1 45065 250
2 45148 250
3 45231 250
2 45315 250
1 45398 250
0 45481 250
1 45565 250
2 45648 250
3 45731 250
2 45815 250
1 45898 250
0 45981 250
2 46065 250
3 46148 250
2 46231 250
1 46315 250
3 46398 250
4 46481 250
3 46565 250
2 46648 250
3 46731 250
2 46794 250
1 46856 250
2 46981 250
5 46981 250
1 47106 250
5 47106 250
0 47231 250
5 47231 250
1 47356 250
5 47356 250
2 47481 250
5 47481 250
1 47606 250
5 47606 250
2 47731 250
5 47731 250
3 47856 250
5 47856 250
4 47981 250
5 47981 250
3 48106 250
5 48106 250
2 48231 250
5 48231 250
1 48356 250
5 48356 250
3 48481 250
5 48481 250
2 48606 250
5 48606 250
1 48731 250
5 48731 250
0 48856 250
5 48856 250
0 48981 250
1 49065 250
2 49148 250
3 49231 250
2 49315 250
0 49398 250
1 49481 250
2 49565 250
3 49648 250
4 49731 250
2 49794 250
1 49856 250
2 49919 250
3 49981 250
2 50065 250
3 50148 250
4 50231 250
3 50294 250
2 50356 250
1 50440 250
2 50523 250
3 50606 250
4 50690 250
3 50773 250
2 50856 250
1 50940 250
1 50981 250
2 51231 250
1 51356 250
0 51481 250
3 51606 250
2 51731 250
1 51856 250
4 51981 730
1 52981 250
2 53044 250
1 53106 250
0 53169 250
1 53231 250
2 53294 250
1 53356 250
0 53419 250
1 53481 250
2 53544 250
1 53606 250
0 53669 250
1 53731 250
2 53794 250
1 53856 250
0 53919 250
1 53981 250
2 54044 250
1 54106 250
0 54169 250
1 54231 250
2 54294 250
1 54356 250
2 54419 250
1 54481 250
0 54544 250
1 54606 250
2 54669 250
1 54731 250
0 54794 250
0 54856 250
2 54981 250
3 55044 250
2 55106 250
1 55169 250
2 55231 250
3 55294 250
2 55356 250
1 55419 250
2 55481 250
3 55544 250
2 55606 250
1 55669 250
2 55731 250
2 55794 250
3 55856 250
2 55919 250
1 55981 250
2 56044 250
3 56106 250
2 56169 250
2 56231 250
1 56294 250
2 56356 250
3 56419 250
2 56481 250
2 56544 250
1 56606 250
2 56669 250
3 56731 250
2 56794 250
1 56856 250
2 56919 250
3 56981 250
4 57044 250
3 57106 250
2 57169 250
3 57231 250
4 57294 250
3 57356 250
2 57419 250
3 57481 250
4 57544 250
3 57606 250
2 57669 250
3 57731 250
4 57794 250
3 57856 250
2 57919 250
3 57981 250
4 58044 250
3 58106 250
2 58169 250
3 58231 250
4 58294 250
3 58356 250
2 58419 250
3 58481 250
4 58565 250
3 58648 250
2 58731 250
3 58815 250
4 58898 250
4 58981 250
1 59231 490
2 59231 922
2 59294 442
2 59606 490
3 59669 442
3 59981 826
4 60044 778
4 60981 250
3 61044 250
2 61106 250
3 61231 250
2 61356 250
1 61481 250
2 61544 250
1 61606 250
7 61731 250
5 61731 250
2 61856 250
4 61981 250
5 61981 250
7 62106 250
5 62106 250
3 62231 250
4 62294 250
3 62356 250
7 62481 250
5 62481 250
2 62606 250
3 62669 250
2 62731 250
7 62856 250
5 62856 250
1 62981 250
2 63044 250
1 63106 250
7 63231 250
5 63231 250
2 63356 250
3 63419 250
2 63481 250
7 63606 250
5 63606 250
0 63731 250
1 63794 250
0 63856 250
2 63981 250
3 64106 250
1 64231 250
2 64356 250
0 64481 250
7 64981 250
0 65106 250
1 65231 250
7 65356 250
1 65481 250
2 65606 250
7 65731 250
1 65856 250
3 65981 250
7 66106 250
2 66231 250
3 66356 250
7 66481 250
3 66606 250
3 66731 250
4 66794 250
3 66856 250
0 66981 250
0 67044 250
0 67106 250
0 67169 250
1 67231 250
5 67231 250
1 67294 250
1 67356 250
1 67419 250
2 67481 250
5 67481 250
2 67544 250
2 67606 250
2 67669 250
3 67731 250
5 67731 250
3 67794 250
3 67856 250
3 67919 250
4 67981 490
5 67981 250
1 68481 442
3 68981 586
