0 2157 250
2 2157 970
3 2385 250
2 2613 250
1 2841 250
4 3069 250
2 3297 250
3 3525 250
2 3753 250
0 3981 250
3 4217 250
2 4452 250
1 4688 250
4 4924 250
2 5159 250
3 5395 250
2 5630 250
0 5866 250
3 6102 250
2 6337 250
1 6573 250
4 6808 250
2 7044 250
3 7280 250
2 7515 250
0 7751 250
3 7987 250
2 8223 250
1 8460 250
4 8696 250
2 8932 250
3 9168 250
2 9405 250
0 9641 250
3 9877 250
2 10113 250
1 10350 250
4 10586 250
2 10822 250
3 11058 250
2 11295 250
0 11531 250
3 11766 250
2 12001 250
1 12236 250
4 12471 250
2 12706 250
3 12941 250
2 13176 250
0 13411 250
3 13649 250
2 13886 250
1 14123 250
4 14360 250
2 14597 250
3 14834 250
2 15072 250
0 15309 250
3 15546 250
2 15783 250
1 16020 250
4 16257 250
2 16494 250
3 16732 250
2 16969 250
0 17206 250
3 17443 250
2 17680 250
1 17917 250
4 18155 250
2 18392 250
3 18629 250
2 18866 250
0 19103 250
3 19340 250
2 19577 250
1 19815 250
4 20052 250
2 20289 250
3 20526 250
2 20763 250
0 21000 250
2 21000 1738
3 21238 250
2 21475 250
1 21712 250
4 21949 250
2 22186 250
3 22423 250
2 22660 250
0 22898 250
3 23135 250
2 23372 250
1 23609 250
4 23846 250
2 24083 250
3 24321 250
2 24558 250
0 24795 250
3 25032 250
2 25269 250
1 25506 250
4 25743 250
2 25981 250
3 26218 250
2 26455 250
0 26692 250
3 26929 250
2 27166 250
1 27404 250
4 27641 250
2 27878 250
3 28115 250
2 28352 250
0 28589 250
3 28830 250
2 29070 250
1 29310 250
4 29551 250
2 29791 250
3 30031 250
2 30271 250
0 30512 250
3 30751 250
2 30990 250
1 31229 250
4 31468 250
2 31708 250
3 31947 250
2 32186 250
0 32425 250
3 32664 250
2 32903 250
1 33142 250
4 33382 250
2 33621 250
3 33860 250
2 34099 250
0 34338 250
3 34577 250
2 34816 250
1 35054 250
4 35293 250
2 35532 250
3 35771 250
2 36009 250
0 36248 250
3 36487 250
2 36725 250
1 36964 250
4 37203 250
2 37442 250
3 37680 250
2 37919 250
0 38158 250
3 38398 250
2 38639 250
1 38879 250
4 39120 250
2 39361 250
3 39601 250
2 39842 250
0 40082 250
3 40323 250
2 40563 250
1 40804 250
4 41044 250
2 41285 250
3 41525 250
2 41766 250
0 42006 250
3 42246 250
2 42486 250
1 42726 250
4 42966 250
2 43205 250
3 43445 250
0 43685 250
2 43925 250
2 43925 3130
0 44166 250
1 44408 250
0 44649 250
2 44890 250
0 45131 250
3 45373 250
0 45614 250
4 45855 250
0 46092 250
3 46330 250
0 46567 250
2 46804 250
0 47041 250
1 47278 1786
0 51581 250
1 51818 250
2 52055 250
4 52292 410
1 52767 250
2 53004 250
0 53241 250
3 53478 250
2 53714 250
5 53714 250
1 53951 250
2 54187 506
3 54187 506
2 54896 250
1 55133 250
0 55369 250
1 55606 250
2 55842 794
3 57260 250
1 57497 250
0 57733 250
3 57970 586
0 58916 250
1 59153 250
0 59390 250
3 59626 250
2 59863 410
3 59863 410
1 60336 250
2 60572 250
1 60809 250
4 61046 250
3 61282 250
5 61282 250
2 61519 250
3 61755 698
4 61755 698
0 62945 250
2 63183 250
1 63422 250
0 63660 250
3 63898 250
1 64136 250
0 64375 250
4 64613 250
2 64851 250
1 65090 250
0 65329 250
1 65568 250
2 65568 250
4 65807 250
3 66046 250
2 66285 250
1 66524 250
3 66762 250
2 66762 1738
0 67001 250
1 67240 250
3 67479 410
0 67957 250
1 68196 250
3 68430 250
2 68664 250
1 68898 250
5 68898 250
0 69132 250
1 69366 409
0 69834 250
2 70068 250
0 70303 250
1 70303 250
0 70539 250
2 70774 250
3 71010 250
0 71245 250
2 71481 250
3 71716 250
2 71952 250
0 72188 250
4 72423 250
2 72659 250
0 72894 250
3 73130 250
2 73367 250
0 73603 250
2 73839 250
0 74076 250
1 74312 409
2 74784 250
3 75021 409
2 75493 250
1 75730 250
4 75966 409
3 76438 250
1 76673 250
2 76673 250
1 76908 250
2 76908 250
3 77144 409
2 77614 250
0 77850 250
1 78085 250
3 78322 250
2 78560 250
1 78797 250
4 79034 250
1 79271 250
3 79508 250
1 79745 250
0 79982 250
2 80220 250
1 80457 250
0 80694 250
4 80931 250
1 81168 250
3 81405 250
1 81643 250
0 81880 250
3 82125 250
2 82370 250
1 82616 250
4 82861 250
2 83106 250
3 83352 250
2 83591 250
0 83831 250
3 84070 250
2 84310 250
1 84549 250
4 84789 250
2 85028 250
3 85268 250
2 85507 250
1 85747 250
3 85989 250
2 86231 250
1 86473 250
4 86715 250
1 86958 250
3 87200 250
1 87442 250
0 87684 250
2 87921 250
1 88159 250
0 88396 250
4 88633 250
1 88870 250
3 89107 250
0 89344 250
2 89344 1690
1 89581 250
5 89581 250
3 89826 1562
3 93210 250
2 93449 506
5 93449 250
1 94177 602
3 95148 250
2 95391 507
5 95391 250
1 96127 586
3 97110 250
2 97355 506
5 97355 250
0 98076 602
3 99038 250
2 99278 507
5 99278 250
0 100012 602
3 100986 250
2 101226 698
5 101226 250
2 102426 250
1 102666 250
5 102666 250
0 102907 250
1 103148 250
2 103389 250
5 103389 250
3 103630 250
4 103870 506
3 104593 250
5 104593 250
0 104834 250
1 104914 1770
1 108806 1034
2 108866 1010
3 108926 986
4 110870 250
3 111113 410
5 111113 250
2 111597 538
3 111597 538
0 112563 250
2 112643 250
3 112724 250
2 112804 1834
1 113041 250
2 113279 250
2 113516 698
4 113516 698
4 114702 250
2 114948 250
5 114948 250
1 115195 250
2 115441 507
1 116181 394
0 116658 250
1 116896 250
2 117135 250
3 117373 586
2 118327 250
3 118327 250
4 118565 250
3 118804 250
2 119042 250
1 119280 410
2 119757 250
1 119996 250
0 120234 250
1 120472 410
2 120472 410
2 120948 250
3 121186 506
2 121900 250
3 121900 250
1 122138 250
3 122377 250
4 122377 250
2 122615 250
3 122615 250
5 122615 250
1 122853 250
2 122853 250
2 123091 698
3 123091 698
0 124285 250
2 124524 250
1 124764 250
0 125004 250
3 125243 250
1 125483 250
0 125723 250
4 125963 250
2 126202 250
1 126442 250
0 126682 250
1 126922 250
2 126922 250
4 127161 250
3 127401 250
2 127641 250
1 127881 250
3 128121 250
2 128121 1738
0 128360 250
1 128600 250
3 128839 410
0 129316 250
1 129554 250
3 129793 250
2 130031 250
1 130270 250
5 130270 250
0 130508 250
1 130747 409
0 131224 250
2 131463 250
0 131701 250
1 131701 250
0 131940 250
2 132179 250
3 132418 250
0 132657 250
2 132896 250
3 133135 250
2 133374 250
0 133613 250
4 133851 250
2 134086 250
0 134321 250
3 134555 250
2 134790 250
0 135024 250
2 135259 250
0 135493 250
3 135728 250
2 135962 250
5 135962 250
1 136197 250
3 136434 409
2 136908 250
1 137146 250
4 137383 409
3 137857 250
1 138094 250
2 138094 250
1 138331 250
2 138331 250
3 138568 409
2 139043 250
0 139280 250
1 139517 250
3 139757 250
2 139997 250
1 140236 250
4 140476 250
1 140716 250
3 140955 250
1 141195 250
0 141435 250
2 141676 250
1 141917 250
0 142158 250
4 142399 250
1 142640 250
3 142881 250
1 143122 250
0 143363 250
3 143609 250
2 143854 250
1 144099 250
4 144344 250
2 144589 250
3 144835 250
2 145075 250
0 145316 250
3 145557 250
2 145798 250
1 146039 250
4 146280 250
2 146520 250
3 146761 250
2 147006 250
1 147250 250
3 147494 250
2 147738 250
1 147983 250
4 148227 250
1 148471 250
3 148716 250
1 148954 250
0 149193 250
2 149432 250
1 149671 250
0 149910 250
4 150149 250
1 150388 250
3 150627 362
0 150988 250
1 151108 250
3 151349 1562
3 154711 250
2 154711 1738
2 154955 507
5 154955 250
1 155688 602
3 156662 250
2 156904 506
5 156904 250
1 157630 603
3 158601 250
2 158845 507
5 158845 250
0 159578 603
3 160555 250
2 160800 506
5 160800 250
0 161526 602
3 162494 250
2 162736 890
5 162736 250
3 164439 250
2 164682 602
5 164682 250
2 165649 250
1 165891 250
5 165891 250
0 166133 250
1 166375 250
2 166456 762
4 167809 250
1 168047 250
2 168127 330
1 168405 842
5 168405 250
7 169954 250
3 170192 250
2 170431 506
5 170431 250
1 171161 602
3 172134 250
2 172378 410
5 172378 250
0 172862 250
1 173104 250
2 173184 378
3 173587 410
3 174071 250
2 174313 474
5 174313 250
3 175040 250
2 175040 1978
4 175121 570
4 176010 250
4 176252 250
3 176555 250
5 176555 250
2 176615 250
2 176978 410
1 177462 250
5 177462 250
3 177945 250
2 178187 410
5 178187 250
1 178669 250
0 178911 506
2 179634 250
1 179754 250
0 179874 250
1 180114 250
2 180354 250
5 180354 250
3 180594 250
3 180834 250
4 180914 474
1 181554 250
5 181554 250
2 181795 250
3 182035 1754
5 182035 250
4 182360 1626
1 185878 250
2 185878 250
7 186352 250
1 186590 506
2 186590 506
1 187301 250
2 187301 250
7 187538 250
7 187657 250
2 187775 250
3 187775 250
7 188252 250
2 188491 506
3 188491 506
2 189207 250
3 189207 250
7 189445 250
7 189565 250
2 189684 874
4 189684 874
3 191390 250
4 191471 378
3 191873 250
5 191873 250
2 192114 250
1 192355 250
3 192596 250
2 192837 250
1 193078 250
0 193322 250
1 193566 250
2 193566 250
7 194053 250
1 194297 507
2 194297 507
1 195029 250
2 195029 250
7 195269 250
7 195388 250
2 195508 250
3 195508 250
7 195987 250
2 196227 506
3 196227 506
2 196945 250
3 196945 250
7 197184 250
7 197304 250
2 197424 874
4 197424 874
7 199142 250
7 199265 250
2 199387 250
4 199387 250
2 199707 250
4 199707 250
2 200026 250
4 200026 250
2 200346 250
4 200346 250
2 200665 250
4 200665 250
2 200987 250
4 200987 250
1 201310 250
2 201310 250
2 201310 1066
7 201794 250
1 202037 506
2 202037 506
1 202764 250
2 202764 250
7 203006 250
7 203127 250
2 203248 250
3 203248 250
7 203732 250
2 203974 506
3 203974 506
2 204701 250
3 204701 250
7 204943 250
7 205064 250
2 205185 890
4 205185 890
3 206897 250
4 206978 378
3 207381 250
5 207381 250
2 207624 250
1 207866 250
3 208108 250
2 208350 250
1 208592 250
0 208835 250
1 209077 250
2 209077 250
7 209561 250
1 209803 506
2 209803 506
1 210529 250
2 210529 250
7 210771 250
7 210892 250
2 211013 250
3 211013 250
7 211496 250
2 211737 602
3 211737 602
7 212703 250
7 212824 250
2 212944 250
5 212944 250
2 213187 250
2 213430 250
2 213673 250
2 213915 250
2 214158 250
4 214158 250
2 214401 250
4 214401 250
2 214644 250
4 214644 250
2 214886 250
4 214886 250
2 215120 250
4 215120 250
2 215353 250
4 215353 250
2 215587 250
4 215587 250
2 215820 250
4 215820 250
7 216054 250
7 216170 250
3 216287 250
4 216287 250
3 216754 250
2 216754 1594
4 216879 811
3 218419 250
5 218419 250
2 218503 250
1 218752 410
2 219234 250
5 219234 250
1 219355 250
0 219475 538
3 220439 250
2 220680 410
3 221158 250
5 221158 250
2 221238 250
1 221317 250
0 221397 250
1 221716 250
2 222194 250
4 222592 250
3 222831 250
5 222831 250
2 223070 250
3 223309 250
2 223548 250
5 223548 250
1 223787 250
0 224026 250
2 224266 250
5 224266 250
1 224385 250
0 224505 650
0 225592 250
1 225712 250
2 225954 250
4 226093 250
3 226357 404
4 226827 250
5 226827 250
3 226922 250
2 227018 404
3 227487 250
4 227568 474
2 228375 410
1 228855 250
1 229096 570
1 230057 250
2 230177 250
1 230297 410
0 230782 250
3 231024 250
4 231085 386
3 231509 250
5 231509 250
2 231589 250
3 231670 250
2 231751 250
1 231872 250
3 231993 250
5 231993 250
2 231993 1546
4 232115 250
3 232236 410
2 232719 250
2 232961 586
3 233927 250
4 234048 250
3 234169 410
2 234650 250
2 234891 410
1 235373 250
2 235494 458
1 236096 506
3 236818 602
5 236818 250
3 237782 250
4 237902 250
3 238023 410
2 238505 250
0 238745 250
1 238826 378
0 239227 410
1 239709 250
1 239950 250
2 240030 858
3 241635 250
4 241756 250
3 241876 506
2 242597 410
1 243078 250
2 243158 474
1 243799 506
3 244514 410
5 244514 250
2 244991 250
3 245070 378
0 245467 250
1 245587 250
2 245706 250
3 245785 250
2 245865 250
1 245944 250
2 246063 250
3 246182 250
4 246262 250
1 246421 250
5 246421 250
0 246540 250
2 246659 250
0 246778 250
1 246898 250
2 247017 250
3 247136 250
4 247255 250
1 247374 250
2 247494 250
3 247613 250
4 247733 250
2 247853 250
3 247974 250
4 248094 250
3 248214 250
2 248335 250
1 248455 250
3 248575 250
0 248655 250
1 248735 250
2 248816 250
3 248896 250
2 248976 250
0 249056 250
1 249136 250
2 249217 250
3 249297 250
2 249377 250
1 249457 250
1 249537 250
2 249537 1594
2 249618 378
1 250021 250
2 250102 378
1 250505 410
2 250586 378
1 250990 250
1 251111 250
2 251111 250
5 251111 250
1 251232 250
0 251353 250
1 251474 250
5 251474 250
2 251716 250
5 251716 250
1 251959 250
2 252040 570
1 252930 250
2 252930 250
2 253052 250
1 253173 250
0 253295 250
2 253416 250
5 253416 250
3 253497 346
2 253821 250
5 253821 250
3 253902 602
2 254873 250
2 254954 378
3 254954 378
5 254954 250
2 255359 250
3 255439 378
3 255837 250
4 255917 250
2 256076 250
5 256076 250
3 256315 410
5 256315 250
2 256793 250
3 256793 250
2 256913 250
1 257032 250
1 257271 250
2 257352 474
1 257997 250
2 258239 250
5 258239 250
2 258481 250
1 258723 250
0 258965 250
2 259207 250
1 259449 250
5 259449 250
0 259570 250
1 259691 250
2 259812 250
1 259933 250
0 260054 250
1 260175 250
2 260255 250
1 260336 250
2 260417 250
1 260497 250
0 260578 250
0 260659 250
1 260898 362
2 261256 250
5 261256 250
0 261376 250
1 261615 250
0 261854 250
1 262093 250
2 262172 250
3 262332 250
5 262332 250
1 262491 250
5 262491 250
2 262571 250
3 262730 250
4 262730 250
1 262890 250
5 262890 250
2 262969 250
3 263129 250
4 263129 250
1 263288 250
5 263288 250
2 263368 250
3 263527 250
4 263527 250
1 263686 250
5 263686 250
2 263766 250
3 263886 250
4 263886 250
5 263886 250
2 264005 250
3 264085 250
2 264165 250
1 264244 250
0 264364 250
3 264483 250
2 264603 250
1 264722 250
1 264842 250
2 264961 410
1 265439 250
0 265559 250
1 265678 410
1 266157 250
1 266276 250
2 266396 250
5 266396 250
3 266515 250
2 266635 250
1 266754 250
2 266874 410
1 267352 250
0 267471 250
1 267591 410
1 268069 250
2 268188 250
2 268308 250
2 268308 1306
3 268427 250
2 268547 250
1 268667 250
2 268786 250
2 268906 250
1 269025 250
0 269145 250
3 269264 250
3 269384 250
2 269503 250
3 269623 250
4 269742 250
4 269862 250
3 269981 250
1 270101 250
2 270220 250
2 270340 250
1 270459 250
0 270579 250
2 270698 250
3 270698 250
2 270818 250
3 270818 250
2 270937 250
1 271057 250
4 271176 250
4 271296 250
3 271416 250
2 271535 250
4 271655 250
3 271894 250
3 272133 250
4 272252 250
3 272372 250
2 272451 250
1 272531 250
2 272611 250
3 272690 250
2 272769 250
1 272848 250
0 272967 250
1 273085 250
2 273204 250
3 273323 250
2 273402 250
1 273481 250
1 273560 250
2 273679 250
3 273797 250
2 273876 250
1 273955 250
0 274035 250
1 274114 250
3 274272 250
2 274351 250
1 274430 250
1 274509 250
2 274589 250
3 274748 250
2 274828 250
1 274908 250
0 274987 250
3 275107 250
2 275226 250
1 275306 250
0 275386 250
1 275465 250
2 275545 250
2 275625 250
3 275704 250
2 275784 250
1 275864 250
1 275943 250
2 276023 250
4 276103 250
2 276182 250
1 276262 250
2 276342 250
3 276421 666
2 277537 250
3 277617 250
2 277696 250
0 277856 250
1 277856 250
2 277935 250
1 278015 250
0 278095 250
4 278214 250
3 278334 250
4 278413 250
4 278493 250
3 278573 250
2 278692 250
2 278812 250
3 278892 250
2 278971 250
0 279051 250
1 279131 250
2 279290 250
3 279410 250
1 279529 250
5 279529 250
2 279609 250
1 279768 250
0 279888 250
2 280007 250
0 280127 250
1 280246 409
3 280718 250
6 280718 250
2 280796 250
6 280796 250
1 280875 250
6 280875 250
0 280954 337
6 280954 250
1 281248 250
6 281248 250
2 281307 250
6 281307 250
7 281897 250
0 282133 250
1 282133 250
7 282597 250
2 282829 409
3 283294 250
6 283294 250
2 283410 250
6 283410 250
1 283526 250
6 283526 250
0 283642 250
6 283642 250
7 283759 250
5 283759 250
1 283991 250
3 284222 250
4 284222 250
3 284338 250
4 284338 250
7 284454 250
5 284454 250
7 284570 250
3 284685 250
4 284685 250
7 285727 250
7 285843 250
3 286303 250
3 286418 250
7 287223 250
7 287453 250
7 287568 250
3 287683 250
5 287683 250
2 287683 1738
4 287762 474
7 288393 250
7 288472 250
3 290736 250
4 290736 250
7 290969 250
3 291201 250
4 291201 250
4 293495 250
6 293495 250
3 293612 250
6 293612 250
2 293729 250
6 293729 250
1 293847 250
6 293847 250
7 294669 250
7 294904 250
7 295022 250
3 295139 250
5 295139 250
2 295257 250
7 296783 250
7 296899 250
3 297015 250
5 297015 250
2 297131 250
1 297247 250
0 297362 250
2 297478 250
1 297594 250
0 297710 250
1 300467 250
2 300560 250
1 300656 250
2 300750 250
1 300843 250
2 300939 250
1 301033 250
2 301128 250
1 301222 250
2 301315 250
1 301411 250
2 301505 250
1 301601 250
2 301694 250
1 301772 250
2 301849 250
1 301926 250
2 302003 250
1 302081 250
2 302158 250
1 302235 250
2 302312 250
1 302390 250
2 302467 250
1 302544 250
2 302621 250
3 302700 474
7 305897 250
7 306129 250
7 306246 250
3 306362 250
5 306362 250
2 306362 2074
4 306440 250
3 306595 250
2 306829 250
1 307062 409
0 307529 250
7 307646 250
5 307646 250
7 307763 250
7 307879 250
7 307996 250
2 308229 250
3 308308 250
3 308466 250
3 308703 250
3 308940 250
3 309177 250
3 309414 250
3 309651 250
3 309888 250
4 309967 602
4 311232 250
4 311627 250
4 312022 250
4 312336 250
4 312651 441
3 313201 250
6 313201 250
2 313319 250
6 313319 250
1 313437 250
6 313437 250
0 313555 250
6 313555 250
1 313673 250
6 313673 250
1 313909 250
3 314145 409
2 314617 250
5 314617 250
3 314912 337
2 315208 250
5 315208 250
3 315444 250
3 315877 426
2 316390 362
5 316390 250
3 316745 250
5 316745 250
2 316982 250
5 316982 250
1 317101 250
0 317219 250
0 317456 250
1 317693 250
5 317693 250
0 317771 250
1 317849 250
0 317927 250
1 318005 250
2 318083 250
1 318161 250
0 318239 250
1 318317 441
2 318864 250
5 318864 250
3 319098 250
2 319254 250
5 319254 250
1 319411 250
5 319411 250
3 319567 250
2 319646 250
1 319724 250
2 319802 250
1 319881 250
2 319959 250
3 320037 250
2 320115 250
1 320194 250
0 320272 250
3 320350 250
2 320429 250
1 320507 250
0 320585 250
3 320663 250
3 320742 250
2 320820 250
1 320898 250
3 320977 250
3 321055 250
2 321133 250
1 321211 250
0 321290 250
3 321368 250
2 321446 250
1 321524 250
0 321602 250
3 321680 250
2 321758 250
1 321835 250
0 321913 250
3 321991 250
2 322069 250
1 322147 250
2 322225 250
1 322302 250
0 322380 250
3 322458 250
2 322536 250
1 322614 250
0 322692 250
1 322770 250
3 322847 250
2 322925 250
1 323003 250
0 323081 250
2 323159 250
1 323314 250
0 323431 250
3 323548 250
4 323626 329
3 323898 250
5 323898 250
4 324015 250
3 324132 394
2 324599 1378
4 324638 250
3 324716 250
2 324794 250
3 324872 250
1 324949 697
2 326120 473
5 326120 250
3 326744 250
2 326822 250
1 326901 250
0 327057 250
5 327057 250
1 327173 337
1 327464 250
2 327542 250
1 327620 250
0 327697 250
1 327814 250
1 328047 250
0 328280 250
1 328454 250
0 328687 250
3 328920 409
4 329383 250
5 329383 250
3 329615 409
4 330078 250
5 330078 250
3 330309 250
2 330541 250
4 330772 250
3 331091 250
2 331409 250
3 331728 250
2 332047 250
1 332366 250
0 332684 250
1 332802 250
0 332919 409
1 333388 250
0 333467 377
0 333858 250
0 334093 250
0 334330 250
1 334449 250
0 334567 250
1 334686 250
0 334805 250
1 334923 250
0 335042 250
1 335161 250
0 335279 250
1 335398 250
1 335517 250
4 335635 250
3 335754 250
2 335873 250
1 335991 250
0 336110 250
3 336466 250
4 336546 762
4 337900 378
3 338299 250
5 338299 250
2 338379 514
2 339200 250
1 339359 562
1 340348 322
0 340665 608
5 340665 250
3 341834 250
5 341834 250
2 341931 576
0 343003 250
1 343098 575
0 344150 608
5 344150 250
7 345354 4090
