3 2017 250
4 2017 250
6 2017 250
1 5420 250
6 5420 250
2 5546 250
6 5546 250
2 5924 250
6 5924 250
3 6050 250
6 6050 250
2 7059 250
0 8067 250
2 9425 1922
1 9446 250
6 9446 250
2 9571 250
6 9571 250
2 9947 250
6 9947 250
3 10072 250
6 10072 250
2 11075 250
0 12077 250
1 13456 250
6 13456 250
2 13581 250
6 13581 250
0 13978 250
6 13978 250
1 14082 250
6 14082 250
1 15001 250
6 15001 250
2 15108 250
6 15108 250
0 16048 250
6 16048 250
1 16134 250
6 16134 250
1 16561 250
6 16561 250
2 16646 250
6 16646 250
4 17074 250
6 17074 250
3 17159 250
6 17159 250
0 17587 250
6 17587 250
2 17672 250
6 17672 250
4 18099 250
6 18099 250
3 18228 684
6 18228 250
4 19467 250
6 19467 250
3 19595 250
6 19595 250
1 19723 250
6 19723 250
0 19851 250
6 19851 250
3 20108 250
6 20108 250
2 20493 250
6 20493 250
1 20621 250
6 20621 250
0 20749 250
6 20749 250
1 21646 250
6 21646 250
2 21775 250
6 21775 250
0 22159 250
6 22159 250
1 22287 250
6 22287 250
1 23185 250
6 23185 250
2 23313 250
6 23313 250
2 24168 2306
0 24210 250
6 24210 250
1 24339 250
6 24339 250
1 24723 250
6 24723 250
2 24851 250
6 24851 250
4 25236 250
6 25236 250
3 25364 250
6 25364 250
1 25749 250
6 25749 250
3 25877 250
6 25877 250
4 26262 250
6 26262 250
2 26390 250
6 26390 250
3 26433 1356
6 26433 250
2 29467 250
6 29467 250
1 29830 250
6 29830 250
2 29980 250
6 29980 250
0 30343 250
6 30343 250
1 30493 250
6 30493 250
1 31366 250
6 31366 250
2 31516 250
6 31516 250
0 32411 250
6 32411 250
1 32539 250
6 32539 250
1 32922 250
6 32922 250
2 33050 250
6 33050 250
4 33434 250
6 33434 250
3 33562 250
6 33562 250
0 33967 250
6 33967 250
2 34073 250
6 34073 250
4 34499 250
6 34499 250
2 34585 250
6 34585 250
3 34627 684
6 34627 250
4 35863 250
6 35863 250
3 35991 250
6 35991 250
1 36119 250
6 36119 250
0 36247 250
6 36247 250
3 36503 250
6 36503 250
2 36886 250
6 36886 250
1 37014 250
6 37014 250
0 37142 250
6 37142 250
0 37973 250
1 37973 250
1 38165 250
2 38165 250
5 38165 250
2 38485 250
4 38485 250
3 38677 250
4 38677 250
5 38677 250
3 39265 250
6 39265 250
4 39331 317
6 39331 250
3 39592 250
6 39592 250
2 39756 250
6 39756 250
3 39821 329
6 39821 250
2 40115 250
6 40115 250
1 40311 341
6 40311 250
0 40638 250
6 40638 250
2 40725 1658
3 40769 250
6 40769 250
2 40900 365
6 40900 250
3 41292 250
6 41292 250
2 41423 365
6 41423 250
3 41815 250
6 41815 250
2 41946 365
6 41946 250
3 42338 250
6 42338 250
2 42469 365
6 42469 250
3 42861 250
6 42861 250
2 43021 250
6 43021 250
0 43181 250
6 43181 250
1 43372 250
6 43372 250
2 43436 328
6 43436 250
1 43723 250
6 43723 250
2 43787 352
6 43787 250
2 44138 250
6 44138 250
1 44266 250
6 44266 250
0 44393 250
6 44393 250
0 46876 363
2 46876 363
6 46876 250
1 47248 435
2 47248 435
6 47248 250
1 47806 250
6 47806 250
0 47868 250
6 47868 250
1 48860 363
3 48860 363
6 48860 250
2 49231 603
3 49231 603
6 49231 250
2 50223 250
3 50223 250
6 50223 250
3 50409 339
6 50409 250
3 50719 795
4 50719 795
6 50719 250
2 52207 250
3 52207 250
6 52207 250
1 52393 339
3 52393 339
6 52393 250
0 52703 682
1 52703 490
6 52703 250
0 54686 250
1 54686 250
6 54686 250
1 54810 250
2 54810 250
6 54810 250
2 54934 250
3 54934 250
6 54934 250
1 55058 250
2 55058 250
6 55058 250
0 55182 250
1 55182 250
6 55182 250
1 55306 363
2 55306 363
6 55306 250
0 55678 250
1 55678 250
6 55678 250
1 56669 250
6 56669 250
2 56793 250
3 56793 250
6 56793 250
3 56917 250
4 56917 250
6 56917 250
2 57041 250
3 57041 250
6 57041 250
1 57165 250
2 57165 250
6 57165 250
2 57289 363
3 57289 363
6 57289 250
1 57661 459
2 57661 459
6 57661 250
0 58281 339
2 58281 339
6 58281 250
2 58508 2194
0 58591 1059
1 58591 1059
6 58591 250
2 59273 250
6 59273 250
3 59335 250
6 59335 250
2 59769 250
6 59769 250
3 59831 250
6 59831 250
2 60265 250
6 60265 250
3 60327 250
6 60327 250
3 60760 250
6 60760 250
4 60884 250
6 60884 250
3 61256 250
6 61256 250
4 61318 250
6 61318 250
2 61752 250
6 61752 250
1 61876 250
6 61876 250
0 62000 250
6 62000 250
0 62248 250
2 62248 250
6 62248 250
1 62589 470
2 62589 470
6 62589 250
2 63229 250
6 63229 250
1 63289 250
6 63289 250
0 63350 250
6 63350 250
1 64077 250
3 64077 250
6 64077 250
2 64198 250
3 64198 250
6 64198 250
2 64561 250
4 64561 250
6 64561 250
3 64682 250
4 64682 250
6 64682 250
3 64985 250
4 64985 250
6 64985 250
2 65167 250
3 65167 250
6 65167 250
1 65288 250
2 65288 250
6 65288 250
0 65409 250
2 65409 250
6 65409 250
0 65652 250
1 65652 250
6 65652 250
1 65894 250
2 65894 250
6 65894 250
0 66439 250
6 66439 250
2 66621 362
3 66621 362
6 66621 250
2 66985 350
4 66985 350
6 66985 250
3 67318 250
4 67318 250
6 67318 250
2 67469 250
4 67469 250
6 67469 250
3 67621 350
4 67621 350
6 67621 250
2 67954 362
4 67954 362
6 67954 250
2 68317 314
3 68317 314
6 68317 250
1 68560 730
3 68560 730
6 68560 250
1 70014 338
2 70014 338
6 70014 250
0 70317 482
1 70317 482
6 70317 250
0 70975 346
6 70975 250
2 72344 250
3 72344 250
6 72344 250
3 72463 250
4 72463 250
6 72463 250
3 72820 434
4 72820 434
6 72820 250
1 73355 250
2 73355 250
6 73355 250
2 73475 250
3 73475 250
6 73475 250
2 73832 410
3 73832 410
6 73832 250
0 74308 634
1 74308 634
6 74308 250
1 77641 250
2 77641 250
3 77641 250
6 77641 250
2 78117 538
3 78117 538
4 78117 538
6 78117 250
4 79026 250
6 79026 250
3 79120 250
6 79120 250
1 79527 250
6 79527 250
2 79997 250
6 79997 250
3 80122 363
6 80122 250
2 80498 250
6 80498 250
3 80624 370
6 80624 250
1 81125 250
6 81125 250
1 81407 250
6 81407 250
0 81626 370
6 81626 250
2 82127 250
6 82127 250
2 82503 250
6 82503 250
3 82629 351
6 82629 250
0 82973 675
6 82973 250
2 84132 1730
2 84164 250
6 84164 250
3 84226 471
6 84226 250
3 84884 250
6 84884 250
2 84968 250
6 84968 250
1 85051 250
6 85051 250
0 85135 250
6 85135 250
2 85218 250
6 85218 250
3 85302 250
6 85302 250
4 85386 443
6 85386 250
2 85970 250
6 85970 250
2 86179 250
6 86179 250
3 86221 250
6 86221 250
2 86492 250
6 86492 250
3 86534 250
6 86534 250
2 86680 250
6 86680 250
1 87015 250
6 87015 250
2 87140 250
6 87140 250
1 87516 250
6 87516 250
0 87641 250
6 87641 250
0 88894 250
6 88894 250
1 89020 250
6 89020 250
3 89145 250
6 89145 250
3 89333 250
6 89333 250
1 89521 250
6 89521 250
3 89688 250
6 89688 250
3 89855 250
6 89855 250
1 89980 250
6 89980 250
3 90147 250
6 90147 250
4 90189 250
6 90189 250
3 90398 250
6 90398 250
2 90482 250
6 90482 250
3 90649 250
6 90649 250
2 90899 250
6 90899 250
1 90983 250
6 90983 250
3 91150 250
6 91150 250
3 91401 250
6 91401 250
1 91484 250
6 91484 250
1 91651 250
6 91651 250
2 91693 250
6 91693 250
1 91902 250
6 91902 250
0 91985 250
6 91985 250
1 92275 250
6 92275 250
0 92397 250
6 92397 250
2 92519 250
6 92519 250
1 92641 250
6 92641 250
2 92947 250
6 92947 250
3 93008 250
6 93008 250
4 93130 250
6 93130 250
3 93192 250
6 93192 250
4 93253 250
6 93253 250
3 93314 250
6 93314 250
4 93375 250
6 93375 250
2 93436 250
6 93436 250
2 94478 250
6 94478 250
0 95094 250
6 95094 250
0 95423 250
6 95423 250
1 95546 250
6 95546 250
1 96081 411
6 96081 250
2 96574 411
6 96574 250
3 97067 411
6 97067 250
3 97560 250
6 97560 250
2 98710 1338
4 98730 250
6 98730 250
3 98895 250
6 98895 250
2 99100 250
6 99100 250
3 99182 250
6 99182 250
2 99265 250
6 99265 250
4 99532 250
6 99532 250
1 99675 250
6 99675 250
3 99819 250
6 99819 250
1 99963 250
6 99963 250
2 100107 250
6 100107 250
3 100230 250
6 100230 250
1 100394 250
6 100394 250
1 100579 250
6 100579 250
2 100703 250
6 100703 250
0 100887 250
6 100887 250
1 101093 339
6 101093 250
2 101401 250
6 101401 250
2 102428 250
6 102428 250
3 102551 411
6 102551 250
4 103044 250
6 103044 250
2 103352 250
6 103352 250
3 103414 250
6 103414 250
2 103476 371
6 103476 250
1 103866 250
6 103866 250
4 104030 250
6 104030 250
1 104359 250
6 104359 250
3 104503 250
6 104503 250
1 104852 250
6 104852 250
2 104996 355
6 104996 250
1 105345 250
6 105345 250
0 105489 250
6 105489 250
1 105818 683
6 105818 250
3 107009 250
6 107009 250
2 107338 250
6 107338 250
1 107461 250
6 107461 250
0 107810 626
6 107810 250
1 109324 250
6 109324 250
2 109453 250
6 109453 250
2 109840 250
6 109840 250
3 109969 250
6 109969 250
2 111002 250
0 112034 250
1 113454 250
6 113454 250
2 113583 250
6 113583 250
0 114003 250
6 114003 250
1 114111 250
6 114111 250
1 115039 250
6 115039 250
2 115147 250
6 115147 250
0 116097 250
6 116097 250
1 116183 250
6 116183 250
1 116615 250
6 116615 250
2 116701 250
6 116701 250
4 117133 250
6 117133 250
3 117219 250
6 117219 250
0 117651 250
6 117651 250
2 117738 250
6 117738 250
2 118115 1450
4 118169 250
6 118169 250
3 118299 684
6 118299 250
4 119551 250
6 119551 250
3 119681 250
6 119681 250
1 119810 250
6 119810 250
0 119940 250
6 119940 250
3 120199 250
6 120199 250
3 120577 250
6 120577 250
2 120706 250
6 120706 250
1 120836 250
6 120836 250
0 120944 250
6 120944 250
1 121742 250
6 121742 250
2 121872 250
6 121872 250
0 122293 250
6 122293 250
1 122401 250
6 122401 250
1 123336 250
6 123336 250
2 123444 250
6 123444 250
0 124401 250
6 124401 250
1 124488 250
6 124488 250
1 124923 250
6 124923 250
2 125010 250
6 125010 250
4 125444 250
6 125444 250
3 125531 250
6 125531 250
2 125977 250
6 125977 250
3 126042 250
6 126042 250
4 126488 250
6 126488 250
3 126618 417
6 126618 250
2 127151 677
3 127151 677
4 127151 677
6 127151 250
3 128390 730
6 128390 250
2 128651 634
6 128651 250
1 128912 538
6 128912 250
0 129173 442
6 129173 250
1 130086 250
6 130086 250
2 130216 250
6 130216 250
0 130640 250
6 130640 250
1 130749 250
6 130749 250
1 131686 250
6 131686 250
2 131795 250
6 131795 250
2 132721 2130
0 132754 250
6 132754 250
1 132841 250
6 132841 250
1 133277 250
6 133277 250
2 133364 250
6 133364 250
4 133800 250
6 133800 250
3 133887 250
6 133887 250
0 134323 250
6 134323 250
2 134410 250
6 134410 250
4 134846 250
6 134846 250
3 134977 684
6 134977 250
4 136241 250
6 136241 250
3 136372 250
6 136372 250
1 136503 250
6 136503 250
0 136634 250
6 136634 250
3 136895 250
6 136895 250
3 137277 250
6 137277 250
2 137407 250
6 137407 250
1 137538 250
6 137538 250
0 137647 250
6 137647 250
0 138388 250
1 138388 250
1 138584 250
2 138584 250
5 138584 250
2 138911 250
4 138911 250
3 139107 250
4 139107 250
5 139107 250
3 139723 250
6 139723 250
4 139791 317
6 139791 250
3 140065 250
6 140065 250
2 140236 250
6 140236 250
3 140304 329
6 140304 250
2 140612 250
6 140612 250
1 140817 341
6 140817 250
0 141159 250
6 141159 250
3 141295 250
6 141295 250
2 141432 365
6 141432 250
3 141842 250
6 141842 250
2 141979 365
6 141979 250
3 142389 250
6 142389 250
2 142526 365
6 142526 250
3 142936 250
6 142936 250
2 143073 365
6 143073 250
3 143483 250
6 143483 250
2 143645 250
6 143645 250
0 143807 250
6 143807 250
1 144002 250
6 144002 250
2 144066 328
6 144066 250
1 144358 250
6 144358 250
2 144423 352
6 144423 250
1 144779 250
6 144779 250
3 144877 250
6 144877 250
2 145039 250
6 145039 250
1 145428 250
6 145428 250
3 145557 250
6 145557 250
2 145727 250
6 145727 250
0 145896 250
6 145896 250
1 146099 250
6 146099 250
2 146167 328
6 146167 250
1 146472 250
6 146472 250
2 146540 352
6 146540 250
0 146980 250
6 146980 250
1 147183 250
6 147183 250
2 147556 250
6 147556 250
3 147725 250
6 147725 250
2 147895 250
6 147895 250
0 148064 250
6 148064 250
1 148267 250
6 148267 250
2 148335 328
6 148335 250
1 148640 250
6 148640 250
2 148708 670
6 148708 250
1 151452 1810
2 151452 1426
3 151452 1042
4 151452 658
6 151452 250
