2 2306 250
3 2562 250
3 3075 250
3 3844 250
3 4101 250
3 4613 250
1 5126 250
1 5383 250
1 5639 250
1 5895 250
2 6408 250
2 6665 250
2 7178 250
2 7947 250
2 8203 250
2 8716 250
3 9229 250
3 9485 250
4 9742 250
4 9998 250
0 10511 250
0 10767 250
0 11280 250
0 12049 250
0 12306 250
0 12819 250
0 13588 250
0 13844 250
1 14613 250
1 14870 250
1 15383 250
1 16152 250
7 16408 250
2 16408 1042
7 16921 250
7 17434 250
7 17690 250
2 18716 250
3 18972 250
3 19485 250
3 20254 250
3 20511 250
3 21024 250
1 21536 250
1 21793 250
1 22049 250
1 22306 250
2 22819 250
2 23075 250
2 23588 250
2 24357 250
2 24613 250
2 25126 250
3 25639 250
3 25895 250
4 26152 250
4 26408 250
0 26921 250
0 27178 250
0 27690 250
0 28460 250
0 28716 250
0 29229 250
0 29998 250
0 30254 250
1 31024 250
1 31280 250
1 31793 250
1 32562 250
7 32819 250
7 33331 250
7 33844 250
7 34101 250
2 35126 250
3 35383 250
3 35895 250
3 36665 250
3 36921 250
2 36921 1042
3 37434 250
1 37947 250
1 38203 250
1 38460 250
1 38716 250
2 39229 250
2 39485 250
2 39998 250
2 40767 250
2 41024 250
2 41536 250
3 42049 250
3 42306 250
4 42562 250
4 42819 250
0 43331 250
0 43588 250
0 44101 250
0 44870 250
0 45126 250
0 45639 250
0 46408 250
0 46665 250
3 47434 250
3 47690 250
3 48203 250
3 48972 250
2 49485 250
2 49742 250
2 50254 250
2 51024 250
0 51280 996
1 51536 250
2 51793 250
3 52049 708
0 53331 420
1 53588 250
2 53844 250
3 54101 250
4 54186 388
3 54613 250
2 54870 250
1 55126 250
0 55383 996
2 55639 250
3 55895 250
4 56152 708
0 57434 420
2 57434 970
2 57690 250
3 57947 250
2 58203 250
4 58289 388
3 58716 250
2 58972 250
1 59229 250
0 59485 996
1 59742 250
2 59998 250
4 60254 708
0 61536 804
1 61793 250
2 62049 250
4 62306 516
0 63075 250
4 63075 250
1 63588 826
2 63844 250
3 64101 250
4 64357 538
7 65639 970
1 65895 250
3 66152 250
4 66408 420
3 66921 250
0 67690 442
0 68460 250
0 68716 442
0 69742 442
0 70511 250
0 70767 420
1 71280 420
2 71793 442
2 72562 250
2 72819 442
2 73844 442
2 74613 250
1 74870 420
2 75383 420
3 75895 442
3 76665 250
3 76921 442
3 77947 442
2 77947 1042
3 78716 250
3 78972 420
4 79485 250
3 79742 250
5 79742 250
1 79998 442
1 80767 250
1 81024 442
2 82049 442
2 82819 250
2 83075 420
4 83588 250
3 83716 250
0 84101 442
0 84870 250
0 85126 442
0 86152 442
0 86921 250
0 87178 420
1 87690 420
2 88203 442
2 88972 250
2 89229 442
2 90254 442
2 91024 250
1 91280 420
2 91793 420
3 92306 442
3 93075 250
3 93331 442
3 94357 442
3 95126 250
3 95383 420
4 95895 250
4 96408 442
4 97178 250
4 97434 442
2 98460 442
2 98460 1042
2 99229 250
2 99485 420
4 99998 250
3 100254 250
5 100254 250
2 100767 250
3 101024 250
3 101536 250
3 102306 250
3 102562 250
3 103075 250
1 103588 250
1 103844 250
1 104101 250
1 104357 250
2 104870 250
2 105126 250
2 105639 250
2 106408 250
2 106665 250
2 107178 250
3 107690 250
3 107947 250
4 108203 250
4 108460 250
0 108972 250
0 109229 250
0 109742 250
0 110511 250
0 110767 250
0 111280 250
0 112049 250
0 112306 250
2 113075 250
2 113331 250
2 113844 250
2 114613 250
1 115126 250
1 115383 250
1 115895 250
1 116665 250
2 117178 250
3 117434 250
3 117947 250
3 118716 250
3 118972 250
2 118972 1042
3 119485 250
1 119998 250
1 120254 250
1 120511 250
1 120767 250
2 121280 250
2 121536 250
2 122049 250
2 122819 250
2 123075 250
2 123588 250
3 124101 250
3 124357 250
4 124613 250
4 124870 250
0 125383 250
0 125639 250
0 126152 250
0 126921 250
0 127178 250
0 127690 250
0 128460 250
0 128716 250
1 129485 250
1 129742 250
1 130254 250
1 131024 250
7 131280 250
7 131793 250
7 132306 250
7 132562 250
2 133588 250
3 133844 250
3 134357 250
3 135126 250
3 135383 250
3 135895 250
1 136408 250
1 136665 250
1 136921 250
1 137178 250
2 137690 250
2 137947 250
2 138460 250
2 139229 250
2 139485 250
2 139485 1042
2 139998 250
3 140511 250
3 140767 250
4 141024 250
4 141280 250
0 141793 250
0 142049 250
0 142562 250
0 143331 250
0 143588 250
0 144101 250
0 144870 250
0 145126 250
3 145895 250
3 146152 250
3 146665 250
3 147434 250
2 147947 250
2 148203 250
2 148716 250
2 149485 250
0 149742 996
1 149998 250
2 150254 250
3 150511 708
0 151793 420
1 152049 250
2 152306 250
3 152562 250
4 152648 388
3 153075 250
2 153331 250
1 153588 250
0 153844 996
2 154101 250
3 154357 250
4 154613 708
0 155895 420
2 156152 250
3 156408 250
2 156665 250
4 156750 388
3 157178 250
2 157434 250
1 157690 250
0 157947 996
1 158203 250
2 158460 250
4 158716 708
0 159998 804
2 159998 922
1 160254 250
2 160511 250
4 160767 516
0 161536 250
4 161536 250
1 162049 826
2 162306 250
3 162562 250
4 162819 538
7 164101 970
1 164357 250
3 164613 250
4 164870 420
3 165383 394
2 166408 250
3 166665 250
3 167178 250
3 167947 250
3 168203 250
3 168716 250
1 169229 250
1 169485 250
1 169742 250
1 169998 250
2 170511 250
2 170767 250
2 171280 250
2 172049 250
2 172306 250
2 172819 250
3 173331 250
3 173588 250
4 173844 250
4 174101 250
0 174613 250
0 174870 250
0 175383 250
0 176152 250
0 176408 250
0 176921 250
0 177690 250
0 177947 250
2 178716 250
2 178972 250
2 179485 250
2 180254 250
2 180511 1042
1 180767 250
1 181024 250
1 181536 250
1 182306 250
2 182819 250
3 183075 250
3 183588 250
3 184357 250
3 184613 250
3 185126 250
1 185639 250
1 185895 250
1 186152 250
1 186408 250
2 186921 250
2 187178 250
2 187690 250
2 188460 250
2 188716 250
2 189229 250
3 189742 250
3 189998 250
4 190254 250
4 190511 250
0 191024 250
0 191280 250
0 191793 250
0 192562 250
0 192819 250
0 193331 250
0 194101 250
0 194357 250
1 195126 250
1 195383 250
1 195895 250
1 196665 250
7 196921 250
7 197434 250
7 197947 250
7 198203 250
2 199229 250
3 199485 250
3 199998 250
3 200767 250
3 201024 250
2 201024 1042
3 201536 250
1 202049 250
1 202306 250
1 202562 250
1 202819 250
2 203331 250
2 203588 250
2 204101 250
2 204870 250
2 205126 250
2 205639 250
3 206152 250
3 206408 250
4 206665 250
4 206921 250
0 207434 250
0 207690 250
0 208203 250
0 208972 250
0 209229 250
0 209742 250
0 210511 250
0 210767 250
2 211536 250
2 211793 250
2 212306 250
2 213075 250
1 213588 250
1 213844 250
1 214357 250
1 215126 250
2 215639 250
3 215895 250
3 216408 250
3 217178 250
3 217434 250
3 217947 250
1 218460 250
1 218716 250
1 218972 250
1 219229 250
2 219742 250
2 219998 250
2 220511 250
2 221280 250
2 221536 250
2 221536 1042
2 222049 250
3 222562 250
3 222819 250
4 223075 250
4 223331 250
0 223844 250
0 224101 250
0 224613 250
0 225383 250
0 225639 250
0 226152 250
0 226921 250
0 227178 250
1 227947 250
1 228203 250
1 228716 250
1 229485 250
7 229742 250
7 230254 250
7 230767 250
7 231024 250
2 232049 250
3 232306 250
3 232819 250
3 233588 250
3 233844 250
3 234357 250
1 234870 250
1 235126 250
1 235383 250
1 235639 250
2 236152 250
2 236408 250
2 236921 250
2 237690 250
2 237947 250
2 238460 250
3 238972 250
3 239229 250
4 239485 250
4 239742 250
0 240254 250
0 240511 250
0 241024 250
0 241793 250
0 242049 250
0 242562 250
0 243331 250
0 243588 250
2 244357 250
2 244613 250
2 245126 250
2 245895 250
1 246408 250
1 246665 250
1 247178 250
1 247947 250
