3 2338 250
4 2338 250
6 2338 250
2 2338 3322
2 5455 250
3 5455 250
6 5455 250
2 6234 250
6 6234 250
2 6331 250
6 6331 250
2 6429 250
6 6429 250
2 6526 250
6 6526 250
2 6623 250
6 6623 250
2 6721 250
6 6721 250
2 6818 250
6 6818 250
2 6916 250
6 6916 250
2 7013 250
6 7013 250
2 7110 250
6 7110 250
2 7208 250
6 7208 250
2 7305 250
6 7305 250
2 7403 250
6 7403 250
2 7500 250
6 7500 250
2 7597 250
6 7597 250
2 7695 250
6 7695 250
2 7792 250
6 7792 250
2 7890 250
6 7890 250
2 7987 250
6 7987 250
2 8084 250
6 8084 250
2 8182 250
6 8182 250
2 8279 250
6 8279 250
2 8377 250
6 8377 250
1 8571 250
3 8571 250
1 8961 250
3 8961 250
1 9351 250
3 9351 250
1 9740 250
3 9740 250
1 10130 250
3 10130 250
1 10519 250
3 10519 250
1 10909 250
3 10909 250
1 11299 250
3 11299 250
0 11688 250
2 11688 250
0 12078 250
2 12078 250
0 12468 250
2 12468 250
0 12857 250
2 12857 250
0 13247 250
2 13247 250
0 13636 250
2 13636 250
0 14026 250
2 14026 250
0 14416 250
2 14416 250
1 14805 250
3 14805 250
1 15195 250
3 15195 250
1 15584 250
3 15584 250
1 15974 250
3 15974 250
1 16364 250
3 16364 250
1 16753 250
3 16753 250
1 17143 250
3 17143 250
1 17532 250
3 17532 250
0 17922 250
2 17922 250
0 18312 250
2 18312 250
0 18701 250
2 18701 250
0 19091 250
2 19091 250
0 19481 250
2 19481 250
0 19870 250
2 19870 250
0 20260 250
2 20260 250
1 21039 250
3 21039 250
1 21429 250
3 21429 250
1 21818 250
3 21818 250
1 22208 250
3 22208 250
1 22597 250
3 22597 250
1 22987 250
3 22987 250
1 23377 250
3 23377 250
1 23766 250
3 23766 250
0 24156 250
2 24156 250
2 24156 1786
0 24545 250
2 24545 250
0 24935 250
2 24935 250
0 25325 250
2 25325 250
0 25714 250
2 25714 250
0 26104 250
2 26104 250
0 26494 250
2 26494 250
0 26883 250
2 26883 250
1 27273 250
3 27273 250
1 27662 250
3 27662 250
1 28052 250
3 28052 250
1 28442 250
3 28442 250
1 28831 250
3 28831 250
1 29221 250
3 29221 250
1 29610 250
3 29610 250
1 30000 250
3 30000 250
0 30390 250
2 30390 250
0 30779 250
2 30779 250
0 31169 250
2 31169 250
0 31558 250
2 31558 250
0 31948 250
2 31948 250
0 32338 250
2 32338 250
0 32727 250
2 32727 250
3 33506 250
4 33506 250
6 33506 250
1 33896 250
3 33896 250
1 34286 250
3 34286 250
1 34675 250
3 34675 250
1 35065 250
3 35065 250
1 35455 250
3 35455 250
1 35844 250
3 35844 250
1 36234 250
3 36234 250
2 36623 250
3 36623 250
6 36623 250
0 37013 250
2 37013 250
0 37403 250
2 37403 250
0 37792 250
2 37792 250
0 38182 250
2 38182 250
0 38571 250
2 38571 250
0 38961 250
2 38961 250
0 39351 250
2 39351 250
3 39740 250
4 39740 250
6 39740 250
1 40130 250
3 40130 250
1 40519 250
3 40519 250
1 40909 250
3 40909 250
1 41299 250
3 41299 250
1 41688 250
3 41688 250
1 42078 250
3 42078 250
1 42468 250
3 42468 250
2 42857 250
3 42857 250
6 42857 250
2 42857 1882
0 43247 250
2 43247 250
0 43636 250
2 43636 250
0 44026 250
2 44026 250
0 44416 250
2 44416 250
0 44805 250
2 44805 250
0 45195 250
2 45195 250
0 45584 250
2 45584 250
3 45974 250
4 45974 250
6 45974 250
1 46364 250
3 46364 250
1 46753 250
3 46753 250
1 47143 250
3 47143 250
1 47532 250
3 47532 250
1 47922 250
3 47922 250
1 48312 250
3 48312 250
1 48701 250
3 48701 250
2 49091 250
3 49091 250
6 49091 250
0 49481 250
2 49481 250
0 49870 250
2 49870 250
0 50260 250
2 50260 250
0 50649 250
2 50649 250
0 51039 250
2 51039 250
0 51429 250
2 51429 250
3 52208 250
4 52208 250
6 52208 250
1 52597 250
3 52597 250
1 52987 250
3 52987 250
1 53377 250
3 53377 250
1 53766 250
3 53766 250
1 54156 250
3 54156 250
1 54545 250
3 54545 250
1 54935 250
3 54935 250
2 55325 250
3 55325 250
6 55325 250
0 55714 250
2 55714 250
0 56104 250
2 56104 250
0 56494 250
2 56494 250
0 56883 250
2 56883 250
2 58442 1210
6 58442 250
3 60779 600
6 60779 250
1 61558 1402
6 61558 250
2 61558 1882
2 64675 1210
6 64675 250
3 67013 600
6 67013 250
4 67792 1210
6 67792 250
3 70130 600
1 70909 250
3 70909 250
1 71299 250
3 71299 250
1 71688 250
3 71688 250
1 72078 250
3 72078 250
1 72468 250
3 72468 250
1 72857 250
3 72857 250
1 73247 250
3 73247 250
1 73636 250
3 73636 250
0 74026 250
2 74026 250
0 74416 250
2 74416 250
0 74805 250
2 74805 250
0 75195 250
2 75195 250
0 75584 250
2 75584 250
0 75974 250
2 75974 250
0 76364 250
2 76364 250
0 76753 250
2 76753 250
1 77143 250
3 77143 250
2 77143 3418
1 77532 250
3 77532 250
1 77922 250
3 77922 250
1 78312 250
3 78312 250
1 78701 250
3 78701 250
1 79091 250
3 79091 250
1 79481 250
3 79481 250
3 83377 250
4 83377 250
6 83377 250
1 83766 250
3 83766 250
1 84156 250
3 84156 250
1 84545 250
3 84545 250
1 84935 250
3 84935 250
1 85325 250
3 85325 250
1 85714 250
3 85714 250
1 86104 250
3 86104 250
2 86494 250
3 86494 250
6 86494 250
0 86883 250
2 86883 250
0 87273 250
2 87273 250
0 87662 250
2 87662 250
0 88052 250
2 88052 250
0 88442 250
2 88442 250
0 88831 250
2 88831 250
0 89221 250
2 89221 250
3 89610 250
4 89610 250
6 89610 250
1 90000 250
3 90000 250
1 90390 250
3 90390 250
1 90779 250
3 90779 250
1 91169 250
3 91169 250
1 91558 250
3 91558 250
1 91948 250
3 91948 250
1 92338 250
3 92338 250
2 92727 250
3 92727 250
6 92727 250
0 93117 250
2 93117 250
0 93506 250
2 93506 250
0 93896 250
2 93896 250
0 94286 250
2 94286 250
0 94675 250
2 94675 250
0 95065 250
2 95065 250
0 95455 250
2 95455 250
3 95844 250
4 95844 250
6 95844 250
1 96234 250
3 96234 250
1 96623 250
3 96623 250
1 97013 250
3 97013 250
1 97403 250
3 97403 250
1 97792 250
3 97792 250
1 98182 250
3 98182 250
1 98571 250
3 98571 250
2 98961 250
3 98961 250
6 98961 250
2 98961 1786
0 99351 250
2 99351 250
0 99740 250
2 99740 250
0 100130 250
2 100130 250
0 100519 250
2 100519 250
0 100909 250
2 100909 250
0 101299 250
2 101299 250
3 102078 250
4 102078 250
6 102078 250
1 102468 250
3 102468 250
1 102857 250
3 102857 250
1 103247 250
3 103247 250
1 103636 250
3 103636 250
1 104026 250
3 104026 250
1 104416 250
3 104416 250
1 104805 250
3 104805 250
2 105195 250
3 105195 250
6 105195 250
0 105584 250
2 105584 250
0 105974 250
2 105974 250
0 106364 250
2 106364 250
0 106753 250
2 106753 250
0 107143 250
2 107143 250
1 108312 250
3 108312 250
1 108701 250
3 108701 250
1 109091 250
3 109091 250
1 109481 250
3 109481 250
1 109870 250
3 109870 250
1 110260 250
3 110260 250
1 110649 250
3 110649 250
1 111039 250
3 111039 250
0 111429 250
2 111429 250
0 111818 250
2 111818 250
0 112208 250
2 112208 250
0 112597 250
2 112597 250
0 112987 250
2 112987 250
0 113377 250
2 113377 250
0 113766 250
2 113766 250
0 114156 250
2 114156 250
1 114545 250
3 114545 250
1 114935 250
3 114935 250
1 115325 250
3 115325 250
1 115714 250
3 115714 250
1 116104 250
3 116104 250
1 116494 250
3 116494 250
1 116883 250
3 116883 250
1 117273 250
3 117273 250
0 117662 250
2 117662 250
2 117662 1882
0 118052 250
2 118052 250
0 118442 250
2 118442 250
0 118831 250
2 118831 250
0 119221 250
2 119221 250
0 119610 250
2 119610 250
1 120779 250
3 120779 250
1 121169 250
3 121169 250
1 121558 250
3 121558 250
1 121948 250
3 121948 250
1 122338 250
3 122338 250
1 122727 250
3 122727 250
1 123117 250
3 123117 250
1 123506 250
3 123506 250
0 123896 250
2 123896 250
0 124286 250
2 124286 250
0 124675 250
2 124675 250
0 125065 250
2 125065 250
0 125455 250
2 125455 250
0 125844 250
2 125844 250
0 126234 250
2 126234 250
0 126623 250
2 126623 250
1 127013 250
3 127013 250
1 127403 250
3 127403 250
1 127792 250
3 127792 250
1 128182 250
3 128182 250
1 128571 250
3 128571 250
1 128961 250
3 128961 250
1 129351 250
3 129351 250
1 129740 250
3 129740 250
0 130130 250
2 130130 250
0 130519 250
2 130519 250
0 130909 250
2 130909 250
0 131299 250
2 131299 250
7 131688 1018
2 136364 250
3 136364 250
6 136364 250
0 136753 250
2 136753 250
0 137143 250
2 137143 250
0 137532 250
2 137532 250
0 137922 250
2 137922 250
0 138312 250
2 138312 250
2 138701 599
6 138701 250
3 139481 250
4 139481 250
6 139481 250
1 139870 250
3 139870 250
1 140260 250
3 140260 250
1 140649 250
3 140649 250
1 141039 250
3 141039 250
1 141429 250
3 141429 250
1 141818 250
3 141818 250
1 142208 250
3 142208 250
2 142597 250
3 142597 250
6 142597 250
2 142597 1882
0 142987 250
2 142987 250
0 143377 250
2 143377 250
0 143766 250
2 143766 250
2 144156 250
3 144351 250
2 144545 250
3 144740 250
2 144935 599
6 144935 250
3 145714 250
4 145714 250
6 145714 250
1 146104 250
3 146104 250
1 146494 250
3 146494 250
1 146883 250
3 146883 250
1 147273 250
3 147273 250
1 147662 250
3 147662 250
1 148052 250
3 148052 250
1 148442 250
3 148442 250
2 148831 250
3 148831 250
6 148831 250
0 149221 250
2 149221 250
0 149610 250
2 149610 250
0 150000 250
2 150000 250
0 150390 250
2 150390 250
0 150779 250
2 150779 250
2 151169 600
6 151169 250
3 151948 250
4 151948 250
6 151948 250
1 152338 250
3 152338 250
1 152727 250
3 152727 250
1 153117 250
3 153117 250
1 153506 250
3 153506 250
1 153896 250
3 153896 250
1 154286 250
3 154286 250
1 154675 250
3 154675 250
2 155065 250
3 155065 250
6 155065 250
0 155455 250
2 155455 250
0 155844 250
2 155844 250
0 156234 250
2 156234 250
2 156623 250
3 156818 250
2 157013 250
3 158182 250
3 158571 250
3 158961 250
3 159156 250
3 159351 250
3 159545 250
3 159740 250
2 159935 250
3 160130 250
2 160325 250
3 160519 250
3 160714 250
3 160909 250
3 161104 250
2 161299 250
2 161688 250
2 162078 250
2 162273 250
2 162468 250
3 162662 250
2 162857 250
3 163052 250
2 163247 250
3 163636 250
3 164026 250
3 164416 250
3 164805 250
3 165195 250
3 165390 250
3 165584 250
3 165779 250
3 165974 250
2 166169 250
3 166364 250
2 166558 250
3 166753 250
3 166948 250
3 167143 250
3 167338 250
0 167532 250
2 167532 250
0 167922 250
2 167922 250
0 168312 250
2 168312 250
0 168701 250
2 168701 250
