1 2256 250
6 2256 250
1 2711 250
6 2711 250
1 3165 250
6 3165 250
1 3620 250
6 3620 250
1 4075 250
6 4075 250
1 4529 250
6 4529 250
1 4984 250
6 4984 250
2 5665 250
2 6120 250
2 6575 250
2 7029 250
1 7484 250
1 7938 250
1 8393 250
1 8847 250
2 9302 250
2 9756 250
2 10211 250
2 10665 250
1 11120 250
0 11575 250
0 12029 250
0 12484 250
2 12938 250
2 13393 250
2 13847 250
2 14302 250
1 14756 250
1 15211 250
1 15665 250
1 16120 250
2 16575 250
2 17029 250
2 17484 250
2 17938 250
1 18393 250
0 18847 250
0 19302 250
0 19756 250
2 20211 250
2 20665 250
2 21120 250
2 21575 250
1 22029 250
1 22484 250
1 22938 250
1 23393 250
2 23847 250
2 24302 250
2 24756 250
2 25211 250
1 25665 250
0 26120 250
0 26575 250
0 27029 250
2 27484 250
2 27938 250
2 28393 250
2 28847 250
1 29302 250
1 29756 250
1 30211 250
1 30665 250
2 31120 250
2 31575 250
2 32029 250
2 32484 250
1 32938 250
2 32938 1066
0 33393 250
0 33847 250
0 34302 250
1 34756 250
1 35211 250
1 35665 250
1 36120 250
0 36575 250
0 37029 250
0 37484 250
0 37938 250
1 38393 250
1 38847 250
1 39302 250
1 39756 250
2 40211 250
2 40665 250
2 41120 250
1 41575 250
0 42029 250
0 42484 250
0 42938 250
0 43393 250
2 43847 250
2 44302 250
2 44756 250
2 45211 250
1 45665 250
1 46120 250
1 46575 250
1 47029 250
2 47484 250
2 47938 250
2 48393 250
1 48847 250
0 49302 250
0 49756 250
0 50211 250
0 50665 250
2 51120 250
2 51575 250
2 52029 250
2 52484 250
1 52938 250
1 53393 250
1 53847 250
1 54302 250
2 54756 250
2 55211 250
2 55665 250
1 56120 250
0 56575 250
0 57029 250
0 57484 250
0 57938 250
2 58393 250
2 58847 250
2 59302 250
2 59756 250
1 60211 250
1 60665 250
1 61120 250
1 61575 250
2 62029 250
2 62484 250
2 62938 250
1 63393 250
2 63847 250
2 64302 250
2 64756 250
2 65211 250
1 65665 250
1 66120 250
1 66575 250
1 67029 250
2 67484 250
2 67938 250
2 68393 250
2 68847 250
1 69302 250
2 69302 1066
0 69756 250
0 70211 250
0 70665 250
2 71120 250
2 71575 250
2 72029 250
2 72484 250
1 72938 250
1 73393 250
1 73847 250
1 74302 250
2 74756 250
2 75211 250
2 75665 250
2 76120 250
1 76575 250
0 77029 250
0 77484 250
0 77938 250
2 78393 250
2 78847 250
2 79302 250
2 79756 250
1 80211 250
1 80665 250
1 81120 250
1 81575 250
2 82029 250
2 82484 250
2 82938 250
2 83393 250
1 83847 250
0 84302 250
0 84756 250
0 85211 250
2 85665 250
2 86120 250
2 86575 250
2 87029 250
1 87484 250
1 87938 250
1 88393 250
1 88847 250
2 89302 250
2 89756 250
2 90211 250
2 90665 250
1 91120 250
0 91575 250
0 92029 250
0 92484 250
2 92938 250
2 93393 250
2 93847 250
2 94302 250
1 94756 250
1 95211 250
1 95665 250
2 95665 2218
1 96120 250
2 96575 250
2 97029 250
2 97484 250
2 97938 250
1 98393 250
0 98847 250
0 99302 250
0 99756 250
1 100211 250
1 100665 250
1 101120 250
1 101575 250
0 102029 250
0 102484 250
0 102938 250
0 103393 250
1 103847 250
1 104302 250
1 104756 250
1 105211 250
2 105665 250
2 106120 250
2 106575 250
1 107029 250
0 107484 250
0 107938 250
0 108393 250
0 108847 250
2 109302 250
2 109756 250
2 110211 250
2 110665 250
1 111120 250
1 111575 250
1 112029 250
1 112484 250
2 112938 250
2 113393 250
2 113847 250
1 114302 250
0 114756 250
0 115211 250
0 115665 250
0 116120 250
2 116575 250
2 117029 250
2 117484 250
2 117938 250
1 118393 250
1 118847 250
1 119302 250
1 119756 250
2 120211 250
2 120665 250
2 121120 250
1 121575 250
0 122029 250
0 122484 250
0 122938 250
0 123393 250
2 123847 250
2 124302 250
2 124756 250
2 125211 250
1 125665 250
1 126120 250
1 126575 250
1 127029 250
2 127484 250
2 127484 1066
2 127938 250
2 128393 250
1 128847 250
0 129302 346
0 129756 441
0 130665 250
2 131120 250
2 131575 346
2 132029 346
2 132484 346
1 132938 346
1 133393 442
1 134302 250
2 134756 250
2 135211 346
2 135665 346
2 136120 250
2 136575 346
0 137029 441
0 137711 346
2 138393 250
2 138847 346
2 139302 346
2 139756 346
1 140211 346
1 140665 442
1 141347 346
2 142029 250
2 142484 346
2 142938 346
2 143393 250
1 143847 346
0 144302 441
0 145211 250
2 145665 250
2 146120 346
2 146575 346
2 147029 346
1 147484 346
1 147938 442
1 148847 250
2 149302 250
2 149756 346
2 150211 346
2 150665 250
1 151120 346
0 151575 441
0 152484 250
2 152938 250
2 153393 346
2 153847 346
2 154302 346
1 154756 346
1 155211 442
1 156120 250
2 156575 250
2 157029 346
2 157484 346
2 157938 250
2 158393 250
2 158393 1066
2 158847 346
2 159302 346
2 159756 250
1 160211 826
2 162029 826
0 163847 922
1 165665 490
1 166461 250
1 166915 1066
1 169302 250
0 169756 250
0 170211 250
0 170665 250
2 171120 250
2 171575 250
2 172029 250
2 172484 250
1 172938 250
1 173393 250
1 173847 250
1 174302 250
2 174756 250
2 175211 250
2 175665 250
1 176120 250
0 176575 250
0 177029 250
0 177484 250
0 177938 250
2 178393 250
2 178847 250
2 179302 250
2 179756 250
1 180211 250
1 180665 250
1 181120 250
1 181575 250
2 182029 250
2 182484 250
2 182938 250
1 183393 250
0 183847 250
0 184302 250
0 184756 250
0 185211 250
2 185665 250
2 186120 250
2 186575 250
2 187029 250
1 187484 250
1 187938 250
1 188393 250
1 188847 250
2 189302 250
2 189302 1066
2 189756 250
2 190211 250
1 190665 250
0 191120 250
0 191575 250
0 192029 250
0 192484 250
2 192938 250
2 193393 250
2 193847 250
2 194302 250
1 194756 250
1 195211 250
1 195665 250
1 196120 250
2 196575 250
2 197029 250
2 197484 250
1 197938 250
0 198393 250
0 198847 250
0 199302 250
0 199756 250
2 200211 250
2 200665 250
2 201120 250
2 201575 250
1 202029 250
1 202484 250
1 202938 250
1 203393 250
2 203847 250
2 204302 250
2 204756 250
1 205211 250
0 205665 250
0 206120 250
0 206575 250
0 207029 250
2 207484 250
2 207938 250
2 208393 250
2 208847 250
1 209302 250
1 209756 250
1 210211 250
1 210665 250
2 211120 250
2 211575 250
2 212029 250
1 212484 250
0 212938 3288
