0 16788 730
1 16788 730
2 16788 730
0 18533 250
2 18533 250
2 18533 2170
0 18725 250
2 18725 250
0 18917 250
2 18917 250
0 19110 250
2 19110 250
0 19302 250
2 19302 250
0 19494 250
2 19494 250
0 19687 250
2 19687 250
0 19879 250
2 19879 250
0 20071 250
2 20071 250
0 20263 250
2 20263 250
0 20456 250
2 20456 250
0 20648 250
2 20648 250
0 20840 250
2 20840 250
0 21033 250
2 21033 250
0 21225 250
2 21225 250
0 21417 250
2 21417 250
0 21610 250
2 21610 250
0 21802 250
2 21802 250
0 21994 250
2 21994 250
0 22187 250
2 22187 250
0 22379 250
2 22379 250
0 22571 250
2 22571 250
0 22763 250
2 22763 250
0 22956 250
2 22956 250
1 23148 250
3 23148 250
1 23340 250
3 23340 250
1 23533 250
3 23533 250
1 23725 250
3 23725 250
1 23917 250
3 23917 250
1 24110 250
3 24110 250
1 24302 250
3 24302 250
1 24494 250
3 24494 250
1 24687 250
3 24687 250
2 24879 250
4 24879 250
2 25071 250
4 25071 250
2 25263 250
4 25263 250
2 25456 250
4 25456 250
2 25648 250
4 25648 250
2 25840 250
4 25840 250
2 26033 250
4 26033 250
2 26225 250
4 26225 250
2 26417 250
4 26417 250
2 26610 250
4 26610 250
2 26802 250
4 26802 250
2 26994 250
4 26994 250
2 27187 250
4 27187 250
0 27379 250
2 27379 250
0 27571 250
2 27571 250
0 27763 250
2 27763 250
0 27956 250
2 27956 250
0 28148 250
2 28148 250
0 28340 250
2 28340 250
0 28533 250
2 28533 250
0 28725 250
2 28725 250
0 28917 250
2 28917 250
0 29110 250
2 29110 250
0 29302 250
2 29302 250
0 29494 250
2 29494 250
0 29687 250
2 29687 250
0 29879 250
2 29879 250
0 30071 250
2 30071 250
0 30263 250
2 30263 250
0 30456 250
2 30456 250
0 30648 250
2 30648 250
0 30840 250
2 30840 250
0 31033 250
2 31033 250
0 31225 250
2 31225 250
0 31417 250
2 31417 250
0 31610 250
2 31610 250
0 31802 250
2 31802 250
0 31994 250
2 31994 250
0 32187 250
2 32187 250
1 32379 250
3 32379 250
1 32571 250
3 32571 250
1 32763 250
3 32763 250
1 32956 250
3 32956 250
1 33148 250
3 33148 250
1 33340 250
3 33340 250
1 33533 250
3 33533 250
1 33725 250
3 33725 250
1 33917 250
3 33917 250
1 34110 250
3 34110 250
1 34302 250
3 34302 250
1 34494 250
3 34494 250
1 34687 250
3 34687 250
1 34879 250
3 34879 250
1 35071 250
3 35071 250
1 35263 250
3 35263 250
1 35456 250
3 35456 250
1 35648 250
3 35648 250
1 35840 250
3 35840 250
1 36033 250
3 36033 250
1 36225 250
3 36225 250
1 36417 250
3 36417 250
1 36610 250
3 36610 250
1 36802 250
3 36802 250
2 36994 250
4 36994 250
2 37187 250
4 37187 250
2 37379 250
4 37379 250
2 37571 250
4 37571 250
2 37763 250
4 37763 250
2 37956 250
4 37956 250
2 38148 250
4 38148 250
2 38340 250
4 38340 250
2 38533 250
4 38533 250
2 38725 250
4 38725 250
2 38917 250
4 38917 250
2 39110 250
4 39110 250
2 39302 250
4 39302 250
2 39494 250
4 39494 250
2 39687 250
4 39687 250
2 39879 250
4 39879 250
2 40071 250
4 40071 250
2 40263 250
4 40263 250
2 40456 250
4 40456 250
2 40648 250
4 40648 250
2 40840 250
4 40840 250
2 41033 250
4 41033 250
2 41225 250
4 41225 250
2 41417 250
4 41417 250
1 41610 250
3 41610 250
1 41802 250
3 41802 250
1 41994 250
3 41994 250
1 42187 250
3 42187 250
1 42379 250
3 42379 250
1 42571 250
3 42571 250
1 42763 250
3 42763 250
1 42956 250
3 42956 250
1 43148 250
3 43148 250
0 43340 250
2 43340 250
0 43533 250
2 43533 250
0 43725 250
2 43725 250
0 43917 250
2 43917 250
0 44110 250
2 44110 250
0 44302 250
2 44302 250
0 44494 250
2 44494 250
0 44687 250
2 44687 250
0 44879 250
2 44879 250
0 45071 250
2 45071 250
0 45263 250
2 45263 250
0 45456 250
2 45456 250
0 45648 250
2 45648 250
1 45840 250
2 45840 250
3 45840 250
1 46033 250
2 46033 250
3 46033 250
1 46225 250
2 46225 250
3 46225 250
1 46417 250
2 46417 250
3 46417 250
1 46610 250
2 46610 250
3 46610 250
1 46802 250
2 46802 250
3 46802 250
1 46994 250
2 46994 250
3 46994 250
1 47187 250
2 47187 250
3 47187 250
1 47379 250
2 47379 250
3 47379 250
1 47571 250
2 47571 250
3 47571 250
1 47763 250
2 47763 250
3 47763 250
1 47956 250
2 47956 250
3 47956 250
1 48148 250
2 48148 250
3 48148 250
1 48340 250
2 48340 250
3 48340 250
1 48533 250
2 48533 250
3 48533 250
1 48725 250
2 48725 250
3 48725 250
1 48917 250
2 48917 250
3 48917 250
1 49110 250
2 49110 250
3 49110 250
1 49302 250
2 49302 250
3 49302 250
1 49494 250
2 49494 250
3 49494 250
1 49687 250
2 49687 250
3 49687 250
2 49687 2170
1 49879 250
2 49879 250
3 49879 250
1 50071 250
2 50071 250
3 50071 250
1 50263 250
2 50263 250
3 50263 250
1 50456 250
2 50456 250
3 50456 250
1 50648 250
2 50648 250
3 50648 250
1 50840 250
2 50840 250
3 50840 250
1 51033 250
2 51033 250
3 51033 250
1 51225 250
2 51225 250
3 51225 250
1 51417 250
2 51417 250
3 51417 250
1 51610 250
2 51610 250
3 51610 250
1 51802 250
2 51802 250
3 51802 250
1 51994 250
2 51994 250
3 51994 250
1 52187 250
2 52187 250
3 52187 250
1 52379 250
2 52379 250
3 52379 250
1 52571 250
2 52571 250
3 52571 250
1 52763 250
2 52763 250
3 52763 250
1 52956 250
2 52956 250
3 52956 250
1 53148 250
2 53148 250
3 53148 250
1 53340 250
2 53340 250
3 53340 250
1 53533 250
2 53533 250
3 53533 250
1 53725 250
2 53725 250
3 53725 250
1 53917 250
2 53917 250
3 53917 250
1 54110 250
2 54110 250
3 54110 250
1 54302 250
2 54302 250
3 54302 250
1 54494 250
2 54494 250
3 54494 250
1 54687 250
2 54687 250
3 54687 250
1 54879 250
2 54879 250
3 54879 250
1 55071 250
2 55071 250
3 55071 250
1 55263 250
2 55263 250
3 55263 250
1 55456 250
2 55456 250
3 55456 250
1 55648 250
2 55648 250
3 55648 250
1 55840 250
2 55840 250
3 55840 250
1 56033 250
2 56033 250
3 56033 250
1 56225 250
2 56225 250
3 56225 250
1 56417 250
2 56417 250
3 56417 250
0 56610 250
1 56610 250
4 56610 250
0 56802 250
1 56802 250
0 56994 250
1 56994 250
0 57187 250
1 57187 250
0 57379 250
1 57379 250
0 57571 250
1 57571 250
0 57763 250
1 57763 250
0 57956 250
1 57956 250
0 58148 250
1 58148 250
0 58340 250
1 58340 250
0 58533 250
1 58533 250
0 58725 250
1 58725 250
0 58917 250
1 58917 250
4 58917 250
0 59110 250
1 59110 250
0 59302 250
1 59302 250
0 59494 250
1 59494 250
0 59687 250
1 59687 250
0 59879 250
1 59879 250
1 60071 250
2 60071 250
1 60263 250
2 60263 250
1 60456 250
2 60456 250
1 60648 250
2 60648 250
1 60840 250
2 60840 250
1 61033 250
2 61033 250
1 61225 250
2 61225 250
4 61225 250
1 61417 250
2 61417 250
1 61610 250
2 61610 250
1 61802 250
2 61802 250
1 61994 250
2 61994 250
1 62187 250
2 62187 250
2 62379 250
3 62379 250
2 62571 250
3 62571 250
2 62763 250
3 62763 250
2 62956 250
3 62956 250
2 63148 250
3 63148 250
2 63340 250
3 63340 250
2 63533 250
3 63533 250
4 63533 250
2 63725 250
3 63725 250
2 63917 250
3 63917 250
2 64110 250
3 64110 250
2 64302 250
3 64302 250
2 64494 250
3 64494 250
1 64687 250
2 64687 250
1 64879 250
2 64879 250
1 65071 250
2 65071 250
1 65263 250
2 65263 250
1 65456 250
2 65456 250
4 65456 250
1 65648 250
2 65648 250
1 65840 250
2 65840 250
1 66033 250
2 66033 250
1 66225 250
2 66225 250
1 66417 250
2 66417 250
1 66610 250
2 66610 250
1 66802 250
2 66802 250
1 66994 250
2 66994 250
1 67187 250
2 67187 250
1 67379 250
2 67379 250
1 67571 250
2 67571 250
1 67763 250
2 67763 250
1 67956 250
2 67956 250
1 68148 250
2 68148 250
1 68340 250
2 68340 250
1 68533 250
2 68533 250
0 68725 250
1 68725 250
4 68725 250
0 68917 250
1 68917 250
0 69110 250
1 69110 250
0 69302 250
1 69302 250
0 69494 250
1 69494 250
0 69687 250
1 69687 250
0 69879 250
1 69879 250
0 70071 250
1 70071 250
0 70263 250
1 70263 250
0 70456 250
1 70456 250
4 70456 250
0 70648 250
1 70648 250
0 70840 250
1 70840 250
0 71033 250
1 71033 250
0 71225 250
1 71225 250
0 71417 250
1 71417 250
1 71610 250
2 71610 250
1 71802 250
2 71802 250
1 71994 250
2 71994 250
1 72187 250
2 72187 250
1 72379 250
2 72379 250
1 72571 250
2 72571 250
1 72763 250
2 72763 250
4 72763 250
1 72956 250
2 72956 250
1 73148 250
2 73148 250
1 73340 250
2 73340 250
1 73533 250
2 73533 250
1 73725 250
2 73725 250
2 73917 250
3 73917 250
2 74110 250
3 74110 250
2 74302 250
3 74302 250
2 74494 250
3 74494 250
2 74687 250
3 74687 250
2 74879 250
3 74879 250
2 75071 250
3 75071 250
4 75071 250
2 75071 2170
2 75263 250
3 75263 250
2 75456 250
3 75456 250
2 75648 250
3 75648 250
2 75840 250
3 75840 250
2 76033 250
3 76033 250
2 76225 250
3 76225 250
2 76417 250
3 76417 250
2 76610 250
3 76610 250
2 76802 250
3 76802 250
2 76994 250
3 76994 250
2 77187 250
3 77187 250
2 77379 250
3 77379 250
2 77571 250
3 77571 250
2 77763 250
3 77763 250
2 77956 250
3 77956 250
4 77956 250
2 78148 250
3 78148 250
2 78340 250
3 78340 250
2 78533 250
3 78533 250
2 78725 250
3 78725 250
2 78917 250
3 78917 250
2 79110 250
3 79110 250
2 79302 250
3 79302 250
2 79494 250
3 79494 250
0 79687 250
1 79687 250
4 79687 250
0 79879 250
1 79879 250
0 80071 250
1 80071 250
0 80263 250
1 80263 250
0 80456 250
1 80456 250
0 80648 250
1 80648 250
0 80840 250
1 80840 250
0 81033 250
1 81033 250
0 81225 250
1 81225 250
0 81417 250
1 81417 250
0 81610 250
1 81610 250
0 81802 250
1 81802 250
0 81994 250
1 81994 250
4 81994 250
0 82187 250
1 82187 250
0 82379 250
1 82379 250
0 82571 250
1 82571 250
0 82763 250
1 82763 250
0 82956 250
1 82956 250
1 83148 250
2 83148 250
1 83340 250
2 83340 250
1 83533 250
2 83533 250
1 83725 250
2 83725 250
1 83917 250
2 83917 250
1 84110 250
2 84110 250
1 84302 250
2 84302 250
4 84302 250
1 84494 250
2 84494 250
1 84687 250
2 84687 250
1 84879 250
2 84879 250
1 85071 250
2 85071 250
1 85263 250
2 85263 250
2 85456 250
3 85456 250
2 85648 250
3 85648 250
2 85840 250
3 85840 250
2 86033 250
3 86033 250
2 86225 250
3 86225 250
2 86417 250
3 86417 250
2 86610 250
3 86610 250
4 86610 250
2 86802 250
3 86802 250
2 86994 250
3 86994 250
2 87187 250
3 87187 250
2 87379 250
3 87379 250
2 87571 250
3 87571 250
0 87763 250
1 87763 250
2 87763 250
0 88052 250
1 88052 250
2 88052 250
0 88340 250
1 88340 250
2 88340 250
0 88629 250
1 88629 250
2 88629 250
0 88917 250
1 88917 250
2 88917 250
0 89206 250
1 89206 250
2 89206 250
0 89494 250
1 89494 250
2 89494 250
0 89783 250
1 89783 250
2 89783 250
0 90071 250
1 90071 250
2 90071 250
0 90360 250
1 90360 250
2 90360 250
0 90648 250
1 90648 250
2 90648 250
0 90937 250
1 90937 250
2 90937 250
0 91225 250
1 91225 250
2 91225 250
0 91513 250
1 91513 250
2 91513 250
0 91802 250
1 91802 250
2 91802 250
0 92090 490
1 92090 490
2 92090 490
3 92090 490
0 96417 490
1 96417 490
2 96417 490
3 96417 490
0 101033 490
1 101033 490
2 101033 490
3 101033 490
0 104927 250
1 104927 250
2 104927 250
3 104927 250
1 105215 250
2 105215 250
3 105215 250
2 105792 910
4 105792 910
0 107956 670
2 107956 670
2 109687 250
3 110119 730
4 110119 730
0 114879 490
1 114879 490
2 114879 490
3 114879 490
2 114879 2650
0 119494 490
1 119494 490
2 119494 490
3 119494 490
0 123388 250
1 123388 250
2 123388 250
3 123388 250
1 123677 250
2 123677 250
3 123677 250
2 124254 910
4 124254 910
0 126417 670
2 126417 670
2 128148 250
3 128581 730
4 128581 730
0 133340 490
1 133340 490
2 133340 490
3 133340 490
0 137956 490
1 137956 490
2 137956 490
3 137956 490
0 141850 250
1 141850 250
2 141850 250
3 141850 250
1 142138 250
2 142138 250
3 142138 250
2 142715 910
4 142715 910
0 144879 670
2 144879 670
2 146610 250
3 147042 730
4 147042 730
0 151802 490
1 151802 490
2 151802 490
3 151802 490
0 156417 490
1 156417 490
2 156417 490
3 156417 490
0 160312 250
1 160312 250
2 160312 250
3 160312 250
1 160600 250
2 160600 250
3 160600 250
2 161177 610
4 161177 610
2 162763 1930
0 163340 670
2 163340 670
2 165071 250
3 165504 730
4 165504 730
0 175456 250
2 175456 250
0 175648 250
2 175648 250
0 175840 250
2 175840 250
0 176033 250
2 176033 250
0 176225 250
2 176225 250
0 176417 250
2 176417 250
0 176610 250
2 176610 250
0 176802 250
2 176802 250
0 176994 250
2 176994 250
0 177187 250
2 177187 250
0 177379 250
2 177379 250
0 177571 250
2 177571 250
0 177763 250
2 177763 250
0 177956 250
2 177956 250
0 178148 250
2 178148 250
0 178340 250
2 178340 250
0 178533 250
2 178533 250
0 178725 250
2 178725 250
0 178917 250
2 178917 250
0 179110 250
2 179110 250
0 179302 250
2 179302 250
0 179494 250
2 179494 250
0 179687 250
2 179687 250
0 179879 250
2 179879 250
1 180071 250
3 180071 250
1 180263 250
3 180263 250
1 180456 250
3 180456 250
1 180648 250
3 180648 250
1 180840 250
3 180840 250
1 181033 250
3 181033 250
1 181225 250
3 181225 250
1 181417 250
3 181417 250
1 181610 250
3 181610 250
2 181802 250
4 181802 250
2 181994 250
4 181994 250
2 182187 250
4 182187 250
2 182379 250
4 182379 250
2 182571 250
4 182571 250
2 182763 250
4 182763 250
2 182956 250
4 182956 250
2 183148 250
4 183148 250
2 183340 250
4 183340 250
2 183533 250
4 183533 250
2 183725 250
4 183725 250
2 183917 250
4 183917 250
2 184110 250
4 184110 250
0 184302 250
2 184302 250
0 184494 250
2 184494 250
0 184687 250
2 184687 250
0 184879 250
2 184879 250
0 185071 250
2 185071 250
0 185263 250
2 185263 250
0 185456 250
2 185456 250
0 185648 250
2 185648 250
0 185840 250
2 185840 250
0 186033 250
2 186033 250
0 186225 250
2 186225 250
0 186417 250
2 186417 250
0 186610 250
2 186610 250
0 186802 250
2 186802 250
0 186994 250
2 186994 250
0 187187 250
2 187187 250
0 187379 250
2 187379 250
0 187571 250
2 187571 250
0 187763 250
2 187763 250
0 187956 250
2 187956 250
0 188148 250
2 188148 250
0 188340 250
2 188340 250
0 188533 250
2 188533 250
0 188725 250
2 188725 250
0 188917 250
2 188917 250
0 189110 250
2 189110 250
0 189302 250
2 189302 250
1 189494 250
3 189494 250
1 189687 250
3 189687 250
1 189879 250
3 189879 250
1 190071 250
3 190071 250
1 190263 250
3 190263 250
1 190456 250
3 190456 250
1 190648 250
3 190648 250
1 190840 250
3 190840 250
1 191033 250
3 191033 250
1 191225 250
3 191225 250
1 191417 250
3 191417 250
1 191610 250
3 191610 250
1 191802 250
3 191802 250
1 191994 250
3 191994 250
1 192187 250
3 192187 250
1 192379 250
3 192379 250
1 192571 250
3 192571 250
1 192763 250
3 192763 250
1 192956 250
3 192956 250
1 193148 250
3 193148 250
1 193340 250
3 193340 250
1 193533 250
3 193533 250
1 193725 250
3 193725 250
1 193917 250
3 193917 250
2 194110 250
4 194110 250
2 194302 250
4 194302 250
2 194494 250
4 194494 250
2 194687 250
4 194687 250
2 194879 250
4 194879 250
2 195071 250
4 195071 250
2 195263 250
4 195263 250
2 195456 250
4 195456 250
2 195648 250
4 195648 250
2 195840 250
4 195840 250
2 196033 250
4 196033 250
2 196225 250
4 196225 250
2 196417 250
4 196417 250
2 196610 250
4 196610 250
2 196802 250
4 196802 250
2 196994 250
4 196994 250
2 197187 250
4 197187 250
2 197379 250
4 197379 250
2 197379 4090
2 197571 250
4 197571 250
2 197763 250
4 197763 250
2 197956 250
4 197956 250
2 198148 250
4 198148 250
2 198340 250
4 198340 250
1 198533 250
3 198533 250
1 198725 250
3 198725 250
1 198917 250
3 198917 250
1 199110 250
3 199110 250
1 199302 250
3 199302 250
1 199494 250
3 199494 250
1 199687 250
3 199687 250
1 199879 250
3 199879 250
1 200071 250
3 200071 250
0 200263 250
2 200263 250
0 200456 250
2 200456 250
0 200648 250
2 200648 250
0 200840 250
2 200840 250
0 201033 250
2 201033 250
0 201225 250
2 201225 250
0 201417 250
2 201417 250
0 201610 250
2 201610 250
0 201802 250
2 201802 250
0 201994 250
2 201994 250
0 202187 250
2 202187 250
0 202379 250
2 202379 250
0 202571 250
2 202571 250
1 202763 250
2 202763 250
3 202763 250
1 202956 250
2 202956 250
3 202956 250
1 203148 250
2 203148 250
3 203148 250
1 203340 250
2 203340 250
3 203340 250
1 203533 250
2 203533 250
3 203533 250
1 203725 250
2 203725 250
3 203725 250
1 203917 250
2 203917 250
3 203917 250
1 204110 250
2 204110 250
3 204110 250
1 204302 250
2 204302 250
3 204302 250
1 204494 250
2 204494 250
3 204494 250
1 204687 250
2 204687 250
3 204687 250
1 204879 250
2 204879 250
3 204879 250
1 205071 250
2 205071 250
3 205071 250
1 205263 250
2 205263 250
3 205263 250
1 205456 250
2 205456 250
3 205456 250
1 205648 250
2 205648 250
3 205648 250
1 205840 250
2 205840 250
3 205840 250
1 206033 250
2 206033 250
3 206033 250
1 206225 250
2 206225 250
3 206225 250
1 206417 250
2 206417 250
3 206417 250
1 206610 250
2 206610 250
3 206610 250
1 206802 250
2 206802 250
3 206802 250
1 206994 250
2 206994 250
3 206994 250
1 207187 250
2 207187 250
3 207187 250
1 207379 250
2 207379 250
3 207379 250
1 207571 250
2 207571 250
3 207571 250
1 207763 250
2 207763 250
3 207763 250
1 207956 250
2 207956 250
3 207956 250
1 208148 250
2 208148 250
3 208148 250
1 208340 250
2 208340 250
3 208340 250
1 208533 250
2 208533 250
3 208533 250
1 208725 250
2 208725 250
3 208725 250
1 208917 250
2 208917 250
3 208917 250
1 209110 250
2 209110 250
3 209110 250
1 209302 250
2 209302 250
3 209302 250
1 209494 250
2 209494 250
3 209494 250
1 209687 250
2 209687 250
3 209687 250
1 209879 250
2 209879 250
3 209879 250
1 210071 250
2 210071 250
3 210071 250
1 210263 250
2 210263 250
3 210263 250
1 210456 250
2 210456 250
3 210456 250
1 210648 250
2 210648 250
3 210648 250
1 210840 250
2 210840 250
3 210840 250
1 211033 250
2 211033 250
3 211033 250
1 211225 250
2 211225 250
3 211225 250
1 211417 250
2 211417 250
3 211417 250
1 211610 250
2 211610 250
3 211610 250
1 211802 250
2 211802 250
3 211802 250
1 211994 250
2 211994 250
3 211994 250
1 212187 250
2 212187 250
3 212187 250
1 212379 250
2 212379 250
3 212379 250
1 212571 250
2 212571 250
3 212571 250
1 212763 250
2 212763 250
3 212763 250
1 212956 250
2 212956 250
3 212956 250
1 213148 250
2 213148 250
3 213148 250
1 213340 250
2 213340 250
3 213340 250
0 213533 250
1 213533 250
4 213533 250
0 213725 250
1 213725 250
0 213917 250
1 213917 250
0 214110 250
1 214110 250
0 214302 250
1 214302 250
0 214494 250
1 214494 250
0 214687 250
1 214687 250
0 214879 250
1 214879 250
0 215071 250
1 215071 250
0 215263 250
1 215263 250
0 215456 250
1 215456 250
0 215648 250
1 215648 250
0 215840 250
1 215840 250
4 215840 250
0 216033 250
1 216033 250
0 216225 250
1 216225 250
0 216417 250
1 216417 250
0 216610 250
1 216610 250
0 216802 250
1 216802 250
1 216994 250
2 216994 250
1 217187 250
2 217187 250
1 217379 250
2 217379 250
1 217571 250
2 217571 250
1 217763 250
2 217763 250
1 217956 250
2 217956 250
1 218148 250
2 218148 250
4 218148 250
1 218340 250
2 218340 250
1 218533 250
2 218533 250
1 218725 250
2 218725 250
1 218917 250
2 218917 250
1 219110 250
2 219110 250
2 219302 250
3 219302 250
2 219494 250
3 219494 250
2 219687 250
3 219687 250
2 219879 250
3 219879 250
2 220071 250
3 220071 250
2 220263 250
3 220263 250
2 220456 250
3 220456 250
4 220456 250
2 220648 250
3 220648 250
2 220840 250
3 220840 250
2 221033 250
3 221033 250
2 221225 250
3 221225 250
2 221417 250
3 221417 250
1 221610 250
2 221610 250
1 221802 250
2 221802 250
1 221994 250
2 221994 250
1 222187 250
2 222187 250
1 222379 250
2 222379 250
4 222379 250
1 222571 250
2 222571 250
1 222763 250
2 222763 250
1 222956 250
2 222956 250
1 223148 250
2 223148 250
1 223340 250
2 223340 250
1 223533 250
2 223533 250
1 223725 250
2 223725 250
1 223917 250
2 223917 250
1 224110 250
2 224110 250
1 224302 250
2 224302 250
1 224494 250
2 224494 250
1 224687 250
2 224687 250
1 224879 250
2 224879 250
1 225071 250
2 225071 250
1 225263 250
2 225263 250
1 225456 250
2 225456 250
0 225648 250
1 225648 250
4 225648 250
0 225840 250
1 225840 250
0 226033 250
1 226033 250
0 226225 250
1 226225 250
0 226417 250
1 226417 250
0 226610 250
1 226610 250
0 226802 250
1 226802 250
0 226994 250
1 226994 250
0 227187 250
1 227187 250
0 227379 250
1 227379 250
4 227379 250
0 227571 250
1 227571 250
0 227763 250
1 227763 250
0 227956 250
1 227956 250
0 228148 250
1 228148 250
0 228340 250
1 228340 250
1 228533 250
2 228533 250
1 228725 250
2 228725 250
1 228917 250
2 228917 250
1 229110 250
2 229110 250
1 229302 250
2 229302 250
1 229494 250
2 229494 250
1 229687 250
2 229687 250
4 229687 250
1 229879 250
2 229879 250
1 230071 250
2 230071 250
1 230263 250
2 230263 250
1 230456 250
2 230456 250
1 230648 250
2 230648 250
2 230840 250
3 230840 250
2 231033 250
3 231033 250
2 231225 250
3 231225 250
2 231417 250
3 231417 250
2 231610 250
3 231610 250
2 231802 250
3 231802 250
2 231994 250
3 231994 250
4 231994 250
2 232187 250
3 232187 250
2 232379 250
3 232379 250
2 232571 250
3 232571 250
2 232763 250
3 232763 250
2 232956 250
3 232956 250
2 233148 250
3 233148 250
2 233340 250
3 233340 250
2 233533 250
3 233533 250
2 233725 250
3 233725 250
2 233917 250
3 233917 250
2 234110 250
3 234110 250
2 234302 250
3 234302 250
2 234494 250
3 234494 250
2 234687 250
3 234687 250
2 234879 250
3 234879 250
4 234879 250
2 235071 250
3 235071 250
2 235263 250
3 235263 250
2 235456 250
3 235456 250
2 235648 250
3 235648 250
2 235840 250
3 235840 250
2 236033 250
3 236033 250
2 236225 250
3 236225 250
2 236417 250
3 236417 250
0 236610 250
1 236610 250
4 236610 250
0 236802 250
1 236802 250
0 236994 250
1 236994 250
0 237187 250
1 237187 250
0 237379 250
1 237379 250
0 237571 250
1 237571 250
0 237763 250
1 237763 250
0 237956 250
1 237956 250
0 238148 250
1 238148 250
0 238340 250
1 238340 250
0 238533 250
1 238533 250
0 238725 250
1 238725 250
0 238917 250
1 238917 250
4 238917 250
0 239110 250
1 239110 250
0 239302 250
1 239302 250
0 239494 250
1 239494 250
0 239687 250
1 239687 250
0 239879 250
1 239879 250
1 240071 250
2 240071 250
1 240263 250
2 240263 250
1 240456 250
2 240456 250
1 240648 250
2 240648 250
1 240840 250
2 240840 250
1 241033 250
2 241033 250
1 241225 250
2 241225 250
4 241225 250
1 241417 250
2 241417 250
1 241610 250
2 241610 250
1 241802 250
2 241802 250
1 241994 250
2 241994 250
1 242187 250
2 242187 250
2 242379 250
3 242379 250
2 242571 250
3 242571 250
2 242763 250
3 242763 250
2 242956 250
3 242956 250
2 243148 250
3 243148 250
2 243340 250
3 243340 250
2 243533 250
3 243533 250
4 243533 250
2 243725 250
3 243725 250
2 243917 250
3 243917 250
2 244110 250
3 244110 250
2 244302 250
3 244302 250
2 244494 250
3 244494 250
0 244687 250
1 244687 250
2 244687 250
0 244975 250
1 244975 250
2 244975 250
0 245263 250
1 245263 250
2 245263 250
0 245552 250
1 245552 250
2 245552 250
0 245840 250
1 245840 250
2 245840 250
0 246129 250
1 246129 250
2 246129 250
0 246417 250
1 246417 250
2 246417 250
0 246706 250
1 246706 250
2 246706 250
0 246994 250
1 246994 250
2 246994 250
0 247283 250
1 247283 250
2 247283 250
0 247571 250
1 247571 250
2 247571 250
0 247860 250
1 247860 250
2 247860 250
0 248148 250
1 248148 250
2 248148 250
0 248437 250
1 248437 250
2 248437 250
0 248725 250
1 248725 250
2 248725 250
0 249158 490
1 249158 490
2 249158 490
3 249158 490
2 252763 2890
0 253340 490
1 253340 490
2 253340 490
3 253340 490
0 257956 490
1 257956 490
2 257956 490
3 257956 490
0 261850 250
1 261850 250
2 261850 250
3 261850 250
1 262138 250
2 262138 250
3 262138 250
2 262715 910
4 262715 910
0 264879 670
2 264879 670
2 266610 250
3 267042 730
4 267042 730
0 271802 490
1 271802 490
2 271802 490
3 271802 490
0 276417 490
1 276417 490
2 276417 490
3 276417 490
0 280312 250
1 280312 250
2 280312 250
3 280312 250
1 280600 250
2 280600 250
3 280600 250
2 281177 910
4 281177 910
0 283340 670
2 283340 670
2 283917 3370
2 285071 250
3 285504 730
4 285504 730
0 290263 490
1 290263 490
2 290263 490
3 290263 490
0 294879 490
1 294879 490
2 294879 490
3 294879 490
0 298773 250
1 298773 250
2 298773 250
3 298773 250
1 299062 250
2 299062 250
3 299062 250
2 299638 910
4 299638 910
0 301802 670
2 301802 670
2 303533 250
3 303965 730
4 303965 730
0 308725 490
1 308725 490
2 308725 490
3 308725 490
0 313340 490
1 313340 490
2 313340 490
3 313340 490
0 317235 250
1 317235 250
2 317235 250
3 317235 250
1 317523 250
2 317523 250
3 317523 250
2 318100 850
4 318100 850
0 320263 670
2 320263 670
2 321994 250
3 322427 730
4 322427 730
4 327908 610
0 329638 490
2 331802 250
2 332956 550
3 334831 250
3 335408 250
4 336850 610
0 338869 430
2 340456 250
2 341610 730
3 344062 250
2 345071 12010
4 345215 610
0 347379 490
2 349110 250
2 350263 610
3 352138 250
4 356033 670
0 357908 430
2 359494 250
2 360648 610
3 362956 2110
0 367571 2650
0 378244 490
1 378244 490
2 378244 490
3 378244 490
0 382571 490
1 382571 490
2 382571 490
3 382571 490
0 387187 490
1 387187 490
2 387187 490
3 387187 490
0 391081 250
1 391081 250
2 391081 250
3 391081 250
1 391369 250
2 391369 250
3 391369 250
2 391946 910
4 391946 910
0 394110 670
2 394110 670
2 395840 250
3 396273 730
4 396273 730
0 401033 490
1 401033 490
2 401033 490
3 401033 490
0 405648 490
1 405648 490
2 405648 490
3 405648 490
0 409542 250
1 409542 250
2 409542 250
3 409542 250
1 409831 250
2 409831 250
3 409831 250
2 410408 910
4 410408 910
0 412571 670
2 412571 670
2 414302 250
3 414735 730
4 414735 730
0 419494 490
1 419494 490
2 419494 490
3 419494 490
0 424110 490
1 424110 490
2 424110 490
3 424110 490
0 428004 250
1 428004 250
2 428004 250
3 428004 250
1 428292 250
2 428292 250
3 428292 250
2 428869 910
4 428869 910
0 431033 670
2 431033 670
2 432763 250
3 433196 730
4 433196 730
0 437956 490
1 437956 490
2 437956 490
3 437956 490
0 442571 490
1 442571 490
2 442571 490
3 442571 490
0 446465 250
1 446465 250
2 446465 250
3 446465 250
1 446754 250
2 446754 250
3 446754 250
2 447331 910
4 447331 910
0 449494 670
2 449494 670
2 451225 250
3 451658 730
4 451658 730
