1 2256 250
6 2256 250
1 2711 250
6 2711 250
1 3165 250
6 3165 250
1 3620 250
6 3620 250
1 4075 250
6 4075 250
1 4529 250
6 4529 250
1 4984 250
6 4984 250
1 5438 250
6 5438 250
3 5665 250
3 5779 250
3 5893 250
3 6006 250
3 6120 250
3 6234 250
3 6347 250
3 6461 250
3 6575 250
3 6688 250
3 6802 250
3 6915 250
3 7029 250
3 7143 250
1 7256 250
1 7370 250
1 7484 250
1 7597 250
1 7711 250
1 7825 250
1 7938 250
1 8052 250
1 8165 250
1 8279 250
1 8393 250
1 8506 250
1 8620 250
1 8734 250
1 8847 250
1 8961 250
1 9075 250
1 9188 250
4 9302 250
4 9415 250
4 9529 250
4 9643 250
4 9756 250
4 9870 250
4 9984 250
4 10097 250
4 10211 250
4 10325 250
4 10438 250
4 10552 250
4 10665 250
4 10779 250
1 10893 250
0 11006 250
0 11120 250
0 11234 250
0 11347 250
0 11461 250
0 11575 250
0 11688 250
0 11802 250
0 11915 250
0 12029 250
0 12143 250
0 12256 250
0 12370 250
0 12484 250
0 12597 250
0 12711 250
0 12825 250
3 12938 250
3 13052 250
3 13165 250
3 13279 250
3 13393 250
3 13506 250
3 13620 250
3 13734 250
3 13847 250
3 13961 250
3 14075 250
3 14188 250
3 14302 250
3 14415 250
1 14529 250
1 14643 250
1 14756 250
1 14870 250
1 14984 250
1 15097 250
1 15211 250
1 15325 250
1 15438 250
1 15552 250
1 15665 250
1 15779 250
1 15893 250
1 16006 250
1 16120 250
1 16234 250
1 16347 250
1 16461 250
4 16575 250
4 16688 250
4 16802 250
4 16915 250
4 17029 250
4 17143 250
4 17256 250
4 17370 250
4 17484 250
4 17597 250
4 17711 250
4 17825 250
4 17938 250
4 18052 250
1 18165 250
0 18279 250
0 18393 250
0 18506 250
0 18620 250
0 18734 250
0 18847 250
0 18961 250
0 19075 250
0 19188 250
0 19302 250
0 19415 250
0 19529 250
0 19643 250
0 19756 250
0 19870 250
0 19984 250
0 20097 250
3 20211 250
3 20325 250
3 20438 250
3 20552 250
3 20665 250
3 20779 250
3 20893 250
3 21006 250
3 21120 250
3 21234 250
3 21347 250
3 21461 250
3 21575 250
3 21688 250
1 21802 250
1 21915 250
1 22029 250
1 22143 250
1 22256 250
1 22370 250
1 22484 250
1 22597 250
1 22711 250
1 22825 250
1 22938 250
1 23052 250
1 23165 250
1 23279 250
1 23393 250
1 23506 250
1 23620 250
1 23734 250
4 23847 250
4 23961 250
4 24075 250
4 24188 250
4 24302 250
4 24415 250
4 24529 250
4 24643 250
4 24756 250
4 24870 250
4 24984 250
4 25097 250
4 25211 250
4 25325 250
1 25438 250
0 25552 250
0 25665 250
0 25779 250
0 25893 250
0 26006 250
0 26120 250
0 26234 250
0 26347 250
0 26461 250
0 26575 250
0 26688 250
0 26802 250
0 26915 250
0 27029 250
0 27143 250
0 27256 250
0 27370 250
3 27484 250
3 27597 250
3 27711 250
3 27825 250
3 27938 250
3 28052 250
3 28165 250
3 28279 250
3 28393 250
3 28506 250
3 28620 250
3 28734 250
3 28847 250
3 28961 250
1 29075 250
1 29188 250
1 29302 250
1 29415 250
1 29529 250
1 29643 250
1 29756 250
1 29870 250
1 29984 250
1 30097 250
1 30211 250
1 30325 250
1 30438 250
1 30552 250
1 30665 250
1 30779 250
1 30893 250
1 31006 250
4 31120 250
4 31234 250
4 31347 250
4 31461 250
4 31575 250
4 31688 250
4 31802 250
4 31915 250
4 32029 250
4 32143 250
4 32256 250
4 32370 250
4 32484 250
4 32597 250
1 32711 250
0 32825 250
0 32938 250
2 32938 1066
0 33052 250
0 33165 250
0 33279 250
0 33393 250
0 33506 250
0 33620 250
0 33734 250
0 33847 250
0 33961 250
0 34075 250
0 34188 250
0 34302 250
0 34415 250
0 34529 250
0 34643 250
0 34756 250
2 34756 250
0 34984 250
2 34984 250
0 35211 250
2 35211 250
0 35438 250
2 35438 250
0 35665 250
2 35665 250
0 35893 250
2 35893 250
0 36120 250
2 36120 250
3 36347 250
4 36347 250
3 36575 250
4 36575 250
3 36802 250
4 36802 250
3 37029 250
4 37029 250
3 37256 250
4 37484 250
3 37711 250
2 37938 250
1 38165 250
1 38393 250
2 38393 250
1 38620 250
2 38620 250
1 38847 250
2 38847 250
1 39075 250
2 39075 250
1 39302 250
2 39302 250
1 39529 250
2 39529 250
1 39756 250
2 39756 250
2 39984 250
3 39984 250
2 40211 250
3 40211 250
2 40438 250
3 40438 250
2 40665 250
3 40665 250
2 40893 250
3 40893 250
3 41120 250
2 41347 250
1 41575 250
2 41802 250
3 41915 250
0 42029 250
2 42029 250
0 42256 250
2 42256 250
0 42484 250
2 42484 250
0 42711 250
2 42711 250
0 42938 250
2 42938 250
0 43165 250
2 43165 250
0 43393 250
2 43393 250
3 43620 250
4 43620 250
3 43847 250
4 43847 250
3 44075 250
4 44075 250
3 44302 250
4 44302 250
3 44529 250
4 44756 250
3 44984 250
2 45211 250
1 45438 250
1 45665 250
2 45665 250
1 45893 250
2 45893 250
1 46120 250
2 46120 250
1 46347 250
2 46347 250
1 46575 250
2 46575 250
1 46802 250
2 46802 250
1 47029 250
2 47029 250
2 47256 250
3 47256 250
2 47484 250
3 47484 250
2 47711 250
3 47711 250
2 47938 250
3 47938 250
2 48165 250
3 48165 250
3 48393 250
2 48620 250
1 48847 250
2 49075 250
3 49188 250
0 49302 250
2 49302 250
0 49529 250
2 49529 250
0 49756 250
2 49756 250
0 49984 250
2 49984 250
0 50211 250
2 50211 250
0 50438 250
2 50438 250
0 50665 250
2 50665 250
3 50893 250
4 50893 250
3 51120 250
4 51120 250
3 51347 250
4 51347 250
3 51575 250
4 51575 250
3 51802 250
4 52029 250
3 52256 250
2 52484 250
1 52711 250
1 52938 250
2 52938 250
1 53165 250
2 53165 250
1 53393 250
2 53393 250
1 53620 250
2 53620 250
1 53847 250
2 53847 250
1 54075 250
2 54075 250
1 54302 250
2 54302 250
2 54529 250
3 54529 250
2 54756 250
3 54756 250
2 54984 250
3 54984 250
2 55211 250
3 55211 250
2 55438 250
3 55438 250
3 55665 250
2 55893 250
1 56120 250
2 56347 250
3 56461 250
0 56575 250
2 56575 250
0 56802 250
2 56802 250
0 57029 250
2 57029 250
0 57256 250
2 57256 250
0 57484 250
2 57484 250
0 57711 250
2 57711 250
0 57938 250
2 57938 250
3 58165 250
4 58165 250
3 58393 250
4 58393 250
3 58620 250
4 58620 250
3 58847 250
4 58847 250
3 59075 250
4 59302 250
3 59529 250
2 59756 250
1 59984 250
1 60211 250
2 60211 250
1 60438 250
2 60438 250
1 60665 250
2 60665 250
1 60893 250
2 60893 250
1 61120 250
2 61120 250
1 61347 250
2 61347 250
1 61575 250
2 61575 250
2 61802 250
3 61802 250
2 62029 250
3 62029 250
2 62256 250
3 62256 250
2 62484 250
3 62484 250
2 62711 250
3 62711 250
3 62938 250
2 63165 250
1 63393 250
2 63620 250
3 63734 250
3 63847 250
3 63961 250
3 64075 250
3 64188 250
3 64302 250
3 64415 250
3 64529 250
3 64643 250
3 64756 250
3 64870 250
3 64984 250
3 65097 250
3 65211 250
3 65325 250
1 65438 250
1 65552 250
1 65665 250
1 65779 250
1 65893 250
1 66006 250
1 66120 250
1 66234 250
1 66347 250
1 66461 250
1 66575 250
1 66688 250
1 66802 250
1 66915 250
1 67029 250
1 67143 250
1 67256 250
1 67370 250
4 67484 250
4 67597 250
4 67711 250
4 67825 250
4 67938 250
4 68052 250
4 68165 250
4 68279 250
4 68393 250
4 68506 250
4 68620 250
4 68734 250
4 68847 250
4 68961 250
1 69075 250
0 69188 250
0 69302 250
2 69302 1066
0 69415 250
0 69529 250
0 69643 250
0 69756 250
0 69870 250
0 69984 250
0 70097 250
0 70211 250
0 70325 250
0 70438 250
0 70552 250
0 70665 250
0 70779 250
0 70893 250
0 71006 250
3 71120 250
3 71234 250
3 71347 250
3 71461 250
3 71575 250
3 71688 250
3 71802 250
3 71915 250
3 72029 250
3 72143 250
3 72256 250
3 72370 250
3 72484 250
3 72597 250
1 72711 250
1 72825 250
1 72938 250
1 73052 250
1 73165 250
1 73279 250
1 73393 250
1 73506 250
1 73620 250
1 73734 250
1 73847 250
1 73961 250
1 74075 250
1 74188 250
1 74302 250
1 74415 250
1 74529 250
1 74643 250
4 74756 250
4 74870 250
4 74984 250
4 75097 250
4 75211 250
4 75325 250
4 75438 250
4 75552 250
4 75665 250
4 75779 250
4 75893 250
4 76006 250
4 76120 250
4 76234 250
1 76347 250
0 76461 250
0 76575 250
0 76688 250
0 76802 250
0 76915 250
0 77029 250
0 77143 250
0 77256 250
0 77370 250
0 77484 250
0 77597 250
0 77711 250
0 77825 250
0 77938 250
0 78052 250
0 78165 250
0 78279 250
3 78393 250
3 78506 250
3 78620 250
3 78734 250
3 78847 250
3 78961 250
3 79075 250
3 79188 250
3 79302 250
3 79415 250
3 79529 250
3 79643 250
3 79756 250
3 79870 250
1 79984 250
1 80097 250
1 80211 250
1 80325 250
1 80438 250
1 80552 250
1 80665 250
1 80779 250
1 80893 250
1 81006 250
1 81120 250
1 81234 250
1 81347 250
1 81461 250
1 81575 250
1 81688 250
1 81802 250
1 81915 250
4 82029 250
4 82143 250
4 82256 250
4 82370 250
4 82484 250
4 82597 250
4 82711 250
4 82825 250
4 82938 250
4 83052 250
4 83165 250
4 83279 250
4 83393 250
4 83506 250
1 83620 250
0 83734 250
0 83847 250
0 83961 250
0 84075 250
0 84188 250
0 84302 250
0 84415 250
0 84529 250
0 84643 250
0 84756 250
0 84870 250
0 84984 250
0 85097 250
0 85211 250
0 85325 250
0 85438 250
0 85552 250
3 85665 250
3 85779 250
3 85893 250
3 86006 250
3 86120 250
3 86234 250
3 86347 250
3 86461 250
3 86575 250
3 86688 250
3 86802 250
3 86915 250
3 87029 250
3 87143 250
1 87256 250
1 87370 250
1 87484 250
1 87597 250
1 87711 250
1 87825 250
1 87938 250
1 88052 250
1 88165 250
1 88279 250
1 88393 250
1 88506 250
1 88620 250
1 88734 250
1 88847 250
1 88961 250
1 89075 250
1 89188 250
4 89302 250
4 89415 250
4 89529 250
4 89643 250
4 89756 250
4 89870 250
4 89984 250
4 90097 250
4 90211 250
4 90325 250
4 90438 250
4 90552 250
4 90665 250
4 90779 250
1 90893 250
0 91006 250
0 91120 250
0 91234 250
0 91347 250
0 91461 250
0 91575 250
0 91688 250
0 91802 250
0 91915 250
0 92029 250
0 92143 250
0 92256 250
0 92370 250
0 92484 250
0 92597 250
0 92711 250
0 92825 250
3 92938 250
3 93052 250
3 93165 250
3 93279 250
3 93393 250
3 93506 250
3 93620 250
3 93734 250
3 93847 250
3 93961 250
3 94075 250
3 94188 250
3 94302 250
3 94415 250
1 94529 250
1 94643 250
1 94756 250
1 94870 250
1 94984 250
1 95097 250
1 95211 250
1 95325 250
1 95438 250
1 95552 250
1 95665 250
2 95665 2218
1 95779 250
1 95893 250
1 96006 250
1 96120 250
1 96234 250
1 96347 250
1 96461 250
4 96575 250
4 96688 250
4 96802 250
4 96915 250
4 97029 250
4 97143 250
4 97256 250
4 97370 250
4 97484 250
4 97597 250
4 97711 250
4 97825 250
4 97938 250
4 98052 250
1 98165 250
0 98279 250
0 98393 250
0 98506 250
0 98620 250
0 98734 250
0 98847 250
0 98961 250
0 99075 250
0 99188 250
0 99302 250
4 99756 250
3 99870 250
2 99984 250
1 100097 250
0 100211 250
2 100211 250
0 100438 250
2 100438 250
0 100665 250
2 100665 250
0 100893 250
2 100893 250
0 101120 250
2 101120 250
0 101347 250
2 101347 250
0 101575 250
2 101575 250
3 101802 250
4 101802 250
3 102029 250
4 102029 250
3 102256 250
4 102256 250
3 102484 250
4 102484 250
3 102711 250
4 102938 250
3 103165 250
2 103393 250
1 103620 250
1 103847 250
2 103847 250
1 104075 250
2 104075 250
1 104302 250
2 104302 250
1 104529 250
2 104529 250
1 104756 250
2 104756 250
1 104984 250
2 104984 250
1 105211 250
2 105211 250
2 105438 250
3 105438 250
2 105665 250
3 105665 250
2 105893 250
3 105893 250
2 106120 250
3 106120 250
2 106347 250
3 106347 250
3 106575 250
2 106802 250
1 107029 250
2 107256 250
3 107370 250
0 107484 250
2 107484 250
0 107711 250
2 107711 250
0 107938 250
2 107938 250
0 108165 250
2 108165 250
0 108393 250
2 108393 250
0 108620 250
2 108620 250
0 108847 250
2 108847 250
3 109075 250
4 109075 250
3 109302 250
4 109302 250
3 109529 250
4 109529 250
3 109756 250
4 109756 250
3 109984 250
4 110211 250
3 110438 250
2 110665 250
1 110893 250
1 111120 250
2 111120 250
1 111347 250
2 111347 250
1 111575 250
2 111575 250
1 111802 250
2 111802 250
1 112029 250
2 112029 250
1 112256 250
2 112256 250
1 112484 250
2 112484 250
2 112711 250
3 112711 250
2 112938 250
3 112938 250
2 113165 250
3 113165 250
2 113393 250
3 113393 250
2 113620 250
3 113620 250
3 113847 250
2 114075 250
1 114302 250
2 114529 250
3 114643 250
0 114756 250
2 114756 250
0 114984 250
2 114984 250
0 115211 250
2 115211 250
0 115438 250
2 115438 250
0 115665 250
2 115665 250
0 115893 250
2 115893 250
0 116120 250
2 116120 250
3 116347 250
4 116347 250
3 116575 250
4 116575 250
3 116802 250
4 116802 250
3 117029 250
4 117029 250
3 117256 250
4 117484 250
3 117711 250
2 117938 250
1 118165 250
1 118393 250
2 118393 250
1 118620 250
2 118620 250
1 118847 250
2 118847 250
1 119075 250
2 119075 250
1 119302 250
2 119302 250
1 119529 250
2 119529 250
1 119756 250
2 119756 250
2 119984 250
3 119984 250
2 120211 250
3 120211 250
2 120438 250
3 120438 250
2 120665 250
3 120665 250
2 120893 250
3 120893 250
3 121120 250
2 121347 250
1 121575 250
2 121802 250
3 121915 250
0 122029 250
2 122029 250
0 122256 250
2 122256 250
0 122484 250
2 122484 250
0 122711 250
2 122711 250
0 122938 250
2 122938 250
0 123165 250
2 123165 250
0 123393 250
2 123393 250
3 123620 250
4 123620 250
3 123847 250
4 123847 250
3 124075 250
4 124075 250
3 124302 250
4 124302 250
3 124529 250
4 124756 250
3 124984 250
2 125211 250
1 125438 250
1 125665 250
2 125665 250
1 125893 250
2 125893 250
1 126120 250
2 126120 250
1 126347 250
2 126347 250
1 126575 250
2 126575 250
1 126802 250
2 126802 250
1 127029 250
2 127029 250
2 127256 250
3 127256 250
2 127484 250
3 127484 250
2 127484 1066
2 127711 250
3 127711 250
2 127938 250
3 127938 250
2 128165 250
3 128165 250
3 128393 250
2 128620 250
1 128847 250
2 129075 250
3 129188 250
0 129302 408
5 129302 250
0 129756 441
0 130438 250
0 130665 250
1 130893 250
2 131006 250
3 131120 250
3 131347 250
3 131575 408
3 132029 408
3 132484 344
2 132787 250
1 132938 408
5 132938 250
1 133393 442
1 134075 250
1 134302 250
2 134529 250
3 134643 250
4 134756 250
4 134984 250
4 135211 408
4 135665 408
4 136120 250
3 136347 250
2 136461 250
0 136575 408
5 136575 250
0 137029 441
0 137711 408
1 138165 250
2 138279 250
3 138393 250
3 138620 250
3 138847 408
3 139302 408
3 139756 344
2 140059 250
1 140211 408
5 140211 250
1 140665 442
1 141347 408
2 141802 250
3 141915 250
4 142029 250
4 142256 250
4 142484 408
4 142938 408
4 143393 250
3 143506 250
2 143620 250
1 143734 250
0 143847 408
5 143847 250
0 144302 441
0 144984 250
0 145211 250
1 145438 250
2 145552 250
3 145665 250
3 145893 250
3 146120 408
3 146575 408
3 147029 344
2 147332 250
1 147484 408
5 147484 250
1 147938 442
1 148620 250
1 148847 250
2 149075 250
3 149188 250
4 149302 250
4 149529 250
4 149756 408
4 150211 408
4 150665 250
3 150779 250
2 150893 250
1 151006 250
0 151120 408
5 151120 250
0 151575 441
0 152256 250
0 152484 250
1 152711 250
2 152825 250
3 152938 250
3 153165 250
3 153393 408
3 153847 408
3 154302 344
2 154605 250
1 154756 408
5 154756 250
1 155211 442
1 155893 250
1 156120 250
2 156347 250
3 156461 250
4 156575 250
4 156802 250
4 157029 408
4 157484 408
4 157938 250
4 158165 250
4 158393 250
2 158393 1066
4 158620 250
4 158847 408
4 159302 408
4 159756 250
4 159984 250
0 160211 840
1 161688 250
2 161802 250
3 161915 250
4 162029 888
3 163620 250
2 163734 250
1 163847 922
5 163847 250
2 165552 250
3 165665 552
2 166461 250
1 166688 250
4 166915 1080
5 166915 250
3 168961 250
2 169075 250
1 169188 250
0 169302 250
2 169302 250
0 169529 250
2 169529 250
0 169756 250
2 169756 250
0 169984 250
2 169984 250
0 170211 250
2 170211 250
0 170438 250
2 170438 250
0 170665 250
2 170665 250
3 170893 250
4 170893 250
3 171120 250
4 171120 250
3 171347 250
4 171347 250
3 171575 250
4 171575 250
3 171802 250
4 172029 250
3 172256 250
2 172484 250
1 172711 250
1 172938 250
2 172938 250
1 173165 250
2 173165 250
1 173393 250
2 173393 250
1 173620 250
2 173620 250
1 173847 250
2 173847 250
1 174075 250
2 174075 250
1 174302 250
2 174302 250
2 174529 250
3 174529 250
2 174756 250
3 174756 250
2 174984 250
3 174984 250
2 175211 250
3 175211 250
2 175438 250
3 175438 250
3 175665 250
2 175893 250
1 176120 250
2 176347 250
3 176461 250
0 176575 250
2 176575 250
0 176802 250
2 176802 250
0 177029 250
2 177029 250
0 177256 250
2 177256 250
0 177484 250
2 177484 250
0 177711 250
2 177711 250
0 177938 250
2 177938 250
3 178165 250
4 178165 250
3 178393 250
4 178393 250
3 178620 250
4 178620 250
3 178847 250
4 178847 250
3 179075 250
4 179302 250
3 179529 250
2 179756 250
1 179984 250
1 180211 250
2 180211 250
1 180438 250
2 180438 250
1 180665 250
2 180665 250
1 180893 250
2 180893 250
1 181120 250
2 181120 250
1 181347 250
2 181347 250
1 181575 250
2 181575 250
2 181802 250
3 181802 250
2 182029 250
3 182029 250
2 182256 250
3 182256 250
2 182484 250
3 182484 250
2 182711 250
3 182711 250
3 182938 250
2 183165 250
1 183393 250
2 183620 250
3 183734 250
0 183847 250
2 183847 250
0 184075 250
2 184075 250
0 184302 250
2 184302 250
0 184529 250
2 184529 250
0 184756 250
2 184756 250
0 184984 250
2 184984 250
0 185211 250
2 185211 250
3 185438 250
4 185438 250
3 185665 250
4 185665 250
3 185893 250
4 185893 250
3 186120 250
4 186120 250
3 186347 250
4 186575 250
3 186802 250
2 187029 250
1 187256 250
1 187484 250
2 187484 250
1 187711 250
2 187711 250
1 187938 250
2 187938 250
1 188165 250
2 188165 250
1 188393 250
2 188393 250
1 188620 250
2 188620 250
1 188847 250
2 188847 250
2 189075 250
3 189075 250
2 189302 250
3 189302 250
2 189302 1066
2 189529 250
3 189529 250
2 189756 250
3 189756 250
2 189984 250
3 189984 250
3 190211 250
2 190438 250
1 190665 250
2 190893 250
3 191006 250
0 191120 250
2 191120 250
0 191347 250
2 191347 250
0 191575 250
2 191575 250
0 191802 250
2 191802 250
0 192029 250
2 192029 250
0 192256 250
2 192256 250
0 192484 250
2 192484 250
3 192711 250
4 192711 250
3 192938 250
4 192938 250
3 193165 250
4 193165 250
3 193393 250
4 193393 250
3 193620 250
4 193847 250
3 194075 250
2 194302 250
1 194529 250
1 194756 250
2 194756 250
1 194984 250
2 194984 250
1 195211 250
2 195211 250
1 195438 250
2 195438 250
1 195665 250
2 195665 250
1 195893 250
2 195893 250
1 196120 250
2 196120 250
2 196347 250
3 196347 250
2 196575 250
3 196575 250
2 196802 250
3 196802 250
2 197029 250
3 197029 250
2 197256 250
3 197256 250
3 197484 250
2 197711 250
1 197938 250
2 198165 250
3 198279 250
0 198393 250
2 198393 250
0 198620 250
2 198620 250
0 198847 250
2 198847 250
0 199075 250
2 199075 250
0 199302 250
2 199302 250
0 199529 250
2 199529 250
0 199756 250
2 199756 250
3 199984 250
4 199984 250
3 200211 250
4 200211 250
3 200438 250
4 200438 250
3 200665 250
4 200665 250
3 200893 250
4 201120 250
3 201347 250
2 201575 250
1 201802 250
1 202029 250
2 202029 250
1 202256 250
2 202256 250
1 202484 250
2 202484 250
1 202711 250
2 202711 250
1 202938 250
2 202938 250
1 203165 250
2 203165 250
1 203393 250
2 203393 250
2 203620 250
3 203620 250
2 203847 250
3 203847 250
2 204075 250
3 204075 250
2 204302 250
3 204302 250
2 204529 250
3 204529 250
3 204756 250
2 204984 250
1 205211 250
2 205438 250
3 205552 250
0 205665 250
2 205665 250
0 205893 250
2 205893 250
0 206120 250
2 206120 250
0 206347 250
2 206347 250
0 206575 250
2 206575 250
0 206802 250
2 206802 250
0 207029 250
2 207029 250
3 207256 250
4 207256 250
3 207484 250
4 207484 250
3 207711 250
4 207711 250
3 207938 250
4 207938 250
3 208165 250
4 208393 250
3 208620 250
2 208847 250
1 209075 250
1 209302 250
2 209302 250
1 209529 250
2 209529 250
1 209756 250
2 209756 250
1 209984 250
2 209984 250
1 210211 250
2 210211 250
1 210438 250
2 210438 250
1 210665 250
2 210665 250
2 210893 250
3 210893 250
2 211120 250
3 211120 250
2 211347 250
3 211347 250
2 211575 250
3 211575 250
2 211802 250
3 211802 250
3 212029 250
2 212256 250
1 212484 250
2 212711 250
3 212825 250
0 212938 3288
3 212938 3288
