3 3692 394
2 4154 394
3 4615 394
1 5077 394
3 5538 394
2 6000 394
3 6462 394
1 6923 394
2 7385 394
1 7846 394
2 8308 394
0 8769 394
2 9231 394
1 9692 394
2 10154 394
0 10615 394
3 11077 394
2 11538 394
3 12000 394
1 12462 394
3 12923 394
2 13385 394
3 13846 394
1 14308 394
2 14769 394
2 14769 1738
1 15231 394
2 15692 394
0 16154 394
2 16615 394
1 17077 394
2 17538 394
0 18000 346
1 18692 250
3 18692 250
1 19154 250
3 19154 250
1 19615 250
3 19615 250
1 20077 250
3 20077 250
0 20308 250
0 20538 250
2 20538 250
0 21000 250
2 21000 250
0 21462 250
2 21462 250
0 21692 250
1 21923 250
2 22154 250
2 22385 250
3 22385 250
2 22846 250
3 22846 250
2 23308 250
3 23308 250
2 23769 250
3 23769 250
3 24000 250
2 24346 634
0 25385 250
1 25615 250
3 25846 394
2 26308 250
1 26538 394
2 27000 346
1 27346 346
3 27692 250
1 27923 250
3 28154 250
2 28385 490
0 29077 250
1 29308 250
2 29538 250
0 29769 250
3 30000 250
2 30231 250
0 30462 394
6 30462 250
2 30462 1450
1 30923 250
6 30923 250
3 31154 250
6 31154 250
2 31385 490
6 31385 250
1 32077 250
6 32077 250
3 32308 586
6 32308 250
2 33231 394
6 33231 250
2 33692 346
6 33692 250
1 34038 250
6 34038 250
2 34154 250
6 34154 250
1 34385 250
6 34385 250
3 34615 250
6 34615 250
2 34846 250
6 34846 250
1 35077 394
6 35077 250
1 35538 250
6 35538 250
1 35885 250
6 35885 250
1 36000 250
6 36000 250
2 36231 250
6 36231 250
3 36462 250
6 36462 250
1 36692 250
6 36692 250
0 36923 394
6 36923 250
0 37385 250
6 37385 250
0 37731 250
6 37731 250
0 37846 250
6 37846 250
1 38077 250
6 38077 250
3 38308 250
6 38308 250
2 38538 250
6 38538 250
2 38769 394
6 38769 250
3 39692 250
6 39692 250
2 39923 346
6 39923 250
1 40269 346
6 40269 250
2 40615 394
6 40615 250
2 41077 346
6 41077 250
1 41423 250
6 41423 250
2 41538 250
6 41538 250
1 41769 250
6 41769 250
3 42000 250
6 42000 250
2 42231 250
6 42231 250
1 42462 394
6 42462 250
1 42923 250
6 42923 250
1 43269 250
6 43269 250
1 43385 250
6 43385 250
2 43615 250
6 43615 250
3 43846 250
6 43846 250
1 44077 250
6 44077 250
0 44308 394
6 44308 250
0 44769 250
6 44769 250
0 45115 250
6 45115 250
0 45231 250
6 45231 250
1 45462 250
6 45462 250
3 45692 250
6 45692 250
2 45923 250
6 45923 250
2 46154 394
6 46154 250
2 46846 250
3 46846 250
2 47308 250
3 47308 250
0 47538 250
1 47769 250
2 48000 250
2 48231 250
3 48231 250
2 48692 250
3 48692 250
2 49154 250
3 49154 250
2 49615 250
3 49615 250
1 49846 250
1 50077 250
2 50077 250
1 50538 250
2 50538 250
1 51000 250
2 51000 250
1 51462 250
2 51462 250
0 51692 250
1 51923 250
3 51923 250
1 52385 250
3 52385 250
1 52846 250
3 52846 250
1 53308 250
3 53308 250
1 53538 250
0 53769 250
2 53769 250
0 54231 250
2 54231 250
0 54692 250
2 54692 250
0 55154 250
2 55154 250
2 55385 250
2 55615 250
3 55615 250
2 56077 250
3 56077 250
3 56538 250
2 56769 250
1 57000 250
1 57231 250
1 57462 250
2 57462 250
1 57923 250
2 57923 250
1 58385 250
2 58385 250
0 58615 250
2 58846 250
1 59077 250
1 59308 250
3 59308 250
1 59769 250
3 59769 250
1 60231 250
3 60231 250
1 60692 250
3 60692 250
0 60923 250
0 61154 250
2 61154 250
0 61615 250
2 61615 250
0 62077 250
2 62077 250
0 62308 250
1 62538 250
2 62769 250
2 63000 250
3 63000 250
2 63462 250
3 63462 250
2 63923 250
3 63923 250
2 64154 250
1 64385 250
0 64615 250
1 64846 250
2 64846 250
1 65308 250
2 65308 250
1 65769 250
2 65769 250
3 66000 250
2 66231 250
1 66462 250
1 66692 250
3 66692 250
1 67154 250
3 67154 250
1 67615 250
3 67615 250
2 67846 250
1 68077 250
0 68308 250
0 68538 250
2 68538 250
0 69000 250
2 69000 250
0 69462 250
2 69462 250
0 69692 250
1 69923 250
2 70154 490
6 70154 250
3 70846 250
6 70846 250
2 71077 394
6 71077 250
1 71538 394
6 71538 250
3 72000 394
6 72000 250
2 72462 394
6 72462 250
1 72923 394
6 72923 250
0 73385 250
1 73615 250
0 73846 394
6 73846 250
2 73846 1834
1 74308 250
6 74308 250
2 74538 250
6 74538 250
2 74769 394
6 74769 250
3 75231 250
6 75231 250
3 75462 250
6 75462 250
2 75692 394
6 75692 250
3 76154 394
6 76154 250
3 76615 394
6 76615 250
2 77077 394
6 77077 250
3 77538 394
1 78000 250
2 78231 250
5 78231 250
3 78462 250
5 78462 250
2 78692 250
5 78692 250
1 78923 250
5 78923 250
0 79154 250
5 79154 250
3 79385 394
2 79846 394
3 80308 394
0 80769 250
1 81000 250
5 81000 250
3 81231 394
2 81692 250
1 81923 250
5 81923 250
3 82154 250
5 82154 250
0 82385 250
5 82385 250
1 82615 250
5 82615 250
2 82846 250
5 82846 250
2 83077 394
0 83538 250
1 83769 250
5 83769 250
2 84000 394
5 84000 250
3 84462 250
1 84692 250
5 84692 250
3 84923 394
1 85385 250
0 85615 250
5 85615 250
3 85846 394
5 85846 250
1 86308 394
2 86769 394
0 87231 250
1 87462 250
5 87462 250
3 87692 394
5 87692 250
1 88154 250
2 88385 250
5 88385 250
2 88615 394
2 88615 1834
1 89077 250
0 89308 250
5 89308 250
2 89538 250
5 89538 250
1 89769 394
5 89769 250
3 90231 250
5 90231 250
2 90462 586
6 90462 250
3 91385 586
6 91385 250
2 92308 394
6 92308 250
2 92769 346
6 92769 250
1 93115 250
6 93115 250
2 93231 250
6 93231 250
1 93462 250
6 93462 250
3 93692 250
6 93692 250
2 93923 250
6 93923 250
1 94154 394
6 94154 250
1 94615 250
6 94615 250
1 94962 250
6 94962 250
1 95077 250
6 95077 250
2 95308 250
6 95308 250
3 95538 250
6 95538 250
1 95769 250
6 95769 250
0 96000 394
6 96000 250
0 96462 250
6 96462 250
0 96808 250
6 96808 250
0 96923 250
6 96923 250
1 97154 250
6 97154 250
3 97385 250
6 97385 250
2 97615 250
6 97615 250
2 97846 394
6 97846 250
2 98308 394
6 98308 250
3 98769 250
6 98769 250
2 99000 346
6 99000 250
1 99346 250
6 99346 250
2 99692 394
6 99692 250
2 100154 346
6 100154 250
1 100500 250
6 100500 250
2 100615 250
6 100615 250
1 100846 250
6 100846 250
3 101077 250
6 101077 250
2 101308 250
6 101308 250
1 101538 394
6 101538 250
1 102000 250
6 102000 250
1 102346 250
6 102346 250
1 102462 250
6 102462 250
3 102808 250
6 102808 250
2 102923 250
6 102923 250
1 103154 250
6 103154 250
0 103385 394
6 103385 250
2 103385 1834
0 103846 250
6 103846 250
0 104192 250
6 104192 250
0 104308 250
6 104308 250
1 104538 250
6 104538 250
3 104769 250
6 104769 250
2 105000 250
6 105000 250
2 105231 394
6 105231 250
2 105692 250
3 105923 250
5 105923 250
2 106154 394
5 106154 250
1 106615 394
2 107077 250
2 107308 250
3 107308 250
2 107769 250
3 107769 250
2 108231 250
3 108231 250
2 108692 250
3 108692 250
1 108923 250
1 109154 250
2 109154 250
1 109615 250
2 109615 250
1 110077 250
2 110077 250
1 110538 250
2 110538 250
0 110769 250
1 111000 250
3 111000 250
1 111462 250
3 111462 250
1 111923 250
3 111923 250
1 112385 250
3 112385 250
1 112615 250
0 112846 250
2 112846 250
0 113308 250
2 113308 250
0 113769 250
2 113769 250
0 114231 250
2 114231 250
2 114462 250
2 114692 250
3 114692 250
2 115154 250
3 115154 250
3 115615 250
2 115846 250
1 116077 250
1 116308 250
1 116538 250
2 116538 250
1 117000 250
2 117000 250
1 117462 250
2 117462 250
0 117692 250
2 117923 250
1 118154 250
1 118385 250
3 118385 250
1 118846 250
3 118846 250
1 119308 250
3 119308 250
1 119769 250
3 119769 250
0 120000 250
0 120231 250
2 120231 250
0 120692 250
2 120692 250
0 121154 250
2 121154 250
0 121385 250
1 121615 250
2 121846 250
2 122077 250
3 122077 250
2 122538 250
3 122538 250
2 123000 250
3 123000 250
2 123231 250
1 123462 250
0 123692 250
1 123923 250
2 123923 250
1 124385 250
2 124385 250
1 124846 250
2 124846 250
3 125077 250
2 125308 250
1 125538 250
1 125769 250
3 125769 250
1 126231 250
3 126231 250
1 126692 250
3 126692 250
2 126923 250
1 127154 250
0 127385 250
0 127615 250
2 127615 250
0 128077 250
2 128077 250
0 128538 250
2 128538 250
0 128769 250
1 129000 250
2 129231 250
2 129462 250
3 129462 250
2 129923 250
3 129923 250
2 130385 250
3 130385 250
2 130615 250
1 130846 250
0 131077 250
1 131308 250
2 131308 250
1 131769 250
2 131769 250
1 132231 250
2 132231 250
3 132462 250
2 132692 250
1 132923 250
1 133154 250
3 133154 250
1 133615 250
3 133615 250
1 134077 250
3 134077 250
2 134308 250
1 134538 250
0 134769 250
0 135000 250
2 135000 250
0 135462 250
2 135462 250
0 135923 250
2 135923 250
0 136154 250
1 136385 250
3 136615 394
1 137077 250
2 137308 250
5 137308 250
3 137538 250
5 137538 250
2 137769 250
5 137769 250
1 138000 250
5 138000 250
0 138231 250
5 138231 250
3 138462 394
2 138923 394
3 139385 394
0 139846 250
1 140077 250
5 140077 250
3 140308 394
2 140308 1882
2 140769 250
1 141000 250
5 141000 250
3 141231 250
5 141231 250
0 141462 250
5 141462 250
1 141692 250
5 141692 250
2 141923 250
5 141923 250
2 142154 394
0 142615 250
1 142846 250
5 142846 250
2 143077 394
5 143077 250
3 143538 250
1 143769 250
5 143769 250
3 144000 394
1 144462 250
0 144692 250
5 144692 250
3 144923 394
5 144923 250
1 145385 394
2 145846 394
0 146308 250
1 146538 250
5 146538 250
3 146769 394
5 146769 250
1 147231 250
2 147462 250
5 147462 250
2 147692 394
1 148154 250
0 148385 250
5 148385 250
2 148615 250
5 148615 250
1 148846 394
5 148846 250
3 149308 250
5 149308 250
0 149538 394
6 149538 250
1 150000 394
6 150000 250
2 150462 394
6 150462 250
3 150923 394
6 150923 250
3 151385 394
2 151846 394
3 152308 394
1 152769 394
3 153231 394
2 153692 394
3 154154 394
1 154615 394
2 155077 394
1 155538 394
2 156000 394
0 156462 394
2 156923 394
1 157385 394
2 157846 394
0 158308 394
3 158769 394
2 159231 394
3 159692 394
1 160154 394
3 160615 394
2 161077 394
3 161538 394
1 162000 394
2 162462 394
1 162923 394
2 163385 394
0 163846 394
2 164308 394
1 164769 394
2 165231 394
3 165692 394
3 166154 490
2 166154 3418
2 166846 682
3 168000 490
1 168692 682
2 169846 586
6 169846 250
1 170769 394
6 170769 250
0 171231 394
6 171231 250
1 171692 490
6 171692 250
2 172385 490
6 172385 250
1 173077 394
6 173077 250
3 173538 778
6 173538 250
2 174923 250
6 174923 250
1 175154 250
6 175154 250
2 175385 778
6 175385 250
0 176769 394
6 176769 250
2 177231 778
6 177231 250
1 178615 250
6 178615 250
0 178846 250
6 178846 250
1 179077 490
6 179077 250
2 179769 394
1 180231 394
3 180692 250
2 180923 250
1 181385 250
2 181615 250
5 181615 250
0 181846 250
5 181846 250
1 182192 250
5 182192 250
2 182538 250
5 182538 250
3 182769 250
2 183000 250
5 183000 250
0 183231 250
5 183231 250
1 183462 394
5 183462 250
2 183923 250
0 184154 250
5 184154 250
3 184385 250
5 184385 250
2 184615 250
5 184615 250
1 184846 250
5 184846 250
0 185077 250
5 185077 250
2 185308 250
5 185308 250
0 185538 250
5 185538 250
2 185769 250
5 185769 250
2 186231 250
1 186462 250
5 186462 250
1 186923 250
2 187154 250
5 187154 250
0 187385 250
5 187385 250
3 187615 250
5 187615 250
2 187846 250
5 187846 250
1 188077 250
5 188077 250
2 188308 394
5 188308 250
0 188769 250
3 189000 250
5 189000 250
2 189231 250
5 189231 250
1 189462 250
5 189462 250
3 189692 250
5 189692 250
2 189923 250
5 189923 250
2 190154 250
3 190615 250
5 190615 250
2 190846 490
5 190846 250
0 191538 250
1 191769 250
5 191769 250
3 192000 394
5 192000 250
2 192462 250
1 192692 250
5 192692 250
0 192923 250
5 192923 250
3 193154 250
5 193154 250
1 193385 394
5 193385 250
3 194308 250
5 194308 250
2 194538 250
5 194538 250
2 194769 394
0 195231 250
1 195462 250
5 195462 250
3 195692 394
5 195692 250
1 196154 250
3 196385 394
5 196385 250
2 196846 394
1 197308 250
0 197538 250
5 197538 250
1 197769 250
5 197769 250
2 198000 250
5 198000 250
3 198231 250
5 198231 250
1 198462 250
5 198462 250
3 198692 250
5 198692 250
2 198923 250
5 198923 250
1 199154 250
5 199154 250
1 199385 394
2 199385 1882
2 199846 250
5 199846 250
3 200077 394
5 200077 250
3 200538 394
2 201000 250
3 201231 250
5 201231 250
2 201462 250
5 201462 250
1 201692 250
5 201692 250
0 201923 250
5 201923 250
2 202154 250
5 202154 250
2 202462 250
1 202615 250
0 202846 250
5 202846 250
3 203077 250
1 203538 250
2 203769 250
5 203769 250
3 204000 250
5 204000 250
2 204231 250
5 204231 250
1 204462 250
5 204462 250
0 204692 250
5 204692 250
2 204923 394
5 204923 250
1 205385 490
3 206077 250
2 206308 250
5 206308 250
1 206538 250
5 206538 250
3 206769 394
5 206769 250
2 207231 394
1 207692 394
1 208154 250
2 208385 250
5 208385 250
3 208615 394
5 208615 250
2 209077 250
1 209308 250
5 209308 250
3 209538 394
5 209538 250
2 210000 394
3 210462 250
2 210692 250
5 210692 250
1 210923 250
5 210923 250
0 211154 250
5 211154 250
3 211385 250
5 211385 250
2 211615 250
5 211615 250
0 211846 250
5 211846 250
1 212077 250
5 212077 250
2 212308 394
5 212308 250
1 212769 394
3 213231 394
0 213692 250
5 213692 250
1 213923 250
5 213923 250
2 214154 394
5 214154 250
3 214615 394
1 215077 394
0 215538 250
2 215769 250
5 215769 250
1 216000 394
5 216000 250
2 216462 250
3 216692 394
3 217154 250
1 217385 394
3 217846 490
6 217846 250
2 218538 490
6 218538 250
0 219231 250
6 219231 250
1 219462 250
6 219462 250
1 219692 394
6 219692 250
2 220154 394
6 220154 250
2 220615 250
6 220615 250
3 220846 250
6 220846 250
2 221077 250
6 221077 250
1 221308 250
6 221308 250
0 221538 394
6 221538 250
2 221538 1834
3 222000 250
6 222000 250
1 222231 250
6 222231 250
1 222462 394
6 222462 250
0 222923 250
6 222923 250
2 223154 250
6 223154 250
2 223385 394
6 223385 250
0 223846 250
6 223846 250
1 224077 250
6 224077 250
3 224308 394
6 224308 250
1 224769 394
6 224769 250
2 225231 394
6 225231 250
2 225692 346
6 225692 250
1 226038 250
6 226038 250
2 226154 250
6 226154 250
1 226385 250
6 226385 250
3 226615 250
6 226615 250
2 226846 250
6 226846 250
1 227077 394
6 227077 250
1 227538 250
6 227538 250
1 227885 250
6 227885 250
1 228000 250
6 228000 250
2 228231 250
6 228231 250
3 228462 250
6 228462 250
1 228692 250
6 228692 250
0 228923 394
6 228923 250
0 229385 250
6 229385 250
0 229731 250
6 229731 250
0 229846 250
6 229846 250
1 230077 250
6 230077 250
3 230308 250
6 230308 250
2 230538 250
6 230538 250
2 230769 394
6 230769 250
2 231231 394
6 231231 250
3 231692 346
6 231692 250
2 232038 346
6 232038 250
1 232385 250
6 232385 250
2 232615 394
6 232615 250
2 233077 346
6 233077 250
1 233423 250
6 233423 250
2 233538 250
6 233538 250
1 233769 250
6 233769 250
3 234000 250
6 234000 250
2 234231 250
6 234231 250
1 234462 394
6 234462 250
1 234923 250
6 234923 250
1 235269 250
6 235269 250
1 235385 250
6 235385 250
2 235615 250
6 235615 250
3 235846 250
6 235846 250
1 236077 250
6 236077 250
0 236308 394
6 236308 250
0 236769 250
6 236769 250
0 237115 250
6 237115 250
0 237231 250
6 237231 250
1 237462 250
6 237462 250
3 237692 250
6 237692 250
2 237923 250
6 237923 250
2 238154 394
6 238154 250
2 238615 394
6 238615 250
3 239077 346
6 239077 250
2 239423 346
6 239423 250
1 239769 250
6 239769 250
2 240000 394
6 240000 250
2 240000 1834
2 240462 346
6 240462 250
1 240808 250
6 240808 250
2 240923 250
6 240923 250
1 241154 250
6 241154 250
3 241385 250
6 241385 250
2 241615 250
6 241615 250
1 241846 394
6 241846 250
1 242308 250
6 242308 250
1 242654 250
6 242654 250
1 242769 250
6 242769 250
2 243000 250
6 243000 250
3 243231 250
6 243231 250
1 243462 250
6 243462 250
0 243692 394
6 243692 250
0 244154 250
6 244154 250
0 244500 250
6 244500 250
0 244615 250
6 244615 250
1 244846 250
6 244846 250
3 245077 250
6 245077 250
2 245308 250
6 245308 250
2 245538 394
6 245538 250
3 246462 250
6 246462 250
2 246692 394
6 246692 250
1 247154 250
6 247154 250
2 247385 394
6 247385 250
2 247846 346
6 247846 250
1 248192 250
6 248192 250
2 248308 250
6 248308 250
1 248538 250
6 248538 250
3 248769 250
6 248769 250
2 249000 250
6 249000 250
1 249231 394
6 249231 250
1 249692 250
6 249692 250
1 250038 250
6 250038 250
1 250154 250
6 250154 250
2 250385 250
6 250385 250
3 250615 250
6 250615 250
1 250846 250
6 250846 250
0 251077 394
6 251077 250
0 251538 250
6 251538 250
0 251885 250
6 251885 250
0 252000 250
6 252000 250
1 252231 250
6 252231 250
3 252462 250
6 252462 250
2 252692 250
6 252692 250
2 252923 394
6 252923 250
3 253846 346
6 253846 250
2 254192 346
6 254192 250
1 254538 250
6 254538 250
2 254769 250
1 255346 250
3 255808 250
2 256269 250
3 256731 250
1 257192 250
3 257769 250
2 258231 250
3 258692 250
1 259269 250
3 259731 250
1 260308 250
3 260885 1498
