3 2000 250
4 2000 250
6 2000 250
3 2216 442
4 2216 442
6 2216 250
3 2854 250
4 2854 250
6 2854 250
3 3252 250
4 3252 250
6 3252 250
2 3649 250
4 3649 250
6 3649 250
2 3881 442
4 3881 442
6 3881 250
2 4491 250
4 4491 250
6 4491 250
2 4881 250
4 4881 250
6 4881 250
2 5289 250
3 5289 250
6 5289 250
2 5493 442
3 5493 442
6 5493 250
2 6138 250
3 6138 250
6 6138 250
2 6567 250
3 6567 250
6 6567 250
1 6947 250
3 6947 250
6 6947 250
1 7163 682
3 7163 682
6 7163 250
3 15162 250
4 15162 250
6 15162 250
3 15368 442
4 15368 442
6 15368 250
3 15984 250
4 15984 250
6 15984 250
3 16395 250
4 16395 250
6 16395 250
2 16806 250
4 16806 250
6 16806 250
2 17012 442
4 17012 442
6 17012 250
2 17628 250
4 17628 250
6 17628 250
2 18039 250
4 18039 250
6 18039 250
2 18450 250
3 18450 250
6 18450 250
2 18656 442
3 18656 442
6 18656 250
2 19272 250
3 19272 250
6 19272 250
2 19683 250
3 19683 250
6 19683 250
1 20094 250
3 20094 250
6 20094 250
1 20299 442
3 20299 442
6 20299 250
1 20916 250
3 20916 250
6 20916 250
1 21327 250
3 21327 250
6 21327 250
3 21738 250
4 21738 250
6 21738 250
2 21738 3162
3 21943 442
4 21943 442
6 21943 250
3 22560 250
4 22560 250
6 22560 250
3 22971 250
4 22971 250
6 22971 250
2 23382 250
4 23382 250
6 23382 250
2 23587 442
4 23587 442
6 23587 250
2 24203 250
4 24203 250
6 24203 250
2 24614 250
4 24614 250
6 24614 250
2 25025 250
3 25025 250
6 25025 250
2 25231 442
3 25231 442
6 25231 250
2 25847 250
3 25847 250
6 25847 250
2 26258 250
3 26258 250
6 26258 250
1 26669 250
3 26669 250
6 26669 250
1 26875 442
3 26875 442
6 26875 250
1 27491 250
3 27491 250
6 27491 250
1 27902 250
3 27902 250
6 27902 250
3 28313 250
4 28313 250
6 28313 250
3 28519 442
4 28519 442
6 28519 250
3 29135 250
4 29135 250
6 29135 250
3 29546 250
4 29546 250
6 29546 250
2 29957 250
4 29957 250
6 29957 250
2 30162 442
4 30162 442
6 30162 250
2 30779 250
4 30779 250
6 30779 250
2 31190 250
4 31190 250
6 31190 250
2 31806 394
3 31806 394
6 31806 250
2 32628 250
3 32628 250
6 32628 250
2 32834 250
3 32834 250
6 32834 250
1 33450 394
3 33450 394
6 33450 250
1 34272 250
3 34272 250
6 34272 250
1 34477 250
3 34477 250
6 34477 250
3 34888 250
4 34888 250
6 34888 250
3 35094 442
4 35094 442
6 35094 250
3 35710 250
4 35710 250
6 35710 250
3 36121 250
4 36121 250
6 36121 250
2 36532 250
4 36532 250
6 36532 250
2 36738 442
4 36738 442
6 36738 250
2 37354 250
4 37354 250
6 37354 250
2 37765 250
4 37765 250
6 37765 250
2 38176 250
3 38176 250
6 38176 250
2 38382 442
3 38382 442
6 38382 250
2 38998 250
3 38998 250
6 38998 250
2 39409 250
3 39409 250
6 39409 250
1 39820 250
3 39820 250
6 39820 250
1 40025 442
3 40025 442
6 40025 250
1 40642 250
3 40642 250
6 40642 250
1 41053 250
3 41053 250
6 41053 250
3 41464 250
4 41464 250
6 41464 250
2 41464 3162
3 41669 442
4 41669 442
6 41669 250
3 42286 250
4 42286 250
6 42286 250
3 42697 250
4 42697 250
6 42697 250
2 43108 250
4 43108 250
6 43108 250
2 43313 442
4 43313 442
6 43313 250
2 43929 250
4 43929 250
6 43929 250
2 44340 250
4 44340 250
6 44340 250
2 44751 250
3 44751 250
6 44751 250
2 44957 442
3 44957 442
6 44957 250
2 45573 250
3 45573 250
6 45573 250
2 45984 250
3 45984 250
6 45984 250
1 46395 250
3 46395 250
6 46395 250
1 46601 442
3 46601 442
6 46601 250
1 47217 250
3 47217 250
6 47217 250
1 47628 250
3 47628 250
6 47628 250
3 48039 250
4 48039 250
6 48039 250
3 48245 442
4 48245 442
6 48245 250
3 48861 250
4 48861 250
6 48861 250
3 49272 250
4 49272 250
6 49272 250
2 49683 250
4 49683 250
6 49683 250
2 49888 442
4 49888 442
6 49888 250
2 50505 250
4 50505 250
6 50505 250
2 50916 250
4 50916 250
6 50916 250
2 51327 250
3 51327 250
6 51327 250
2 51532 442
3 51532 442
6 51532 250
2 52149 250
3 52149 250
6 52149 250
2 52560 250
3 52560 250
6 52560 250
1 52971 250
3 52971 250
6 52971 250
1 53176 442
3 53176 442
6 53176 250
1 53792 250
3 53792 250
6 53792 250
1 54203 250
3 54203 250
6 54203 250
3 54614 250
4 54614 250
6 54614 250
3 54820 442
4 54820 442
6 54820 250
3 55436 250
4 55436 250
6 55436 250
3 55847 250
4 55847 250
6 55847 250
2 56258 250
4 56258 250
6 56258 250
2 56464 442
4 56464 442
6 56464 250
2 57080 250
4 57080 250
6 57080 250
2 57491 250
4 57491 250
6 57491 250
2 57902 250
3 57902 250
6 57902 250
2 58108 442
3 58108 442
6 58108 250
2 58724 250
3 58724 250
6 58724 250
2 59135 250
3 59135 250
6 59135 250
1 59546 250
3 59546 250
6 59546 250
1 59751 442
3 59751 442
6 59751 250
1 60368 250
3 60368 250
6 60368 250
3 61190 250
4 61190 250
6 61190 250
3 61395 442
4 61395 442
6 61395 250
3 62012 250
4 62012 250
6 62012 250
3 62423 250
4 62423 250
6 62423 250
2 62834 250
4 62834 250
6 62834 250
2 63039 442
4 63039 442
6 63039 250
2 63656 250
4 63656 250
6 63656 250
2 64066 250
4 64066 250
6 64066 250
2 64477 250
3 64477 250
6 64477 250
2 64683 442
3 64683 442
6 64683 250
2 65299 250
3 65299 250
6 65299 250
2 65710 250
3 65710 250
6 65710 250
1 66121 250
3 66121 250
6 66121 250
1 66327 442
3 66327 442
6 66327 250
3 67765 250
4 67765 250
6 67765 250
3 67971 442
4 67971 442
6 67971 250
3 68587 250
4 68587 250
6 68587 250
3 68998 250
4 68998 250
6 68998 250
2 69409 250
4 69409 250
6 69409 250
2 69614 442
4 69614 442
6 69614 250
2 70231 250
4 70231 250
6 70231 250
2 70642 250
4 70642 250
6 70642 250
2 71053 250
3 71053 250
6 71053 250
2 71258 442
3 71258 442
6 71258 250
2 71875 250
3 71875 250
6 71875 250
2 72286 250
3 72286 250
6 72286 250
1 72697 250
3 72697 250
6 72697 250
1 72902 442
3 72902 442
6 72902 250
1 73519 250
3 73519 250
6 73519 250
1 73929 250
3 73929 250
6 73929 250
3 74340 250
4 74340 250
6 74340 250
3 74546 442
4 74546 442
6 74546 250
3 75162 250
4 75162 250
6 75162 250
3 75573 250
4 75573 250
6 75573 250
2 75984 250
4 75984 250
6 75984 250
2 76190 442
4 76190 442
6 76190 250
2 76806 250
4 76806 250
6 76806 250
2 77217 250
4 77217 250
6 77217 250
2 77628 250
3 77628 250
6 77628 250
2 77834 442
3 77834 442
6 77834 250
2 78450 250
3 78450 250
6 78450 250
2 78861 250
3 78861 250
6 78861 250
1 79272 250
3 79272 250
6 79272 250
1 79477 442
3 79477 442
6 79477 250
1 80094 250
3 80094 250
6 80094 250
1 80505 250
3 80505 250
6 80505 250
3 80916 250
4 80916 250
6 80916 250
3 81121 442
4 81121 442
6 81121 250
3 81738 250
4 81738 250
6 81738 250
3 82149 250
4 82149 250
6 82149 250
2 82560 250
4 82560 250
6 82560 250
2 82765 442
4 82765 442
6 82765 250
2 83382 250
4 83382 250
6 83382 250
2 83792 250
4 83792 250
6 83792 250
2 84203 250
3 84203 250
6 84203 250
2 84409 442
3 84409 442
6 84409 250
2 85025 250
3 85025 250
6 85025 250
2 85436 250
3 85436 250
6 85436 250
1 85847 250
3 85847 250
6 85847 250
1 86053 442
3 86053 442
6 86053 250
1 86669 250
3 86669 250
6 86669 250
1 87080 250
3 87080 250
6 87080 250
2 90368 1850
2 90471 250
6 90471 250
3 90573 490
6 90573 250
3 91190 250
6 91190 250
4 91395 250
6 91395 250
3 91532 250
6 91532 250
2 91669 250
6 91669 250
3 91806 250
6 91806 250
2 91943 250
6 91943 250
1 92080 250
6 92080 250
2 92217 970
6 92217 250
3 94066 250
4 94066 250
6 94066 250
3 94272 442
4 94272 442
6 94272 250
3 94888 250
4 94888 250
6 94888 250
3 95299 250
4 95299 250
6 95299 250
2 95710 250
4 95710 250
6 95710 250
2 95916 442
4 95916 442
6 95916 250
2 96532 250
4 96532 250
6 96532 250
2 96943 250
4 96943 250
6 96943 250
2 97354 250
3 97354 250
6 97354 250
2 97560 442
3 97560 442
6 97560 250
2 98176 250
3 98176 250
6 98176 250
2 98587 250
3 98587 250
6 98587 250
1 98998 250
3 98998 250
6 98998 250
1 99203 442
3 99203 442
6 99203 250
1 99820 250
3 99820 250
6 99820 250
1 100231 250
3 100231 250
6 100231 250
3 100642 250
4 100642 250
6 100642 250
2 100642 2394
3 100847 442
4 100847 442
6 100847 250
3 101464 250
4 101464 250
6 101464 250
3 101875 250
4 101875 250
6 101875 250
2 102286 250
4 102286 250
6 102286 250
2 102491 442
4 102491 442
6 102491 250
2 103108 250
4 103108 250
6 103108 250
2 103519 250
4 103519 250
6 103519 250
2 103929 250
3 103929 250
6 103929 250
2 104135 442
3 104135 442
6 104135 250
2 104751 250
3 104751 250
6 104751 250
2 105162 250
3 105162 250
6 105162 250
3 107217 250
4 107217 250
6 107217 250
3 107423 442
4 107423 442
6 107423 250
3 108039 250
4 108039 250
6 108039 250
3 108450 250
4 108450 250
6 108450 250
2 108861 250
4 108861 250
6 108861 250
2 109066 442
4 109066 442
6 109066 250
2 109683 250
4 109683 250
6 109683 250
2 110094 250
4 110094 250
6 110094 250
2 110505 250
3 110505 250
6 110505 250
2 110710 442
3 110710 442
6 110710 250
2 111327 250
3 111327 250
6 111327 250
2 111738 250
3 111738 250
6 111738 250
1 112149 250
3 112149 250
6 112149 250
1 112354 442
3 112354 442
6 112354 250
1 112971 250
3 112971 250
6 112971 250
1 113382 250
3 113382 250
6 113382 250
3 113792 250
4 113792 250
6 113792 250
3 113998 442
4 113998 442
6 113998 250
3 114614 250
4 114614 250
6 114614 250
3 115025 250
4 115025 250
6 115025 250
2 115436 250
4 115436 250
6 115436 250
2 115642 442
4 115642 442
6 115642 250
2 116258 250
4 116258 250
6 116258 250
2 116669 250
4 116669 250
6 116669 250
2 117080 250
3 117080 250
6 117080 250
2 117286 442
3 117286 442
6 117286 250
2 117902 250
3 117902 250
6 117902 250
2 118313 250
3 118313 250
6 118313 250
1 118724 250
3 118724 250
6 118724 250
1 118929 442
3 118929 442
6 118929 250
1 119546 250
3 119546 250
6 119546 250
1 119957 250
3 119957 250
6 119957 250
2 120573 442
2 121395 442
1 122012 250
0 122217 442
3 123039 442
2 125299 250
2 125505 442
3 126327 442
3 128176 250
2 128176 1114
2 128382 250
1 128587 250
0 128792 250
3 129614 442
1 133313 634
1 134546 250
2 134751 250
3 134957 922
2 136601 250
0 136806 682
0 137834 250
0 138039 250
1 138245 922
1 139888 634
1 141121 250
2 141327 250
3 141532 922
4 143176 730
1 144409 250
2 144614 250
3 144820 922
1 146464 730
6 146464 250
1 147697 250
6 147697 250
2 147902 250
6 147902 250
3 148108 730
6 148108 250
1 149751 250
6 149751 250
2 149957 634
6 149957 250
2 150984 250
6 150984 250
2 151190 250
6 151190 250
1 151395 634
6 151395 250
1 152834 250
6 152834 250
1 153039 730
6 153039 250
1 154272 250
6 154272 250
2 154477 250
6 154477 250
3 154683 778
6 154683 250
4 156327 778
6 156327 250
2 156327 1690
1 157560 250
6 157560 250
2 157765 250
6 157765 250
3 157971 922
6 157971 250
3 159820 250
4 159820 250
6 159820 250
3 160025 442
4 160025 442
6 160025 250
3 160642 250
4 160642 250
6 160642 250
3 161053 250
4 161053 250
6 161053 250
2 161464 250
4 161464 250
6 161464 250
2 161669 442
4 161669 442
6 161669 250
2 162286 250
4 162286 250
6 162286 250
2 162697 250
4 162697 250
6 162697 250
2 163108 250
3 163108 250
6 163108 250
2 163313 442
3 163313 442
6 163313 250
2 163929 250
3 163929 250
6 163929 250
2 164340 250
3 164340 250
6 164340 250
1 164751 250
3 164751 250
6 164751 250
1 164957 442
3 164957 442
6 164957 250
1 165573 250
3 165573 250
6 165573 250
1 165984 250
3 165984 250
6 165984 250
3 166395 250
4 166395 250
6 166395 250
3 166601 442
4 166601 442
6 166601 250
3 167217 250
4 167217 250
6 167217 250
3 167628 250
4 167628 250
6 167628 250
2 168039 250
4 168039 250
6 168039 250
2 168245 442
4 168245 442
6 168245 250
2 168861 250
4 168861 250
6 168861 250
2 169272 250
4 169272 250
6 169272 250
2 169683 250
3 169683 250
6 169683 250
2 169888 442
3 169888 442
6 169888 250
2 170505 250
3 170505 250
6 170505 250
2 170916 250
3 170916 250
6 170916 250
1 171327 250
3 171327 250
6 171327 250
1 171532 442
3 171532 442
6 171532 250
1 172149 250
3 172149 250
6 172149 250
1 172560 250
3 172560 250
6 172560 250
3 172971 250
4 172971 250
6 172971 250
3 173176 442
4 173176 442
6 173176 250
3 173792 250
4 173792 250
6 173792 250
3 174203 250
4 174203 250
6 174203 250
2 174614 250
4 174614 250
6 174614 250
2 174820 442
4 174820 442
6 174820 250
2 175436 250
4 175436 250
6 175436 250
2 175847 250
4 175847 250
6 175847 250
2 176258 250
3 176258 250
6 176258 250
2 176464 442
3 176464 442
6 176464 250
2 177080 250
3 177080 250
6 177080 250
2 177491 250
3 177491 250
6 177491 250
1 177902 250
3 177902 250
6 177902 250
1 178108 442
3 178108 442
6 178108 250
1 178724 250
3 178724 250
6 178724 250
1 179135 250
3 179135 250
6 179135 250
3 179546 250
4 179546 250
6 179546 250
3 179751 442
4 179751 442
6 179751 250
3 180368 250
4 180368 250
6 180368 250
3 180779 250
4 180779 250
6 180779 250
2 181190 250
4 181190 250
6 181190 250
2 181395 442
4 181395 442
6 181395 250
2 182012 250
4 182012 250
6 182012 250
2 182423 250
4 182423 250
6 182423 250
2 182834 250
3 182834 250
6 182834 250
2 183039 442
3 183039 442
6 183039 250
2 183656 250
3 183656 250
6 183656 250
2 184066 250
3 184066 250
6 184066 250
1 184477 250
3 184477 250
6 184477 250
1 185299 250
6 185299 250
1 185402 250
6 185402 250
1 185505 250
6 185505 250
1 185710 250
6 185710 250
0 185916 730
6 185916 250
0 187149 250
6 187149 250
1 187354 250
6 187354 250
2 187560 730
6 187560 250
2 188792 250
6 188792 250
2 188998 250
6 188998 250
2 189203 250
6 189203 250
1 189409 634
6 189409 250
1 190436 250
6 190436 250
1 190642 250
6 190642 250
0 190847 826
6 190847 250
1 192286 250
6 192286 250
0 192491 730
6 192491 250
0 193724 250
6 193724 250
1 193929 250
6 193929 250
2 194135 730
6 194135 250
2 195368 250
6 195368 250
2 195573 250
6 195573 250
3 195779 730
6 195779 250
3 197012 250
6 197012 250
3 197217 250
6 197217 250
4 197423 970
6 197423 250
0 199066 730
6 199066 250
0 200299 250
6 200299 250
1 200505 250
6 200505 250
2 200710 730
6 200710 250
2 201943 250
6 201943 250
2 202149 250
6 202149 250
2 202354 250
6 202354 250
1 202560 634
6 202560 250
1 203587 250
6 203587 250
1 203792 250
6 203792 250
0 203998 826
6 203998 250
1 205436 250
6 205436 250
0 205642 634
6 205642 250
0 206875 250
6 206875 250
1 207080 250
6 207080 250
2 207286 730
6 207286 250
2 208519 250
6 208519 250
2 208724 250
6 208724 250
3 208929 730
6 208929 250
3 210162 250
6 210162 250
2 210162 1162
3 210368 250
6 210368 250
4 210573 970
6 210573 250
0 225368 394
0 225779 394
1 226190 250
1 226395 394
1 226806 394
1 227217 250
1 227423 394
2 227834 490
0 231943 394
2 231943 1642
0 232354 394
1 232765 250
1 232971 394
1 233382 394
1 233792 250
1 233998 394
2 234409 490
3 238724 250
4 238724 250
6 238724 250
3 238929 442
4 238929 442
6 238929 250
3 239546 250
4 239546 250
6 239546 250
3 239957 250
4 239957 250
6 239957 250
2 240368 250
4 240368 250
6 240368 250
2 240573 442
4 240573 442
6 240573 250
2 241190 250
4 241190 250
6 241190 250
2 241601 250
4 241601 250
6 241601 250
2 242012 250
3 242012 250
6 242012 250
2 242217 442
3 242217 442
6 242217 250
2 242834 250
3 242834 250
6 242834 250
2 243245 250
3 243245 250
6 243245 250
1 243656 250
3 243656 250
6 243656 250
1 243861 442
3 243861 442
6 243861 250
1 244477 250
3 244477 250
6 244477 250
1 244888 250
3 244888 250
6 244888 250
3 245299 250
4 245299 250
6 245299 250
3 245505 442
4 245505 442
6 245505 250
3 246121 250
4 246121 250
6 246121 250
3 246532 250
4 246532 250
6 246532 250
2 246943 250
4 246943 250
6 246943 250
2 247149 442
4 247149 442
6 247149 250
2 247765 250
4 247765 250
6 247765 250
2 248176 250
4 248176 250
6 248176 250
2 248587 250
3 248587 250
6 248587 250
2 248792 442
3 248792 442
6 248792 250
2 249409 250
3 249409 250
6 249409 250
2 249820 250
3 249820 250
6 249820 250
1 250231 250
3 250231 250
6 250231 250
1 250436 442
3 250436 442
6 250436 250
1 251053 250
3 251053 250
6 251053 250
1 251464 250
3 251464 250
6 251464 250
3 251875 250
4 251875 250
6 251875 250
3 252080 442
4 252080 442
6 252080 250
3 252697 250
4 252697 250
6 252697 250
3 253108 250
4 253108 250
6 253108 250
2 253519 250
4 253519 250
6 253519 250
2 253724 442
4 253724 442
6 253724 250
2 254340 250
4 254340 250
6 254340 250
2 254751 250
4 254751 250
6 254751 250
2 255162 250
3 255162 250
6 255162 250
2 255368 442
3 255368 442
6 255368 250
2 255984 250
3 255984 250
6 255984 250
2 256395 250
3 256395 250
6 256395 250
1 256806 250
3 256806 250
6 256806 250
1 257012 442
3 257012 442
6 257012 250
1 257628 250
3 257628 250
6 257628 250
1 258039 250
3 258039 250
6 258039 250
3 258450 250
4 258450 250
6 258450 250
3 258656 442
4 258656 442
6 258656 250
3 259272 250
4 259272 250
6 259272 250
3 259683 250
4 259683 250
6 259683 250
2 260094 250
4 260094 250
6 260094 250
2 260299 442
4 260299 442
6 260299 250
2 260916 250
4 260916 250
6 260916 250
2 261327 250
4 261327 250
6 261327 250
2 261738 250
3 261738 250
6 261738 250
2 261943 442
3 261943 442
6 261943 250
2 262560 250
3 262560 250
6 262560 250
2 262971 250
3 262971 250
6 262971 250
