2 3548 250
3 3548 250
2 3957 250
3 3957 250
1 4366 250
4 4366 250
1 4775 250
4 4775 250
2 5184 346
3 5184 346
2 5730 250
3 5730 250
2 6139 250
3 6139 250
1 6548 250
4 6548 250
1 6957 250
4 6957 250
2 7366 346
3 7366 346
1 7912 250
2 7912 250
1 8321 250
2 8321 250
0 8730 250
3 8730 250
0 9139 250
3 9139 250
1 9548 346
2 9548 346
1 10094 250
2 10094 250
1 10503 250
2 10503 250
0 10912 250
3 10912 250
0 11321 250
3 11321 250
1 11730 346
2 11730 346
0 12275 250
2 12275 250
0 12684 250
2 12684 250
0 13094 250
3 13094 250
0 13503 250
3 13503 250
0 13912 346
2 13912 346
0 14457 250
2 14457 250
0 14866 250
2 14866 250
0 15275 250
3 15275 250
0 15684 250
3 15684 250
0 16094 346
2 16094 346
1 16639 250
3 16639 250
1 17048 250
3 17048 250
1 17457 250
2 17457 250
1 17866 250
2 17866 250
1 18275 346
3 18275 346
1 18821 250
3 18821 250
1 19230 250
3 19230 250
1 19639 250
4 19639 250
1 20048 250
4 20048 250
1 20457 346
3 20457 346
2 20934 922
2 21003 250
3 21003 250
2 21412 250
3 21412 250
1 21821 250
4 21821 250
1 22230 250
4 22230 250
2 22639 346
3 22639 346
2 23184 250
3 23184 250
2 23594 250
3 23594 250
1 24003 250
4 24003 250
1 24412 250
4 24412 250
2 24821 346
3 24821 346
1 25366 250
2 25366 250
1 25775 250
2 25775 250
0 26184 250
3 26184 250
0 26594 250
3 26594 250
1 27003 346
2 27003 346
1 27548 250
2 27548 250
1 27957 250
2 27957 250
0 28366 250
3 28366 250
0 28775 250
3 28775 250
1 29184 346
2 29184 346
0 29730 250
2 29730 250
0 30139 250
2 30139 250
0 30548 250
3 30548 250
0 30957 250
3 30957 250
0 31366 346
2 31366 346
0 31912 250
2 31912 250
0 32321 250
2 32321 250
0 32730 250
3 32730 250
0 33139 250
3 33139 250
0 33548 346
2 33548 346
1 34094 250
3 34094 250
1 34503 250
3 34503 250
1 34912 250
2 34912 250
1 35321 250
2 35321 250
1 35730 346
3 35730 346
1 36275 250
3 36275 250
2 36275 946
1 36684 250
3 36684 250
1 37094 250
4 37094 250
1 37503 250
4 37503 250
1 37912 346
3 37912 346
1 38457 250
1 38866 250
1 39275 250
1 39821 250
2 39957 250
3 40094 250
4 40230 250
4 40503 250
2 40639 250
4 40912 250
2 41184 250
3 41457 250
4 41525 250
3 41730 250
1 42003 250
0 42275 250
0 42821 250
0 43230 250
0 43639 250
0 44184 250
1 44321 250
2 44457 250
3 44594 250
3 44866 250
2 45003 250
3 45275 250
2 45548 250
3 45821 250
4 45889 250
3 46094 250
2 46366 250
1 46639 250
0 47184 250
0 47594 250
0 48003 250
0 48548 250
1 48684 250
2 48821 250
3 48957 250
3 49230 250
1 49366 250
3 49639 250
1 49912 250
3 50184 250
4 50253 250
3 50457 250
0 50730 250
1 51003 250
1 51548 250
1 51957 250
1 52366 250
1 52912 250
2 53048 250
3 53184 250
4 53321 250
4 53594 250
2 53730 250
4 54003 250
2 54275 250
3 54548 250
4 54616 250
3 54821 250
2 55094 250
1 55366 250
3 55639 250
3 55775 250
4 55912 250
5 55912 250
3 56048 250
5 56048 250
4 56184 250
5 56184 250
3 56321 250
5 56321 250
2 56457 250
5 56457 250
3 56594 250
5 56594 250
3 56730 250
3 56866 250
4 57003 250
5 57003 250
3 57139 250
5 57139 250
4 57275 250
5 57275 250
3 57412 250
5 57412 250
2 57548 250
5 57548 250
3 57684 250
5 57684 250
3 57821 250
3 57957 250
4 58094 250
5 58094 250
3 58230 250
5 58230 250
4 58366 250
5 58366 250
3 58503 250
5 58503 250
2 58639 250
5 58639 250
3 58775 250
5 58775 250
3 58912 250
4 59048 250
5 59048 250
3 59184 250
5 59184 250
4 59321 250
5 59321 250
4 59457 250
3 59594 250
5 59594 250
2 59730 250
5 59730 250
3 59866 250
5 59866 250
2 60003 250
5 60003 250
2 60139 250
3 60275 250
5 60275 250
2 60412 250
5 60412 250
3 60548 250
5 60548 250
2 60684 250
5 60684 250
1 60821 250
5 60821 250
2 60957 250
5 60957 250
2 61094 250
2 61230 250
3 61366 250
5 61366 250
2 61503 250
5 61503 250
3 61639 250
5 61639 250
2 61775 250
5 61775 250
1 61912 250
5 61912 250
2 62048 250
5 62048 250
2 62184 250
2 62321 250
3 62457 250
5 62457 250
2 62594 250
5 62594 250
3 62730 250
5 62730 250
2 62866 250
5 62866 250
1 63003 250
5 63003 250
2 63139 250
5 63139 250
2 63275 250
2 63275 610
3 63412 250
5 63412 250
2 63548 250
5 63548 250
3 63684 250
5 63684 250
3 63821 250
2 63957 250
5 63957 250
1 64094 250
5 64094 250
2 64230 250
5 64230 250
3 64366 250
5 64366 250
3 64503 250
4 64639 250
5 64639 250
3 64775 250
5 64775 250
4 64912 250
5 64912 250
3 65048 250
5 65048 250
2 65184 250
5 65184 250
3 65321 250
5 65321 250
3 65457 250
3 65594 250
4 65730 250
5 65730 250
3 65866 250
5 65866 250
4 66003 250
5 66003 250
3 66139 250
5 66139 250
2 66275 250
5 66275 250
3 66412 250
5 66412 250
3 66548 250
3 66684 250
4 66821 250
5 66821 250
3 66957 250
5 66957 250
4 67094 250
5 67094 250
3 67230 250
5 67230 250
2 67366 250
5 67366 250
3 67503 250
5 67503 250
3 67639 250
4 67775 250
5 67775 250
3 67912 250
5 67912 250
4 68048 250
5 68048 250
4 68184 250
3 68321 250
5 68321 250
2 68457 250
5 68457 250
3 68594 250
5 68594 250
3 68730 250
3 68866 250
4 69003 250
5 69003 250
3 69139 250
5 69139 250
4 69275 250
5 69275 250
3 69412 250
5 69412 250
2 69548 250
5 69548 250
3 69684 250
5 69684 250
3 69821 250
3 69957 250
4 70094 250
5 70094 250
3 70230 250
5 70230 250
4 70366 250
5 70366 250
3 70503 250
5 70503 250
2 70639 250
5 70639 250
3 70775 250
5 70775 250
3 70912 250
3 71048 250
4 71184 250
5 71184 250
3 71321 250
5 71321 250
4 71457 250
5 71457 250
3 71594 250
5 71594 250
2 71730 250
5 71730 250
3 71866 250
5 71866 250
3 72003 250
2 72003 610
4 72139 250
5 72139 250
3 72275 250
5 72275 250
4 72412 250
5 72412 250
4 72548 250
3 72684 250
5 72684 250
2 72821 250
5 72821 250
3 72957 250
5 72957 250
2 73366 250
3 73366 250
2 73775 250
3 73775 250
1 74184 250
4 74184 250
1 74594 250
4 74594 250
2 75003 346
3 75003 346
2 75548 250
3 75548 250
2 75957 250
3 75957 250
1 76366 250
4 76366 250
1 76775 250
4 76775 250
2 77184 346
3 77184 346
1 77730 250
2 77730 250
1 78139 250
2 78139 250
0 78548 250
3 78548 250
0 78957 250
3 78957 250
1 79366 346
2 79366 346
1 79912 250
2 79912 250
1 80321 250
2 80321 250
0 80730 250
3 80730 250
0 81139 250
3 81139 250
1 81548 346
2 81548 346
0 82094 250
2 82094 250
0 82503 250
2 82503 250
0 82912 250
3 82912 250
0 83321 250
3 83321 250
0 83730 346
2 83730 346
0 84275 250
2 84275 250
0 84684 250
2 84684 250
0 85094 250
3 85094 250
0 85503 250
3 85503 250
0 85912 346
2 85912 346
1 86457 250
3 86457 250
1 86866 250
3 86866 250
1 87275 250
2 87275 250
1 87684 250
2 87684 250
1 88094 346
3 88094 346
1 88639 250
3 88639 250
1 89048 250
3 89048 250
1 89457 250
4 89457 250
1 89866 250
4 89866 250
1 90275 346
3 90275 346
3 90821 1282
6 90821 250
2 90821 5626
3 93821 346
6 93821 250
2 94162 346
6 94162 250
1 94503 370
6 94503 250
3 94912 466
6 94912 250
4 95594 250
6 95594 250
3 95730 250
6 95730 250
2 96003 994
6 96003 250
2 98184 370
6 98184 250
1 98594 322
6 98594 250
2 98866 370
6 98866 250
4 99275 538
6 99275 250
2 100162 250
6 100162 250
0 100366 898
6 100366 250
0 102275 322
6 102275 250
4 102548 250
6 102548 250
3 102821 250
6 102821 250
2 103094 394
6 103094 250
1 103571 1786
6 103571 250
3 108003 250
3 108139 250
4 108275 250
5 108275 250
3 108412 250
5 108412 250
4 108548 250
5 108548 250
3 108684 250
5 108684 250
2 108821 250
5 108821 250
3 108957 250
5 108957 250
3 109094 250
3 109230 250
4 109366 250
5 109366 250
3 109503 250
5 109503 250
4 109639 250
5 109639 250
3 109775 250
5 109775 250
2 109912 250
5 109912 250
3 110048 250
5 110048 250
3 110184 250
3 110321 250
4 110457 250
5 110457 250
3 110594 250
5 110594 250
4 110730 250
5 110730 250
3 110866 250
5 110866 250
2 111003 250
5 111003 250
3 111139 250
5 111139 250
3 111275 250
4 111412 250
5 111412 250
3 111548 250
5 111548 250
4 111684 250
5 111684 250
4 111821 250
3 111957 250
5 111957 250
2 112094 250
5 112094 250
3 112230 250
5 112230 250
2 112366 250
5 112366 250
2 112503 250
3 112639 250
5 112639 250
2 112775 250
5 112775 250
3 112912 250
5 112912 250
2 113048 250
5 113048 250
1 113184 250
5 113184 250
2 113321 250
5 113321 250
2 113457 250
2 113594 250
3 113730 250
5 113730 250
2 113866 250
5 113866 250
3 114003 250
5 114003 250
2 114139 250
5 114139 250
1 114275 250
5 114275 250
2 114412 250
5 114412 250
2 114548 250
2 114684 250
3 114821 250
5 114821 250
2 114957 250
5 114957 250
3 115094 250
5 115094 250
2 115230 250
5 115230 250
1 115366 250
5 115366 250
2 115503 250
5 115503 250
2 115639 250
3 115775 250
5 115775 250
2 115912 250
5 115912 250
3 116048 250
5 116048 250
3 116184 250
2 116321 250
5 116321 250
1 116457 250
5 116457 250
2 116594 250
5 116594 250
3 116730 250
5 116730 250
3 116866 250
4 117003 250
5 117003 250
3 117139 250
5 117139 250
4 117275 250
5 117275 250
3 117412 250
5 117412 250
2 117548 250
5 117548 250
3 117684 250
5 117684 250
3 117821 250
3 117957 250
4 118094 250
5 118094 250
3 118230 250
5 118230 250
4 118366 250
5 118366 250
3 118503 250
5 118503 250
2 118639 250
5 118639 250
3 118775 250
5 118775 250
3 118912 250
3 119048 250
4 119184 250
5 119184 250
3 119321 250
5 119321 250
4 119457 250
5 119457 250
3 119594 250
5 119594 250
2 119730 250
5 119730 250
3 119866 250
5 119866 250
3 120003 250
4 120139 250
5 120139 250
3 120275 250
5 120275 250
4 120412 250
5 120412 250
4 120548 250
3 120684 250
5 120684 250
2 120821 250
5 120821 250
3 120957 250
5 120957 250
3 121094 250
3 121230 250
4 121366 250
5 121366 250
3 121503 250
5 121503 250
4 121639 250
5 121639 250
3 121775 250
5 121775 250
2 121912 250
5 121912 250
3 122048 250
5 122048 250
3 122184 250
3 122321 250
4 122457 250
5 122457 250
3 122594 250
5 122594 250
4 122730 250
5 122730 250
3 122866 250
5 122866 250
2 123003 250
5 123003 250
3 123139 250
5 123139 250
3 123275 250
3 123412 250
4 123548 250
5 123548 250
3 123684 250
5 123684 250
4 123821 250
5 123821 250
3 123957 250
5 123957 250
2 124094 250
5 124094 250
3 124230 250
5 124230 250
3 124366 250
4 124503 250
5 124503 250
3 124639 250
5 124639 250
4 124775 250
5 124775 250
4 124912 250
3 125048 250
5 125048 250
2 125184 250
5 125184 250
3 125321 250
5 125321 250
2 125730 250
3 125730 250
2 126139 250
3 126139 250
1 126548 250
4 126548 250
1 126957 250
4 126957 250
2 127366 346
3 127366 346
2 127912 250
3 127912 250
2 128321 250
3 128321 250
1 128730 250
4 128730 250
1 129139 250
4 129139 250
2 129548 346
3 129548 346
1 130094 250
2 130094 250
1 130503 250
2 130503 250
0 130912 250
3 130912 250
0 131321 250
3 131321 250
1 131730 346
2 131730 346
1 132275 250
2 132275 250
1 132684 250
2 132684 250
0 133094 250
3 133094 250
0 133503 250
3 133503 250
1 133912 346
2 133912 346
0 134457 250
2 134457 250
0 134866 250
2 134866 250
0 135275 250
3 135275 250
0 135684 250
3 135684 250
0 136094 346
2 136094 346
0 136639 250
2 136639 250
0 137048 250
2 137048 250
0 137457 250
3 137457 250
0 137866 250
3 137866 250
0 138275 346
2 138275 346
1 138821 250
3 138821 250
1 139230 250
3 139230 250
1 139639 250
2 139639 250
1 140048 250
2 140048 250
1 140457 346
3 140457 346
1 141003 250
3 141003 250
1 141412 250
3 141412 250
1 141821 250
4 141821 250
1 142230 250
4 142230 250
1 142639 298
3 142639 298
3 142912 250
3 143048 250
4 143184 250
5 143184 250
3 143321 250
5 143321 250
4 143457 250
5 143457 250
3 143594 250
5 143594 250
2 143730 250
5 143730 250
3 143866 250
5 143866 250
3 144003 250
3 144139 250
4 144275 250
5 144275 250
3 144412 250
5 144412 250
4 144548 250
5 144548 250
3 144684 250
5 144684 250
2 144821 250
5 144821 250
3 144957 250
5 144957 250
3 145094 250
3 145230 250
4 145366 250
5 145366 250
3 145503 250
5 145503 250
4 145639 250
5 145639 250
3 145775 250
5 145775 250
2 145912 250
5 145912 250
3 146048 250
5 146048 250
3 146184 250
4 146321 250
5 146321 250
3 146457 250
5 146457 250
4 146594 250
5 146594 250
4 146730 250
3 146866 250
5 146866 250
2 147003 250
5 147003 250
3 147139 250
5 147139 250
2 147275 250
5 147275 250
2 147412 250
3 147548 250
5 147548 250
2 147684 250
5 147684 250
3 147821 250
5 147821 250
2 147957 250
5 147957 250
1 148094 250
5 148094 250
2 148230 250
5 148230 250
2 148366 250
2 148503 250
3 148639 250
5 148639 250
2 148775 250
5 148775 250
3 148912 250
5 148912 250
2 149048 250
5 149048 250
1 149184 250
5 149184 250
2 149321 250
5 149321 250
2 149457 250
2 149594 250
3 149730 250
5 149730 250
2 149866 250
5 149866 250
3 150003 250
5 150003 250
2 150139 250
5 150139 250
1 150275 250
5 150275 250
2 150412 250
5 150412 250
2 150548 250
3 150684 250
5 150684 250
2 150821 250
5 150821 250
3 150957 250
5 150957 250
3 151094 250
2 151230 250
5 151230 250
1 151366 250
5 151366 250
2 151503 250
5 151503 250
3 151639 250
5 151639 250
3 151775 250
4 151912 250
5 151912 250
3 152048 250
5 152048 250
4 152184 250
5 152184 250
3 152321 250
5 152321 250
2 152457 250
5 152457 250
3 152594 250
5 152594 250
3 152730 250
3 152866 250
4 153003 250
5 153003 250
3 153139 250
5 153139 250
4 153275 250
5 153275 250
3 153412 250
5 153412 250
2 153548 250
5 153548 250
3 153684 250
5 153684 250
3 153821 250
3 153957 250
4 154094 250
5 154094 250
3 154230 250
5 154230 250
4 154366 250
5 154366 250
3 154503 250
5 154503 250
2 154639 250
5 154639 250
3 154775 250
5 154775 250
3 154912 250
4 155048 250
5 155048 250
3 155184 250
5 155184 250
4 155321 250
5 155321 250
4 155457 250
3 155594 250
5 155594 250
2 155730 250
5 155730 250
3 155866 250
5 155866 250
3 156003 250
3 156139 250
4 156275 250
5 156275 250
3 156412 250
5 156412 250
4 156548 250
5 156548 250
3 156684 250
5 156684 250
2 156821 250
5 156821 250
3 156957 250
5 156957 250
3 157094 250
3 157230 250
4 157366 250
5 157366 250
3 157503 250
5 157503 250
4 157639 250
5 157639 250
3 157775 250
5 157775 250
2 157912 250
5 157912 250
3 158048 250
5 158048 250
3 158184 250
3 158321 250
4 158457 250
5 158457 250
3 158594 250
5 158594 250
4 158730 250
5 158730 250
3 158866 250
5 158866 250
2 159003 250
5 159003 250
3 159139 250
5 159139 250
3 159275 250
4 159412 250
5 159412 250
3 159548 250
5 159548 250
4 159684 250
5 159684 250
4 159821 250
3 159957 250
5 159957 250
2 160094 250
5 160094 250
3 160230 250
5 160230 250
1 160639 250
1 161048 250
1 161457 250
1 162003 250
2 162139 250
3 162275 250
4 162412 250
4 162684 250
2 162821 250
4 163094 250
2 163366 250
3 163639 250
4 163707 250
3 163912 250
1 164184 250
0 164457 250
0 165003 250
0 165412 250
0 165821 250
0 166366 250
1 166503 250
2 166639 250
3 166775 250
3 167048 250
2 167184 250
3 167457 250
2 167730 250
3 168003 250
4 168071 250
3 168275 250
2 168548 250
1 168821 250
0 169366 250
0 169775 250
0 170184 250
0 170730 250
1 170866 250
2 171003 250
3 171139 250
3 171412 250
1 171548 250
3 171821 250
1 172094 250
3 172366 250
4 172434 250
3 172639 250
0 172912 250
1 173184 250
1 173730 250
1 174139 250
1 174548 250
1 175094 250
2 175230 250
3 175366 250
4 175503 250
4 175775 250
2 175912 250
4 176184 250
2 176457 250
3 176730 250
4 176798 250
3 177003 250
2 177275 250
1 177548 250
2 178094 250
3 178094 250
2 178503 250
3 178503 250
1 178912 250
4 178912 250
1 179321 250
4 179321 250
2 179730 346
3 179730 346
2 180275 250
3 180275 250
2 180684 250
3 180684 250
1 181094 250
4 181094 250
1 181503 250
4 181503 250
2 181912 346
3 181912 346
1 182457 250
2 182457 250
1 182866 250
2 182866 250
0 183275 250
3 183275 250
0 183684 250
3 183684 250
1 184094 346
2 184094 346
1 184639 250
2 184639 250
1 185048 250
2 185048 250
0 185457 250
3 185457 250
0 185866 250
3 185866 250
1 186275 346
2 186275 346
0 186821 250
2 186821 250
0 187230 250
2 187230 250
0 187639 250
3 187639 250
0 188048 250
3 188048 250
0 188457 346
2 188457 346
0 189003 250
2 189003 250
0 189412 250
2 189412 250
0 189821 250
3 189821 250
0 190230 250
3 190230 250
0 190639 346
2 190639 346
1 191184 250
3 191184 250
1 191594 250
3 191594 250
1 192003 250
2 192003 250
1 192412 250
2 192412 250
1 192821 346
3 192821 346
1 193366 250
3 193366 250
1 193775 250
3 193775 250
1 194184 250
4 194184 250
1 194594 250
4 194594 250
1 195003 346
3 195003 346
1 195548 250
1 195957 250
1 196366 250
1 196912 250
2 197048 250
3 197184 250
4 197321 250
4 197594 250
2 197730 250
4 198003 250
2 198275 250
3 198548 250
4 198616 250
3 198821 250
1 199094 250
0 199366 250
0 199912 250
0 200321 250
0 200730 250
0 201275 250
1 201412 250
2 201548 250
3 201684 250
3 201957 250
2 202094 250
3 202366 250
2 202639 250
3 202912 250
4 202980 250
3 203184 250
2 203457 250
1 203730 250
0 204275 250
0 204684 250
0 205094 250
0 205639 250
1 205775 250
2 205912 250
3 206048 250
3 206321 250
1 206457 250
3 206730 250
1 207003 250
3 207275 250
4 207344 250
3 207548 250
0 207821 250
1 208094 250
1 208639 250
1 209048 250
1 209457 250
1 210003 250
2 210139 250
3 210275 250
4 210412 250
1 210821 250
2 210821 250
2 210821 922
1 211366 250
2 211366 250
3 211639 250
4 211707 250
3 211912 250
2 212184 250
1 212457 250
2 213003 250
3 213003 250
2 213412 250
3 213412 250
1 213821 250
4 213821 250
1 214230 250
4 214230 250
2 214639 346
3 214639 346
2 215184 250
3 215184 250
2 215594 250
3 215594 250
1 216003 250
4 216003 250
1 216412 250
4 216412 250
2 216821 346
3 216821 346
1 217366 250
2 217366 250
1 217775 250
2 217775 250
0 218184 250
3 218184 250
0 218594 250
3 218594 250
1 219003 346
2 219003 346
1 219548 250
2 219548 250
1 219957 250
2 219957 250
0 220366 250
3 220366 250
0 220775 250
3 220775 250
1 221184 346
2 221184 346
0 221730 250
2 221730 250
0 222139 250
2 222139 250
0 222548 250
3 222548 250
0 222957 250
3 222957 250
0 223366 346
2 223366 346
0 223912 250
2 223912 250
0 224321 250
2 224321 250
0 224730 250
3 224730 250
0 225139 250
3 225139 250
0 225548 346
2 225548 346
1 226094 250
3 226094 250
1 226503 250
3 226503 250
1 226912 250
2 226912 250
1 227321 250
2 227321 250
1 227730 346
3 227730 346
1 228275 250
3 228275 250
1 228684 250
3 228684 250
1 229094 250
4 229094 250
1 229503 250
4 229503 250
1 229912 346
3 229912 346
2 230457 250
3 230457 250
2 230866 250
3 230866 250
1 231275 250
4 231275 250
1 231684 250
4 231684 250
2 232094 346
3 232094 346
2 232639 250
3 232639 250
2 233048 250
3 233048 250
1 233457 250
4 233457 250
1 233866 250
4 233866 250
2 234275 346
3 234275 346
1 234821 250
2 234821 250
1 235230 250
2 235230 250
0 235639 250
3 235639 250
0 236048 250
3 236048 250
1 236457 346
2 236457 346
1 237003 250
2 237003 250
1 237412 250
2 237412 250
0 237821 250
3 237821 250
0 238230 250
3 238230 250
1 238639 346
2 238639 346
0 239184 250
2 239184 250
0 239594 250
2 239594 250
0 240003 250
3 240003 250
0 240412 250
3 240412 250
0 240821 346
2 240821 346
0 241366 250
2 241366 250
0 241775 250
2 241775 250
0 242184 250
3 242184 250
0 242594 250
3 242594 250
0 243003 346
2 243003 346
1 243548 250
3 243548 250
1 243957 250
3 243957 250
1 244366 250
2 244366 250
1 244775 250
2 244775 250
1 245184 346
3 245184 346
1 245730 250
3 245730 250
1 246139 250
3 246139 250
1 246548 250
4 246548 250
1 246957 250
4 246957 250
1 247366 346
3 247366 346
