3 4800 250
0 5100 250
4 5400 250
3 5550 250
0 5700 250
5 5700 250
3 6000 250
2 6150 250
0 6300 250
5 6300 250
2 6600 250
1 6750 250
0 6900 250
5 6900 250
3 7200 250
0 7500 250
4 7800 250
3 7950 250
0 8100 250
5 8100 250
3 8400 250
2 8550 250
0 8700 250
5 8700 250
2 9000 250
1 9150 250
0 9300 250
5 9300 250
3 9600 250
0 9900 250
4 10200 250
3 10350 250
0 10500 250
5 10500 250
3 10800 250
2 10950 250
0 11100 250
5 11100 250
2 11400 250
1 11550 250
0 11700 250
5 11700 250
3 12000 250
0 12300 250
4 12600 250
3 12750 250
0 12900 250
5 12900 250
3 13200 250
2 13350 250
0 13500 250
5 13500 250
2 13800 250
1 13950 250
0 14100 250
5 14100 250
3 14400 250
0 14700 250
4 15000 250
3 15150 250
0 15300 250
5 15300 250
3 15600 250
2 15750 250
0 15900 250
5 15900 250
2 16200 250
1 16350 250
0 16500 250
5 16500 250
3 16800 250
2 16800 1066
0 17100 250
4 17400 250
3 17550 250
0 17700 250
5 17700 250
3 18000 250
2 18150 250
0 18300 250
5 18300 250
2 18600 250
1 18750 250
0 18900 250
5 18900 250
3 19201 250
0 19501 250
4 19801 250
3 19951 250
0 20101 250
5 20101 250
3 20401 250
2 20551 250
0 20701 250
5 20701 250
2 21001 250
1 21151 250
0 21301 250
5 21301 250
3 21601 250
0 21901 250
4 22201 250
3 22351 250
0 22501 250
5 22501 250
3 22801 250
2 22951 250
0 23101 250
5 23101 250
2 23401 250
1 23551 250
0 23701 250
5 23701 250
3 24001 250
0 24301 250
4 24601 250
3 24751 250
0 24901 250
5 24901 250
3 25201 250
2 25351 250
0 25501 250
5 25501 250
2 25801 250
1 25951 250
0 26101 250
5 26101 250
3 26401 250
0 26701 250
4 27001 250
3 27151 250
0 27301 250
5 27301 250
3 27601 250
2 27751 250
0 27901 250
5 27901 250
2 28201 250
1 28351 250
0 28501 250
5 28501 250
3 28801 250
0 29101 250
4 29401 250
3 29551 250
0 29701 250
5 29701 250
3 30001 250
2 30151 250
0 30301 250
5 30301 250
2 30601 250
1 30751 250
0 30901 250
5 30901 250
3 31201 250
0 31501 250
4 31801 250
3 31951 250
0 32101 250
5 32101 250
3 32401 250
2 32551 250
0 32701 250
5 32701 250
2 33001 250
1 33151 250
0 33301 250
5 33301 250
3 33601 250
0 33901 250
4 34201 250
3 34351 250
0 34501 250
5 34501 250
3 34801 250
2 34951 250
1 35101 250
2 35401 250
1 35701 250
0 36001 250
2 36301 250
4 36601 250
3 36751 250
1 36901 250
3 37201 250
2 37351 250
1 37501 250
2 37801 250
1 38101 250
0 38401 250
1 38701 250
4 39001 250
3 39151 250
1 39301 250
3 39601 250
2 39751 250
1 39901 250
2 40201 250
1 40501 250
0 40801 250
2 40801 1066
1 41101 250
2 41401 250
0 41701 250
3 42001 250
4 42301 250
0 42601 250
4 42901 250
1 43201 250
2 43501 250
4 43801 250
3 43951 250
1 44101 250
3 44401 250
2 44551 250
1 44701 250
2 45001 250
1 45301 250
0 45601 250
2 45901 250
4 46201 250
3 46351 250
1 46501 250
3 46801 250
2 46951 250
1 47101 250
2 47401 250
1 47701 250
0 48001 250
1 48301 250
4 48601 250
3 48751 250
1 48901 250
3 49201 250
2 49351 250
1 49501 250
2 49801 250
1 50101 250
1 52802 372
2 52802 372
4 52802 372
1 53252 250
2 53252 250
4 53252 250
0 53702 372
1 53702 372
2 53702 372
0 54152 250
1 54152 250
2 54152 250
0 54302 250
5 54302 250
0 54602 250
1 54602 250
2 54602 250
0 54902 250
0 55202 372
2 55202 372
3 55202 372
0 55652 250
2 55652 250
3 55652 250
2 56102 516
3 56102 516
4 56102 516
2 57002 250
3 57002 250
4 57002 250
1 57602 372
2 57602 372
4 57602 372
1 58052 250
2 58052 250
4 58052 250
0 58502 372
1 58502 372
2 58502 372
0 58952 250
1 58952 250
2 58952 250
0 59102 250
5 59102 250
0 59402 420
1 59402 420
2 59402 420
0 60002 372
2 60002 372
3 60002 372
0 60452 250
2 60452 250
3 60452 250
2 60902 516
3 60902 516
4 60902 516
2 61802 250
3 61802 250
4 61802 250
1 62402 372
2 62402 372
4 62402 372
1 62852 250
2 62852 250
4 62852 250
0 63302 372
1 63302 372
2 63302 372
0 63752 250
1 63752 250
2 63752 250
0 63902 250
5 63902 250
0 64202 420
1 64202 420
2 64202 420
0 64802 372
2 64802 372
3 64802 372
2 64802 1066
0 65252 250
2 65252 250
3 65252 250
2 65702 516
3 65702 516
4 65702 516
2 66602 250
3 66602 250
4 66602 250
1 67202 372
2 67202 372
4 67202 372
1 67652 250
2 67652 250
4 67652 250
0 68102 372
1 68102 372
2 68102 372
0 68552 250
1 68552 250
2 68552 250
0 68702 250
5 68702 250
0 68852 250
0 69002 420
1 69002 420
2 69002 420
0 72002 250
1 72302 250
4 72602 250
3 72752 250
0 72902 250
5 72902 250
3 73202 250
2 73352 250
0 73502 250
5 73502 250
2 73802 250
1 73952 250
0 74102 250
5 74102 250
3 74402 250
0 74702 250
4 75002 250
3 75152 250
0 75302 250
5 75302 250
3 75602 250
2 75752 250
0 75902 250
5 75902 250
2 76202 250
1 76352 250
0 76502 250
5 76502 250
3 76802 250
0 77102 250
4 77402 250
3 77552 250
0 77702 250
5 77702 250
3 78002 250
2 78152 250
0 78302 250
5 78302 250
2 78602 250
1 78752 250
0 78902 250
5 78902 250
3 79202 250
0 79502 250
4 79802 250
3 79952 250
0 80102 250
5 80102 250
3 80402 250
2 80552 250
0 80702 250
5 80702 250
3 81602 250
0 81902 250
4 82202 250
3 82352 250
0 82502 250
5 82502 250
3 82802 250
2 82952 250
0 83102 250
5 83102 250
2 83402 250
1 83552 250
0 83702 250
5 83702 250
3 84002 250
0 84302 250
4 84602 250
3 84752 250
0 84902 250
5 84902 250
3 85202 250
2 85352 250
0 85502 250
5 85502 250
2 85803 250
1 85953 250
0 86103 250
5 86103 250
3 86403 250
0 86703 250
4 87003 250
3 87153 250
0 87303 250
5 87303 250
3 87603 250
2 87753 250
0 87903 250
5 87903 250
2 88203 250
1 88353 250
0 88503 250
5 88503 250
3 88803 250
2 88803 1066
0 89103 250
4 89403 250
3 89553 250
0 89703 250
5 89703 250
3 90003 250
2 90153 250
0 90303 250
5 90303 250
2 90603 250
1 90753 250
0 90903 250
5 90903 250
3 91203 250
0 91503 250
4 91803 250
3 91953 250
0 92103 250
5 92103 250
3 92403 250
2 92553 250
0 92703 250
5 92703 250
2 93003 250
1 93153 250
0 93303 250
5 93303 250
3 93603 250
0 93903 250
4 94203 250
3 94353 250
0 94503 250
5 94503 250
3 94803 250
2 94953 250
0 95103 250
5 95103 250
2 95403 250
1 95553 250
0 95703 250
5 95703 250
3 96003 250
0 96303 250
4 96603 250
3 96753 250
0 96903 250
5 96903 250
3 97203 250
2 97353 250
0 97503 250
5 97503 250
2 97803 250
1 97953 250
0 98103 250
5 98103 250
3 98403 250
0 98703 250
4 99003 250
3 99153 250
0 99303 250
5 99303 250
3 99603 250
2 99753 250
0 99903 250
5 99903 250
2 100203 250
1 100353 250
1 100503 250
3 100803 250
0 101103 250
4 101403 250
3 101553 250
0 101703 250
5 101703 250
3 102003 250
2 102153 250
1 102303 250
2 102603 250
1 102903 250
0 103203 250
2 103503 250
4 103803 250
3 103953 250
1 104103 250
3 104403 250
2 104553 250
1 104703 250
2 105003 250
3 105153 250
1 105303 250
0 105603 250
1 105903 250
4 106203 250
3 106353 250
1 106503 250
3 106803 250
2 106953 250
1 107103 250
2 107403 250
1 107703 250
0 108003 250
1 108303 250
2 108603 250
0 108903 250
1 109203 250
2 109503 250
0 109803 250
1 110403 250
2 110703 250
4 111003 250
3 111153 250
1 111303 250
3 111603 250
2 111753 250
1 111903 250
2 112203 250
1 112503 250
0 112803 250
2 112803 1066
2 113103 250
4 113403 250
3 113553 250
1 113703 250
3 114003 250
2 114153 250
1 114303 250
2 114603 250
1 114903 250
0 115203 250
1 115503 250
4 115803 250
3 115953 250
1 116103 250
3 116403 250
2 116553 250
1 116703 250
2 117003 250
1 117303 250
1 120004 372
2 120004 372
4 120004 372
1 120454 250
2 120454 250
4 120454 250
0 120904 420
1 120904 420
2 120904 420
0 121504 250
0 121804 420
1 121804 420
2 121804 420
0 122404 372
2 122404 372
3 122404 372
0 122854 250
2 122854 250
3 122854 250
2 123304 516
3 123304 516
4 123304 516
2 124204 250
3 124204 250
4 124204 250
1 124804 372
2 124804 372
4 124804 372
1 125254 250
2 125254 250
4 125254 250
0 125704 372
1 125704 372
2 125704 372
0 126154 250
1 126154 250
2 126154 250
0 126304 250
5 126304 250
0 126604 250
1 126604 250
2 126604 250
0 126904 250
0 127204 372
2 127204 372
3 127204 372
0 127654 250
2 127654 250
3 127654 250
2 128104 516
3 128104 516
4 128104 516
2 129004 250
3 129004 250
4 129004 250
1 129604 372
2 129604 372
4 129604 372
1 130054 250
2 130054 250
4 130054 250
0 130504 372
1 130504 372
2 130504 372
0 130954 250
1 130954 250
2 130954 250
0 131104 250
5 131104 250
0 131404 420
1 131404 420
2 131404 420
0 132004 372
2 132004 372
3 132004 372
0 132454 250
2 132454 250
3 132454 250
2 132904 516
3 132904 516
4 132904 516
2 133804 250
3 133804 250
4 133804 250
1 134404 372
2 134404 372
4 134404 372
1 134854 250
2 134854 250
4 134854 250
0 135304 372
1 135304 372
2 135304 372
0 135754 250
1 135754 250
2 135754 250
0 135904 250
5 135904 250
0 136054 250
0 136204 420
1 136204 420
2 136204 420
2 136804 1066
1 139204 372
2 139204 372
4 139204 372
1 139654 250
2 139654 250
4 139654 250
0 140104 420
1 140104 420
2 140104 420
0 141004 420
1 141004 420
2 141004 420
0 141604 372
2 141604 372
3 141604 372
0 142054 250
2 142054 250
3 142054 250
2 142504 516
3 142504 516
4 142504 516
2 143404 250
3 143404 250
4 143404 250
1 144004 372
2 144004 372
4 144004 372
1 144454 250
2 144454 250
4 144454 250
0 144904 372
1 144904 372
2 144904 372
0 145354 250
1 145354 250
2 145354 250
0 145504 250
5 145504 250
0 145804 250
1 145804 250
2 145804 250
0 146104 250
0 146404 372
2 146404 372
3 146404 372
0 146854 250
2 146854 250
3 146854 250
2 147304 516
3 147304 516
4 147304 516
2 148204 250
3 148204 250
4 148204 250
1 148804 372
2 148804 372
4 148804 372
1 149254 250
2 149254 250
4 149254 250
0 149704 372
1 149704 372
2 149704 372
0 150154 372
0 150604 420
1 150604 420
2 150604 420
0 151204 372
2 151204 372
3 151204 372
0 151654 250
2 151654 250
3 151654 250
2 152104 516
3 152104 516
4 152104 516
2 153005 250
3 153005 250
4 153005 250
1 153605 372
2 153605 372
4 153605 372
1 154055 250
2 154055 250
4 154055 250
0 154505 372
1 154505 372
2 154505 372
0 154955 250
1 154955 250
2 154955 250
0 155105 250
5 155105 250
0 155255 250
0 155405 420
1 155405 420
2 155405 420
0 158405 250
1 158705 250
4 159005 250
3 159155 250
0 159305 250
5 159305 250
3 159605 250
2 159755 250
0 159905 250
5 159905 250
2 160205 250
1 160355 250
0 160505 250
5 160505 250
3 160805 250
2 160805 1066
0 161105 250
4 161405 250
3 161555 250
0 161705 250
5 161705 250
3 162005 250
2 162155 250
0 162305 250
5 162305 250
2 162605 250
1 162755 250
0 162905 250
5 162905 250
3 163205 250
0 163505 250
4 163805 250
3 163955 250
0 164105 250
5 164105 250
3 164405 250
2 164555 250
0 164705 250
5 164705 250
2 165005 250
1 165155 250
0 165305 250
5 165305 250
3 165605 250
0 165905 250
4 166205 250
3 166355 250
0 166505 250
5 166505 250
3 166805 250
2 166955 250
0 167105 250
5 167105 250
2 167405 250
1 167555 250
0 167705 250
5 167705 250
3 168005 250
0 168305 250
4 168605 250
3 168755 250
0 168905 250
5 168905 250
3 169205 250
2 169355 250
0 169505 250
5 169505 250
2 169805 250
1 169955 250
0 170105 250
5 170105 250
3 170405 250
2 170705 250
4 171005 250
3 171155 250
0 171305 250
5 171305 250
3 171605 250
2 171755 250
0 171905 250
5 171905 250
2 172205 250
1 172355 250
0 172505 250
5 172505 250
3 172805 250
0 173105 250
4 173405 250
3 173555 250
0 173705 250
5 173705 250
3 174005 250
2 174155 250
0 174305 250
5 174305 250
2 174605 250
1 174755 250
0 174905 250
5 174905 250
3 175205 250
0 175505 250
4 175805 250
3 175955 250
0 176105 250
5 176105 250
3 176405 250
2 176555 250
0 176705 250
5 176705 250
2 177005 250
1 177155 250
0 177305 250
5 177305 250
0 177605 250
2 177905 250
4 178205 250
3 178355 250
0 178505 250
5 178505 250
3 178805 250
2 178955 250
0 179105 250
5 179105 250
2 179405 250
1 179555 250
0 179705 250
5 179705 250
3 180005 250
0 180305 250
4 180605 250
3 180755 250
0 180905 250
5 180905 250
3 181205 250
2 181355 250
0 181505 250
5 181505 250
2 181805 250
1 181955 250
0 182105 250
5 182105 250
3 182405 250
0 182705 250
4 183005 250
3 183155 250
0 183305 250
5 183305 250
3 183605 250
2 183755 250
0 183905 250
5 183905 250
2 184205 250
1 184355 250
0 184505 250
5 184505 250
3 184805 250
2 184805 1066
0 185105 250
4 185405 250
3 185555 250
0 185705 250
5 185705 250
3 186006 250
2 186156 250
0 186306 250
5 186306 250
2 186606 250
1 186756 250
0 186906 250
5 186906 250
1 190806 372
2 190806 372
4 190806 372
1 191256 250
2 191256 250
4 191256 250
0 191706 420
1 191706 420
2 191706 420
0 192306 250
0 192606 420
1 192606 420
2 192606 420
0 193206 372
2 193206 372
3 193206 372
0 193656 250
2 193656 250
3 193656 250
2 194106 516
3 194106 516
4 194106 516
2 195006 250
3 195006 250
4 195006 250
1 195606 372
2 195606 372
4 195606 372
1 196056 250
2 196056 250
4 196056 250
0 196506 372
1 196506 372
2 196506 372
0 196956 250
1 196956 250
2 196956 250
0 197106 250
5 197106 250
0 197406 250
1 197406 250
2 197406 250
0 197706 250
0 198006 372
2 198006 372
3 198006 372
0 198456 250
2 198456 250
3 198456 250
2 198906 516
3 198906 516
4 198906 516
2 199806 250
3 199806 250
4 199806 250
1 200406 372
2 200406 372
4 200406 372
1 200856 250
2 200856 250
4 200856 250
0 201306 372
1 201306 372
2 201306 372
0 201756 372
0 202206 250
0 202806 372
2 202806 372
3 202806 372
0 203256 250
2 203256 250
3 203256 250
2 203706 516
3 203706 516
4 203706 516
2 204606 250
3 204606 250
4 204606 250
1 205206 372
2 205206 372
4 205206 372
1 205656 250
2 205656 250
4 205656 250
0 206106 420
1 206106 420
2 206106 420
0 206706 250
0 207006 250
1 207006 250
2 207006 250
1 210006 372
2 210006 372
4 210006 372
2 210006 1066
1 210456 250
2 210456 250
4 210456 250
0 210906 420
1 210906 420
2 210906 420
0 211806 420
1 211806 420
2 211806 420
0 212406 372
2 212406 372
3 212406 372
0 212856 250
2 212856 250
3 212856 250
2 213306 516
3 213306 516
4 213306 516
2 214206 250
3 214206 250
4 214206 250
1 214806 372
2 214806 372
4 214806 372
1 215256 250
2 215256 250
4 215256 250
0 215706 372
1 215706 372
2 215706 372
0 216156 250
1 216156 250
2 216156 250
0 216306 250
5 216306 250
0 216606 250
1 216606 250
2 216606 250
0 216906 250
0 217206 372
2 217206 372
3 217206 372
0 217656 250
2 217656 250
3 217656 250
2 218106 516
3 218106 516
4 218106 516
2 219006 250
3 219006 250
4 219006 250
1 219607 372
2 219607 372
4 219607 372
1 220057 250
2 220057 250
4 220057 250
0 220507 372
1 220507 372
2 220507 372
0 220957 250
0 221407 250
1 221407 250
2 221407 250
0 222007 372
2 222007 372
3 222007 372
0 222457 250
2 222457 250
3 222457 250
2 222907 516
3 222907 516
4 222907 516
2 223807 250
3 223807 250
4 223807 250
1 224407 372
2 224407 372
4 224407 372
1 224857 250
2 224857 250
4 224857 250
0 225307 372
1 225307 372
2 225307 372
0 225757 250
1 225757 250
2 225757 250
0 225907 250
5 225907 250
0 226207 250
1 226207 250
2 226207 250
1 229207 372
2 229207 372
4 229207 372
1 229657 250
2 229657 250
4 229657 250
0 230107 372
1 230107 372
2 230107 372
0 230557 250
1 230557 250
2 230557 250
0 230707 250
5 230707 250
0 231007 420
1 231007 420
2 231007 420
0 231607 372
2 231607 372
3 231607 372
0 232057 250
2 232057 250
3 232057 250
2 232507 372
3 232507 372
4 232507 372
2 232957 250
3 232957 250
4 232957 250
2 233407 250
3 233407 250
4 233407 250
1 234007 372
2 234007 372
4 234007 372
2 234007 1066
1 234457 250
2 234457 250
4 234457 250
0 234907 372
1 234907 372
2 234907 372
0 235357 250
1 235357 250
2 235357 250
0 235507 250
5 235507 250
0 235807 250
1 235807 250
2 235807 250
0 236107 250
0 236407 372
2 236407 372
3 236407 372
0 236857 250
2 236857 250
3 236857 250
2 237307 372
3 237307 372
4 237307 372
2 237757 250
3 237757 250
4 237757 250
2 238207 420
3 238207 420
4 238207 420
1 238807 372
2 238807 372
4 238807 372
1 239257 250
2 239257 250
4 239257 250
0 239707 372
1 239707 372
2 239707 372
2 240157 250
1 240307 250
5 240307 250
2 240607 250
2 240757 250
2 241207 250
2 241657 250
2 242407 250
2 242557 250
1 242707 250
5 242707 250
2 243007 250
1 243307 250
1 243457 250
2 243607 250
5 243607 250
1 243907 250
2 244057 250
5 244057 250
2 244357 250
1 244507 250
5 244507 250
2 244807 250
2 244957 250
1 245107 250
5 245107 250
2 245407 250
1 245707 250
1 248407 372
2 248407 372
4 248407 372
1 248857 250
2 248857 250
4 248857 250
0 249307 372
1 249307 372
2 249307 372
0 249757 250
1 249757 250
2 249757 250
0 249907 250
5 249907 250
0 250207 420
1 250207 420
2 250207 420
0 250807 372
2 250807 372
3 250807 372
0 251257 250
2 251257 250
3 251257 250
2 251707 372
3 251707 372
4 251707 372
2 252157 250
3 252157 250
4 252157 250
2 252608 250
3 252608 250
4 252608 250
1 252908 250
1 253058 250
1 253208 372
2 253208 372
4 253208 372
1 253658 250
2 253658 250
4 253658 250
0 254108 372
1 254108 372
2 254108 372
0 254558 250
1 254558 250
2 254558 250
0 254708 250
5 254708 250
0 255008 250
1 255008 250
2 255008 250
0 255308 250
0 255608 372
2 255608 372
3 255608 372
0 256058 250
2 256058 250
3 256058 250
2 256508 372
3 256508 372
4 256508 372
2 256958 250
3 256958 250
4 256958 250
