1 17360 970
6 17360 250
3 19280 970
6 19280 250
1 21200 970
6 21200 250
4 23120 586
6 23120 250
3 24080 586
6 24080 250
1 25040 970
6 25040 250
2 25040 3514
3 26960 970
6 26960 250
1 28880 970
6 28880 250
4 30800 586
6 30800 250
3 31760 586
6 31760 250
0 32720 250
1 32720 250
6 32720 250
0 33200 250
1 33200 250
6 33200 250
3 33560 250
4 33560 250
6 33560 250
3 33800 250
4 33800 250
6 33800 250
3 34160 250
4 34160 250
6 34160 250
1 34640 250
2 34640 250
6 34640 250
1 35120 250
2 35120 250
6 35120 250
2 35480 250
3 35480 250
6 35480 250
2 35840 250
3 35840 250
6 35840 250
2 36080 250
3 36080 250
6 36080 250
1 36320 250
2 36320 250
6 36320 250
0 36560 250
1 36560 250
6 36560 250
0 37040 250
1 37040 250
6 37040 250
3 37400 250
4 37400 250
6 37400 250
3 37640 250
4 37640 250
6 37640 250
3 38000 250
4 38000 250
6 38000 250
1 38480 250
2 38480 250
6 38480 250
1 38960 250
2 38960 250
6 38960 250
2 39320 250
3 39320 250
6 39320 250
2 39680 250
3 39680 250
6 39680 250
2 39920 250
3 39920 250
6 39920 250
1 40160 250
2 40160 250
6 40160 250
0 40400 250
1 40400 250
6 40400 250
0 40880 250
1 40880 250
6 40880 250
3 41240 250
4 41240 250
6 41240 250
3 41480 250
4 41480 250
6 41480 250
3 41840 250
4 41840 250
6 41840 250
1 42320 250
2 42320 250
6 42320 250
2 42320 1930
1 42800 250
2 42800 250
6 42800 250
2 43160 250
3 43160 250
6 43160 250
2 43520 250
3 43520 250
6 43520 250
2 43760 250
3 43760 250
6 43760 250
1 44000 250
2 44000 250
6 44000 250
0 44240 250
1 44240 250
6 44240 250
0 44720 250
1 44720 250
6 44720 250
0 45200 250
1 45200 250
6 45200 250
0 45680 250
1 45680 250
6 45680 250
1 48080 250
6 48080 250
4 48320 250
6 48320 250
2 48560 250
6 48560 250
2 48800 250
6 48800 250
1 48920 250
6 48920 250
1 49160 250
6 49160 250
3 49280 250
6 49280 250
2 49520 250
6 49520 250
2 49760 250
6 49760 250
1 49880 250
6 49880 250
1 50120 250
6 50120 250
3 50240 250
6 50240 250
2 50480 250
6 50480 250
2 50720 250
6 50720 250
0 50840 250
6 50840 250
0 51080 250
6 51080 250
1 51320 250
6 51320 250
1 51560 250
6 51560 250
2 51680 250
6 51680 250
1 51920 250
6 51920 250
4 52160 250
6 52160 250
2 52400 250
6 52400 250
2 52640 250
6 52640 250
1 52760 250
6 52760 250
1 53000 250
6 53000 250
3 53120 250
6 53120 250
2 53360 250
6 53360 250
2 53600 250
6 53600 250
1 53720 250
6 53720 250
1 53960 250
6 53960 250
3 54080 250
6 54080 250
2 54320 250
6 54320 250
2 54560 250
6 54560 250
0 54680 250
6 54680 250
0 54920 250
6 54920 250
1 55160 250
6 55160 250
1 55400 250
6 55400 250
2 55520 250
6 55520 250
1 55760 250
6 55760 250
4 56000 250
6 56000 250
2 56240 250
6 56240 250
2 56480 250
6 56480 250
1 56600 250
6 56600 250
1 56840 250
6 56840 250
3 56960 250
6 56960 250
2 57200 250
6 57200 250
2 57440 250
6 57440 250
1 57560 250
6 57560 250
1 57800 250
6 57800 250
3 57920 250
6 57920 250
2 58160 250
6 58160 250
2 58400 250
6 58400 250
0 58520 250
6 58520 250
0 58760 250
6 58760 250
1 59000 250
6 59000 250
1 59240 250
6 59240 250
2 59360 250
6 59360 250
1 59600 250
6 59600 250
2 59600 1834
4 59840 250
6 59840 250
2 60080 250
6 60080 250
2 60320 250
6 60320 250
1 60440 250
6 60440 250
1 60680 250
6 60680 250
3 60800 250
6 60800 250
2 61040 250
6 61040 250
2 61280 250
6 61280 250
1 61400 250
6 61400 250
1 61640 250
6 61640 250
3 61760 250
6 61760 250
2 62000 250
6 62000 250
2 62240 250
6 62240 250
0 62360 250
6 62360 250
0 62600 250
6 62600 250
1 62840 250
6 62840 250
1 63080 250
6 63080 250
2 63200 250
6 63200 250
1 63440 250
6 63440 250
4 63680 250
6 63680 250
2 63920 250
6 63920 250
2 64160 250
6 64160 250
1 64280 250
6 64280 250
1 64520 250
6 64520 250
3 64640 250
6 64640 250
2 64880 250
6 64880 250
2 65120 250
6 65120 250
1 65240 250
6 65240 250
1 65480 250
6 65480 250
3 65600 250
6 65600 250
2 65840 250
6 65840 250
2 66080 250
6 66080 250
0 66200 250
6 66200 250
0 66440 250
6 66440 250
1 66680 250
6 66680 250
1 66920 250
6 66920 250
2 67040 250
6 67040 250
1 67280 250
6 67280 250
4 67520 250
6 67520 250
2 67760 250
6 67760 250
2 68000 250
6 68000 250
1 68120 250
6 68120 250
1 68360 250
6 68360 250
3 68480 250
6 68480 250
2 68720 250
6 68720 250
2 68960 250
6 68960 250
1 69080 250
6 69080 250
1 69320 250
6 69320 250
3 69440 250
6 69440 250
2 69680 250
6 69680 250
2 69920 250
6 69920 250
0 70040 250
6 70040 250
0 70280 250
6 70280 250
1 70520 250
6 70520 250
1 70760 250
6 70760 250
2 70880 250
6 70880 250
1 71120 250
6 71120 250
4 71360 250
6 71360 250
2 71600 250
6 71600 250
2 71840 250
6 71840 250
1 71960 250
6 71960 250
1 72200 250
6 72200 250
3 72320 250
6 72320 250
2 72560 250
6 72560 250
2 72800 250
6 72800 250
1 72920 250
6 72920 250
1 73160 250
6 73160 250
3 73280 250
6 73280 250
2 73520 250
6 73520 250
2 73760 250
6 73760 250
0 73880 250
6 73880 250
0 74120 250
6 74120 250
1 74360 250
6 74360 250
1 74600 250
6 74600 250
2 74720 250
6 74720 250
1 74960 250
6 74960 250
2 74960 2074
4 75200 250
6 75200 250
2 75440 250
6 75440 250
2 75680 250
6 75680 250
1 75800 250
6 75800 250
1 76040 250
6 76040 250
3 76160 250
6 76160 250
2 76400 250
6 76400 250
2 76640 250
6 76640 250
1 76760 250
6 76760 250
1 77000 250
6 77000 250
3 77120 250
6 77120 250
2 77360 250
6 77360 250
2 77600 250
6 77600 250
0 77720 250
6 77720 250
0 77960 250
6 77960 250
1 78200 250
6 78200 250
1 78440 250
6 78440 250
2 78560 250
6 78560 250
1 78800 970
6 78800 250
3 80720 970
6 80720 250
1 82640 970
6 82640 250
4 84560 586
6 84560 250
3 85520 586
6 85520 250
1 86480 970
6 86480 250
3 88400 970
6 88400 250
1 90320 970
6 90320 250
4 92240 586
6 92240 250
3 93200 586
6 93200 250
2 94040 1930
0 94160 250
1 94160 250
6 94160 250
0 94640 250
1 94640 250
6 94640 250
3 95000 250
4 95000 250
6 95000 250
3 95240 250
4 95240 250
6 95240 250
3 95600 250
4 95600 250
6 95600 250
1 96080 250
2 96080 250
6 96080 250
1 96560 250
2 96560 250
6 96560 250
2 96920 250
3 96920 250
6 96920 250
2 97280 250
3 97280 250
6 97280 250
2 97520 250
3 97520 250
6 97520 250
1 97760 250
2 97760 250
6 97760 250
0 98000 250
1 98000 250
6 98000 250
0 98480 250
1 98480 250
6 98480 250
3 98840 250
4 98840 250
6 98840 250
3 99080 250
4 99080 250
6 99080 250
3 99440 250
4 99440 250
6 99440 250
1 99920 250
2 99920 250
6 99920 250
1 100400 250
2 100400 250
6 100400 250
2 100760 250
3 100760 250
6 100760 250
2 101120 250
3 101120 250
6 101120 250
2 101360 250
3 101360 250
6 101360 250
1 101600 250
2 101600 250
6 101600 250
0 101840 250
1 101840 250
6 101840 250
0 102320 250
1 102320 250
6 102320 250
3 102680 250
4 102680 250
6 102680 250
3 102920 250
4 102920 250
6 102920 250
3 103280 250
4 103280 250
6 103280 250
1 103760 250
2 103760 250
6 103760 250
1 104240 250
2 104240 250
6 104240 250
2 104600 250
3 104600 250
6 104600 250
2 104960 250
3 104960 250
6 104960 250
2 105200 250
3 105200 250
6 105200 250
1 105440 250
2 105440 250
6 105440 250
0 105680 250
1 105680 250
6 105680 250
0 106160 250
1 106160 250
6 106160 250
0 106640 250
1 106640 250
6 106640 250
0 107120 250
1 107120 250
6 107120 250
1 109520 250
6 109520 250
4 109760 250
6 109760 250
2 110000 250
6 110000 250
2 110240 250
6 110240 250
1 110360 250
6 110360 250
1 110600 250
6 110600 250
3 110720 250
6 110720 250
2 110960 250
6 110960 250
2 111200 250
6 111200 250
1 111320 250
6 111320 250
1 111560 250
6 111560 250
3 111680 250
6 111680 250
2 111920 250
6 111920 250
2 112160 250
6 112160 250
0 112280 250
6 112280 250
0 112520 250
6 112520 250
1 112760 250
6 112760 250
1 113000 250
6 113000 250
2 113120 250
6 113120 250
1 113360 250
6 113360 250
4 113600 250
6 113600 250
2 113840 250
6 113840 250
2 114080 250
6 114080 250
1 114200 250
6 114200 250
1 114440 250
6 114440 250
3 114560 250
6 114560 250
2 114800 250
6 114800 250
2 115040 250
6 115040 250
1 115160 250
6 115160 250
1 115400 250
6 115400 250
3 115520 250
6 115520 250
2 115760 250
6 115760 250
2 116000 250
6 116000 250
0 116120 250
6 116120 250
0 116360 250
6 116360 250
1 116600 250
6 116600 250
1 116840 250
6 116840 250
2 116960 250
6 116960 250
1 117200 250
6 117200 250
2 117200 3418
4 117440 250
6 117440 250
2 117680 250
6 117680 250
2 117920 250
6 117920 250
1 118040 250
6 118040 250
1 118280 250
6 118280 250
3 118400 250
6 118400 250
2 118640 250
6 118640 250
2 118880 250
6 118880 250
1 119000 250
6 119000 250
1 119240 250
6 119240 250
3 119360 250
6 119360 250
2 119600 250
6 119600 250
2 119840 250
6 119840 250
0 119960 250
6 119960 250
0 120200 250
6 120200 250
1 120440 250
6 120440 250
1 120680 250
6 120680 250
2 120800 250
6 120800 250
1 121040 250
6 121040 250
4 121280 250
6 121280 250
2 121520 250
6 121520 250
2 121760 250
6 121760 250
1 121880 250
6 121880 250
1 122120 250
6 122120 250
3 122240 250
6 122240 250
2 122480 250
6 122480 250
2 122720 250
6 122720 250
1 122840 250
6 122840 250
1 123080 250
6 123080 250
3 123200 250
6 123200 250
2 123440 250
6 123440 250
2 123680 250
6 123680 250
0 123800 250
6 123800 250
0 124040 250
6 124040 250
1 124280 250
6 124280 250
1 124520 250
6 124520 250
2 124640 250
6 124640 250
1 124880 250
6 124880 250
4 125120 250
6 125120 250
2 125360 250
6 125360 250
2 125600 250
6 125600 250
1 125720 250
6 125720 250
1 125960 250
6 125960 250
3 126080 250
6 126080 250
2 126320 250
6 126320 250
2 126560 250
6 126560 250
1 126680 250
6 126680 250
1 126920 250
6 126920 250
3 127040 250
6 127040 250
2 127280 250
6 127280 250
2 127520 250
6 127520 250
0 127640 250
6 127640 250
0 127880 250
6 127880 250
1 128120 250
6 128120 250
1 128360 250
6 128360 250
2 128480 250
6 128480 250
1 128720 250
6 128720 250
4 128960 250
6 128960 250
2 129200 250
6 129200 250
2 129440 250
6 129440 250
1 129560 250
6 129560 250
1 129800 250
6 129800 250
3 129920 250
6 129920 250
2 130160 250
6 130160 250
2 130400 250
6 130400 250
1 130520 250
6 130520 250
1 130760 250
6 130760 250
3 130880 250
6 130880 250
2 131120 250
6 131120 250
2 131360 250
6 131360 250
0 131480 250
6 131480 250
0 131720 250
6 131720 250
1 131960 250
6 131960 250
1 132200 250
6 132200 250
2 132320 250
6 132320 250
1 132560 250
6 132560 250
4 132800 250
6 132800 250
2 133040 250
6 133040 250
2 133280 250
6 133280 250
1 133400 250
6 133400 250
1 133640 250
6 133640 250
3 133760 250
6 133760 250
2 134000 250
6 134000 250
2 134240 250
6 134240 250
1 134360 250
6 134360 250
1 134600 250
6 134600 250
3 134720 250
6 134720 250
2 134960 250
6 134960 250
2 135200 250
6 135200 250
0 135320 250
6 135320 250
0 135560 250
6 135560 250
1 135800 250
6 135800 250
1 136040 250
6 136040 250
2 136160 250
6 136160 250
1 136400 250
6 136400 250
4 136640 250
6 136640 250
2 136880 250
6 136880 250
2 137120 250
6 137120 250
1 137240 250
6 137240 250
1 137480 250
6 137480 250
3 137600 250
6 137600 250
2 137840 250
6 137840 250
2 138080 250
6 138080 250
1 138200 250
6 138200 250
1 138440 250
6 138440 250
3 138560 250
6 138560 250
2 138800 250
6 138800 250
2 139040 250
6 139040 250
0 139160 250
6 139160 250
0 139400 250
6 139400 250
1 139640 250
6 139640 250
1 139880 250
6 139880 250
2 140000 250
6 140000 250
4 140240 250
6 140240 250
3 140720 250
6 140720 250
2 141200 250
6 141200 250
1 141680 250
6 141680 250
0 142160 250
6 142160 250
1 142880 250
6 142880 250
0 143120 250
6 143120 250
1 143360 250
6 143360 250
2 143600 250
6 143600 250
4 144080 250
6 144080 250
3 144560 250
6 144560 250
2 145040 250
6 145040 250
1 145520 250
6 145520 250
0 146000 250
6 146000 250
1 146720 250
6 146720 250
0 146960 250
6 146960 250
1 147200 250
6 147200 250
2 147440 250
6 147440 250
4 147920 250
6 147920 250
3 148400 250
6 148400 250
2 148880 250
6 148880 250
1 149360 250
6 149360 250
0 149840 250
6 149840 250
1 150560 250
6 150560 250
0 150800 250
6 150800 250
1 151040 250
6 151040 250
2 151280 250
6 151280 250
4 151760 250
6 151760 250
3 152240 250
6 152240 250
2 152720 250
6 152720 250
1 153200 250
6 153200 250
0 153680 250
6 153680 250
1 154400 250
6 154400 250
0 154640 250
6 154640 250
1 154880 250
6 154880 250
2 155120 250
6 155120 250
