0 17360 970
6 17360 250
1 19280 970
6 19280 250
0 21200 970
6 21200 250
2 23120 586
6 23120 250
1 24080 586
6 24080 250
0 25040 970
6 25040 250
2 25040 3514
1 26960 970
6 26960 250
0 28880 970
6 28880 250
2 30800 586
6 30800 250
1 31760 586
6 31760 250
0 32720 250
6 32720 250
2 33560 250
6 33560 250
1 34640 250
6 34640 250
2 35480 250
6 35480 250
2 36080 250
6 36080 250
0 36560 250
6 36560 250
2 37400 250
6 37400 250
1 38480 250
6 38480 250
2 39320 250
6 39320 250
2 39920 250
6 39920 250
0 40400 250
6 40400 250
2 41240 250
6 41240 250
1 42320 250
6 42320 250
2 42320 1930
2 43160 250
6 43160 250
2 43760 250
6 43760 250
0 44240 250
6 44240 250
0 44720 250
6 44720 250
0 45200 250
6 45200 250
0 45680 250
6 45680 250
1 48080 250
6 48080 250
2 48560 250
6 48560 250
1 49520 250
6 49520 250
0 50000 250
6 50000 250
1 50480 250
6 50480 250
1 51440 250
6 51440 250
1 51920 250
6 51920 250
2 52400 250
6 52400 250
1 53360 250
6 53360 250
0 53840 250
6 53840 250
1 54320 250
6 54320 250
1 55280 250
6 55280 250
1 55760 250
6 55760 250
2 56240 250
6 56240 250
1 57200 250
6 57200 250
0 57680 250
6 57680 250
1 58160 250
6 58160 250
1 59120 250
6 59120 250
1 59600 250
6 59600 250
2 59600 1834
2 60080 250
6 60080 250
1 61040 250
6 61040 250
0 61520 250
6 61520 250
1 62000 250
6 62000 250
1 62960 250
6 62960 250
1 63440 250
6 63440 250
2 63920 250
6 63920 250
1 64880 250
6 64880 250
0 65360 250
6 65360 250
1 65840 250
6 65840 250
1 66800 250
6 66800 250
1 67280 250
6 67280 250
2 67760 250
6 67760 250
1 68720 250
6 68720 250
0 69200 250
6 69200 250
1 69680 250
6 69680 250
1 70640 250
6 70640 250
1 71120 250
6 71120 250
2 71600 250
6 71600 250
1 72560 250
6 72560 250
0 73040 250
6 73040 250
1 73520 250
6 73520 250
1 74480 250
6 74480 250
1 74960 250
6 74960 250
2 74960 2074
2 75440 250
6 75440 250
1 76400 250
6 76400 250
0 76880 250
6 76880 250
1 77360 250
6 77360 250
1 78320 250
6 78320 250
2 78560 250
6 78560 250
0 78800 970
6 78800 250
1 80720 970
6 80720 250
0 82640 970
6 82640 250
2 84560 586
6 84560 250
1 85520 586
6 85520 250
0 86480 970
6 86480 250
1 88400 970
6 88400 250
0 90320 970
6 90320 250
2 92240 586
6 92240 250
1 93200 586
6 93200 250
2 94040 1930
0 94160 250
6 94160 250
2 95000 250
6 95000 250
1 96080 250
6 96080 250
2 96920 250
6 96920 250
2 97520 250
6 97520 250
0 98000 250
6 98000 250
2 98840 250
6 98840 250
1 99920 250
6 99920 250
2 100760 250
6 100760 250
2 101360 250
6 101360 250
0 101840 250
6 101840 250
2 102680 250
6 102680 250
1 103760 250
6 103760 250
2 104600 250
6 104600 250
2 105200 250
6 105200 250
0 105680 250
6 105680 250
0 106160 250
6 106160 250
0 106640 250
6 106640 250
0 107120 250
6 107120 250
1 109520 250
6 109520 250
2 110000 250
6 110000 250
1 110960 250
6 110960 250
0 111440 250
6 111440 250
1 111920 250
6 111920 250
1 112880 250
6 112880 250
1 113360 250
6 113360 250
2 113840 250
6 113840 250
1 114800 250
6 114800 250
0 115280 250
6 115280 250
1 115760 250
6 115760 250
1 116720 250
6 116720 250
1 117200 250
6 117200 250
2 117680 250
6 117680 250
1 118640 250
6 118640 250
0 119120 250
6 119120 250
1 119600 250
6 119600 250
1 120560 250
6 120560 250
1 121040 250
6 121040 250
2 121040 1834
2 121520 250
6 121520 250
1 122480 250
6 122480 250
0 122960 250
6 122960 250
1 123440 250
6 123440 250
1 124400 250
6 124400 250
1 124880 250
6 124880 250
2 125360 250
6 125360 250
1 126320 250
6 126320 250
0 126800 250
6 126800 250
1 127280 250
6 127280 250
1 128240 250
6 128240 250
1 128720 250
6 128720 250
2 129200 250
6 129200 250
1 130160 250
6 130160 250
0 130640 250
6 130640 250
1 131120 250
6 131120 250
1 132080 250
6 132080 250
1 132560 250
6 132560 250
2 133040 250
6 133040 250
1 134000 250
6 134000 250
0 134480 250
6 134480 250
1 134960 250
6 134960 250
1 135920 250
6 135920 250
1 136400 250
6 136400 250
2 136880 250
6 136880 250
1 137840 250
6 137840 250
0 138320 250
6 138320 250
1 138800 250
6 138800 250
1 139760 250
6 139760 250
2 140000 250
6 140000 250
2 140240 250
6 140240 250
1 141200 250
6 141200 250
0 142160 250
6 142160 250
1 143120 250
6 143120 250
2 143600 250
6 143600 250
2 144080 250
6 144080 250
1 145040 250
6 145040 250
0 146000 250
6 146000 250
1 146960 250
6 146960 250
2 147440 250
6 147440 250
2 147920 250
6 147920 250
1 148880 250
6 148880 250
0 149840 250
6 149840 250
1 150800 250
6 150800 250
2 151280 250
6 151280 250
2 151760 250
6 151760 250
1 152720 250
6 152720 250
0 153680 250
6 153680 250
1 154640 250
6 154640 250
2 155120 250
6 155120 250
