0 2483 399
3 2838 250
3 3192 250
3 3724 250
2 4256 250
0 5321 399
2 5321 2074
3 5675 250
3 6030 250
3 6562 250
2 7094 250
0 8158 399
3 8513 250
3 8868 250
3 9400 250
2 9932 250
0 10996 399
3 11351 250
3 11705 250
3 12237 250
2 12769 250
0 13834 399
3 14188 250
3 14543 250
3 15075 250
2 15607 250
0 16671 399
1 17026 250
1 17381 250
1 17913 250
0 18445 250
0 19509 399
3 19864 250
4 19864 250
2 19864 1834
3 20041 250
4 20041 250
3 20218 250
4 20218 250
3 20396 250
4 20396 250
3 20573 250
4 20573 250
3 20750 250
4 20750 250
3 20928 250
4 20928 250
3 21105 250
4 21105 250
2 21282 250
3 21282 250
2 21460 250
3 21460 250
2 21637 250
3 21637 250
2 21814 250
3 21814 250
2 21992 250
3 21992 250
2 22169 250
3 22169 250
2 22347 250
3 22347 250
2 22524 250
3 22524 250
3 22701 250
4 22701 250
3 22879 250
4 22879 250
3 23056 250
4 23056 250
3 23233 250
4 23233 250
3 23411 250
4 23411 250
3 23588 250
4 23588 250
3 23765 250
4 23765 250
3 23943 250
4 23943 250
2 24120 250
3 24120 250
2 24297 250
3 24297 250
2 24475 250
3 24475 250
2 24652 250
3 24652 250
2 24829 250
3 24829 250
2 25007 250
3 25007 250
2 25184 250
3 25184 250
2 25362 250
3 25362 250
3 25539 250
4 25539 250
3 25716 250
4 25716 250
3 25894 250
4 25894 250
3 26071 250
4 26071 250
3 26248 250
4 26248 250
3 26426 250
4 26426 250
3 26603 250
4 26603 250
3 26780 250
4 26780 250
2 26958 250
3 26958 250
2 27135 250
3 27135 250
2 27312 250
3 27312 250
2 27490 250
3 27490 250
2 27667 250
3 27667 250
2 27844 250
3 27844 250
2 28022 250
3 28022 250
2 28199 250
3 28199 250
1 28377 250
3 28377 250
1 28553 250
3 28553 250
1 28730 250
3 28730 250
1 28907 250
3 28907 250
1 29083 250
3 29083 250
1 29260 250
3 29260 250
1 29437 250
3 29437 250
1 29614 250
3 29614 250
1 29790 250
2 29790 250
7 30497 250
7 30674 250
7 30851 250
1 31204 400
3 31204 400
1 31566 400
3 31566 400
1 31927 250
3 31927 250
1 32108 250
3 32108 250
0 32289 250
2 32289 250
0 32469 400
2 32469 400
0 32831 250
2 32831 250
0 33011 400
2 33011 400
0 33373 250
2 33373 250
0 33554 250
2 33554 250
0 33734 250
2 33734 250
2 33915 250
3 33915 250
2 33915 1930
2 34005 250
3 34005 250
2 34096 400
3 34096 400
2 34457 400
3 34457 400
2 34819 250
3 34819 250
2 34999 250
3 34999 250
2 35180 250
3 35180 250
2 35361 250
3 35361 250
2 35542 250
3 35542 250
2 35722 250
3 35722 250
2 35903 250
3 35903 250
3 36084 250
4 36084 250
2 36445 250
3 36445 250
2 36626 250
3 36626 250
1 36807 250
3 36807 250
1 36897 250
3 36897 250
1 36987 400
3 36987 400
1 37349 400
3 37349 400
1 37710 250
3 37710 250
1 37891 250
3 37891 250
0 38072 250
2 38072 250
0 38252 400
2 38252 400
0 38614 250
2 38614 250
0 38795 400
2 38795 400
0 39156 250
2 39156 250
0 39337 250
2 39337 250
0 39517 250
2 39517 250
2 39698 250
3 39698 250
2 39789 250
3 39789 250
2 39879 400
3 39879 400
2 40240 400
3 40240 400
2 40602 250
3 40602 250
2 40783 250
3 40783 250
2 40963 250
3 40963 250
2 41144 250
3 41144 250
2 41325 250
3 41325 250
2 41505 250
3 41505 250
2 41686 250
3 41686 250
3 41867 250
4 41867 250
2 42228 250
3 42228 250
0 42770 250
1 42951 250
5 42951 250
3 43132 496
1 43674 400
0 44036 400
2 44397 400
3 44758 400
2 45120 250
1 45301 400
2 45662 400
4 46023 496
2 46566 250
2 46746 250
2 46927 400
3 47289 400
4 47650 400
2 48011 490
3 48011 490
0 48554 250
1 48734 250
5 48734 250
3 48915 496
1 49457 400
0 49819 400
2 50180 400
3 50542 400
2 50903 250
1 51084 400
2 51445 400
2 51445 1858
4 51807 496
2 52349 400
2 52710 400
3 53072 400
4 53433 400
2 53795 250
2 53975 400
0 54337 400
2 54337 400
0 54698 400
2 54698 400
0 55060 250
2 55060 250
0 55240 250
2 55240 250
0 55421 250
0 55602 400
1 55602 400
0 55963 250
1 55963 250
1 56144 250
1 56325 400
2 56325 400
1 56686 250
2 56686 250
1 56867 250
2 56867 250
0 57048 250
0 57228 400
2 57228 400
0 57590 400
2 57590 400
0 57951 250
2 57951 250
0 58132 250
2 58132 250
0 58313 250
0 58493 400
1 58493 400
0 58855 250
1 58855 250
1 59036 250
1 59216 400
2 59216 400
1 59578 250
2 59578 250
1 59758 250
2 59758 250
1 59939 250
2 59939 250
0 60120 399
6 60120 250
0 60475 495
6 60475 250
0 61007 538
6 61007 250
0 62605 399
3 62960 250
3 63315 250
3 63848 250
2 64380 250
0 65445 399
2 65445 2050
3 65800 250
3 66155 250
3 66688 250
2 67220 250
0 68286 399
1 68641 250
1 69351 250
0 70061 250
3 70771 399
6 70771 250
0 71126 399
3 71481 250
4 71481 250
3 71658 250
4 71658 250
3 71836 250
4 71836 250
3 72013 250
4 72013 250
3 72191 250
4 72191 250
3 72368 250
4 72368 250
3 72546 250
4 72546 250
3 72723 250
4 72723 250
2 72901 250
3 72901 250
2 73078 250
3 73078 250
2 73256 250
3 73256 250
2 73433 250
3 73433 250
2 73611 250
3 73611 250
2 73788 250
3 73788 250
2 73966 250
3 73966 250
2 74144 250
3 74144 250
3 74321 250
4 74321 250
3 74499 250
4 74499 250
3 74676 250
4 74676 250
3 74854 250
4 74854 250
3 75031 250
4 75031 250
3 75209 250
4 75209 250
3 75386 250
4 75386 250
3 75564 250
4 75564 250
2 75741 250
3 75741 250
2 75919 250
3 75919 250
2 76096 250
3 76096 250
2 76274 250
3 76274 250
2 76451 250
3 76451 250
2 76629 250
3 76629 250
2 76806 250
3 76806 250
2 76984 250
3 76984 250
3 77161 250
4 77161 250
3 77339 250
4 77339 250
3 77516 250
4 77516 250
3 77694 250
4 77694 250
3 77871 250
4 77871 250
3 78049 250
4 78049 250
3 78226 250
4 78226 250
3 78404 250
4 78404 250
2 78581 250
3 78581 250
2 78759 250
3 78759 250
2 78936 250
3 78936 250
2 79114 250
3 79114 250
2 79291 250
3 79291 250
2 79469 250
3 79469 250
2 79646 250
3 79646 250
2 79824 250
3 79824 250
1 80002 250
3 80002 250
2 80002 1066
1 80179 250
3 80179 250
1 80357 250
3 80357 250
1 80534 250
3 80534 250
1 80712 250
3 80712 250
1 80889 250
3 80889 250
1 81067 250
3 81067 250
1 81244 250
3 81244 250
1 81422 250
2 81422 250
1 82132 250
1 82220 250
1 82309 250
1 82398 250
1 82487 250
1 82575 250
1 82664 250
1 82753 250
1 82842 400
3 82842 400
1 83203 400
3 83203 400
1 83565 250
3 83565 250
1 83745 250
3 83745 250
0 83926 250
2 83926 250
0 84107 400
2 84107 400
0 84468 250
2 84468 250
0 84649 400
2 84649 400
0 85010 250
2 85010 250
0 85191 250
2 85191 250
0 85372 250
2 85372 250
2 85553 250
3 85553 250
2 85643 250
3 85643 250
2 85733 400
3 85733 400
2 86095 400
3 86095 400
2 86456 250
3 86456 250
2 86637 250
3 86637 250
2 86818 250
3 86818 250
2 86998 250
3 86998 250
2 87179 250
3 87179 250
2 87360 250
3 87360 250
2 87541 250
3 87541 250
3 87721 250
4 87721 250
2 88083 250
3 88083 250
2 88263 250
3 88263 250
1 88444 250
3 88444 250
1 88535 250
3 88535 250
1 88625 400
3 88625 400
1 88986 400
3 88986 400
1 89348 250
3 89348 250
1 89528 250
3 89528 250
0 89709 250
2 89709 250
0 89890 400
2 89890 400
0 90251 250
2 90251 250
0 90432 400
2 90432 400
0 90794 250
2 90794 250
0 90974 250
2 90974 250
0 91155 250
2 91155 250
2 91336 250
3 91336 250
2 91426 250
3 91426 250
2 91516 400
3 91516 400
2 91878 400
3 91878 400
2 92239 250
3 92239 250
2 92420 250
3 92420 250
2 92601 250
3 92601 250
2 92782 250
3 92782 250
2 92962 250
3 92962 250
2 93143 250
3 93143 250
2 93324 250
3 93324 250
3 93504 250
4 93504 250
2 93866 250
3 93866 250
0 94408 250
2 94408 1930
1 94589 250
5 94589 250
3 94769 496
1 95312 400
0 95673 400
2 96035 400
3 96396 400
2 96757 250
1 96938 400
2 97300 400
4 97661 496
2 98203 250
2 98384 250
2 98565 400
3 98926 400
4 99288 400
2 99649 490
3 99649 490
0 100191 250
1 100372 250
5 100372 250
3 100553 496
1 101095 400
0 101456 400
2 101818 400
3 102179 400
2 102541 250
1 102721 400
2 103083 400
4 103444 496
2 103986 400
2 104348 400
3 104709 400
4 105071 400
2 105432 250
2 105613 400
0 105974 400
2 105974 400
0 106336 400
2 106336 400
0 106697 250
2 106697 250
0 106878 250
2 106878 250
0 107059 250
0 107239 400
1 107239 400
0 107601 250
1 107601 250
1 107782 250
1 107962 400
2 107962 400
1 108324 250
2 108324 250
1 108504 250
2 108504 250
0 108685 250
0 108866 400
2 108866 400
2 108866 1738
0 109227 400
2 109227 400
0 109589 250
2 109589 250
0 109769 250
2 109769 250
0 109950 250
0 110131 400
1 110131 400
0 110492 250
1 110492 250
1 110673 250
1 110854 400
2 110854 400
1 111215 250
2 111215 250
1 111396 250
2 111396 250
1 111577 250
2 111577 250
0 111757 250
1 111938 250
5 111938 250
3 112119 496
1 112661 400
0 113022 400
2 113384 400
3 113745 400
2 114107 250
1 114288 400
2 114649 400
4 115010 496
2 115553 250
2 115733 250
2 115914 400
3 116275 400
4 116637 400
2 116998 490
3 116998 490
0 117541 250
1 117721 250
5 117721 250
3 117902 496
1 118444 400
0 118806 400
2 119167 400
3 119528 400
1 119890 250
2 120071 400
2 120432 400
4 120794 496
2 121336 400
2 121697 400
3 122059 400
4 122420 400
2 122782 250
2 122962 400
3 123324 250
3 123504 250
2 124769 250
2 124950 250
0 125492 250
0 125673 250
3 126215 250
2 126215 1834
3 126396 250
2 127661 250
2 127842 250
0 128384 250
0 128565 250
3 129107 250
3 129288 250
2 130553 250
2 130733 250
0 131275 250
0 131456 250
3 131998 250
3 132179 250
2 133444 250
2 133625 250
0 134167 250
0 134348 250
3 134890 250
4 134890 250
3 135071 250
4 135071 250
3 135251 250
4 135251 250
3 135432 250
4 135432 250
3 135613 250
4 135613 250
3 135794 250
4 135794 250
3 135974 250
4 135974 250
3 136155 250
4 136155 250
2 136336 250
4 136336 250
2 136516 250
4 136516 250
2 136697 250
4 136697 250
2 136878 250
4 136878 250
1 137059 250
2 137059 250
1 137239 250
2 137239 250
1 137420 250
2 137420 250
1 137601 250
2 137601 250
3 137782 250
4 137782 250
3 137962 250
4 137962 250
3 138143 250
4 138143 250
3 138324 250
4 138324 250
3 138504 250
4 138504 250
3 138685 250
4 138685 250
3 138866 250
4 138866 250
3 139047 250
4 139047 250
2 139227 250
4 139227 250
2 139408 250
4 139408 250
2 139589 250
4 139589 250
2 139769 250
4 139769 250
1 139950 250
2 139950 250
1 140131 250
2 140131 250
1 140312 250
2 140312 250
1 140492 250
2 140492 250
3 140673 250
4 140673 250
3 140854 250
4 140854 250
3 141035 250
4 141035 250
3 141215 250
4 141215 250
3 141396 250
4 141396 250
3 141577 250
4 141577 250
3 141757 250
4 141757 250
3 141938 250
4 141938 250
2 142119 250
4 142119 250
2 142300 250
4 142300 250
2 142480 250
4 142480 250
2 142661 250
4 142661 250
1 142842 250
2 142842 250
1 143022 250
2 143022 250
1 143203 250
2 143203 250
1 143384 250
2 143384 250
3 143565 250
4 143565 250
2 143565 1834
3 143745 250
4 143745 250
3 143926 250
4 143926 250
3 144107 250
4 144107 250
3 144288 250
4 144288 250
3 144468 250
4 144468 250
3 144649 250
4 144649 250
3 144830 250
4 144830 250
2 145010 250
4 145010 250
2 145191 250
4 145191 250
2 145372 250
4 145372 250
2 145553 250
4 145553 250
1 145733 250
2 145733 250
1 146095 400
2 146095 400
1 146456 400
3 146456 400
1 146818 400
3 146818 400
1 147179 250
3 147179 250
1 147360 250
3 147360 250
0 147541 250
2 147541 250
0 147721 400
2 147721 400
0 148083 250
2 148083 250
0 148263 400
2 148263 400
0 148625 250
2 148625 250
0 148806 250
2 148806 250
0 148986 250
2 148986 250
2 149167 250
3 149167 250
2 149257 250
3 149257 250
2 149348 400
3 149348 400
2 149709 400
3 149709 400
2 150071 250
3 150071 250
2 150251 250
3 150251 250
2 150432 250
3 150432 250
2 150613 250
3 150613 250
2 150794 250
3 150794 250
2 150974 250
3 150974 250
2 151155 250
3 151155 250
3 151336 250
4 151336 250
2 151697 250
3 151697 250
2 151878 250
3 151878 250
1 152059 250
3 152059 250
1 152149 250
3 152149 250
1 152239 400
3 152239 400
1 152601 400
3 152601 400
1 152962 250
3 152962 250
1 153143 250
3 153143 250
0 153324 250
2 153324 250
0 153504 400
2 153504 400
0 153866 250
2 153866 250
0 154047 400
2 154047 400
0 154408 250
2 154408 250
0 154589 250
2 154589 250
0 154769 250
2 154769 250
2 154950 250
3 154950 250
2 155041 250
3 155041 250
2 155131 400
3 155131 400
2 155492 400
3 155492 400
2 155854 250
3 155854 250
2 156035 250
3 156035 250
2 156215 250
3 156215 250
2 156396 250
3 156396 250
1 158022 400
3 158022 400
2 158022 1858
1 158384 400
3 158384 400
1 158745 250
3 158745 250
1 158926 250
3 158926 250
0 159107 250
2 159107 250
0 159288 400
2 159288 400
0 159649 250
2 159649 250
0 159830 400
2 159830 400
0 160191 250
2 160191 250
0 160372 250
2 160372 250
0 160553 250
2 160553 250
2 160733 250
3 160733 250
2 160824 250
3 160824 250
2 160914 400
3 160914 400
2 161275 400
3 161275 400
2 161637 250
3 161637 250
2 161818 250
3 161818 250
2 161998 250
3 161998 250
2 162179 250
3 162179 250
2 162360 250
3 162360 250
2 162541 250
3 162541 250
2 162721 250
3 162721 250
3 162902 250
4 162902 250
2 163263 250
3 163263 250
2 163444 250
3 163444 250
1 163625 250
3 163625 250
1 163715 250
3 163715 250
1 163806 400
3 163806 400
1 164167 400
3 164167 400
1 164528 250
3 164528 250
1 164709 250
3 164709 250
0 164890 250
2 164890 250
0 165071 400
2 165071 400
0 165432 250
2 165432 250
0 165613 400
2 165613 400
0 165974 250
2 165974 250
0 166155 250
2 166155 250
0 166336 250
2 166336 250
2 166516 250
3 166516 250
2 166607 250
3 166607 250
2 166697 400
3 166697 400
2 167059 400
3 167059 400
2 167420 250
3 167420 250
2 167601 250
3 167601 250
2 167782 250
3 167782 250
2 167962 250
3 167962 250
2 168143 250
3 168143 250
2 168324 250
3 168324 250
2 168504 250
3 168504 250
3 168685 250
4 168685 250
2 169047 250
3 169047 250
2 169227 250
3 169227 250
0 169408 250
2 169408 250
0 169589 400
2 169589 400
0 169950 400
2 169950 400
0 170312 250
2 170312 250
0 170492 250
2 170492 250
0 170673 250
0 170854 400
1 170854 400
0 171215 250
1 171215 250
1 171396 250
1 171577 400
2 171577 400
1 171938 250
2 171938 250
1 172119 250
2 172119 250
0 172300 250
0 172480 400
2 172480 400
0 172842 400
2 172842 400
0 173203 250
2 173203 250
0 173384 250
2 173384 250
0 173565 250
0 173745 400
1 173745 400
0 174107 250
1 174107 250
1 174288 250
1 174468 399
2 174468 399
1 174830 250
2 174830 250
1 175010 250
2 175010 250
1 175191 250
2 175191 250
0 175372 250
2 175372 250
0 175553 250
2 175553 250
0 176818 250
1 176818 250
1 177541 250
2 177541 250
0 178263 250
2 178263 250
0 178444 250
2 178444 250
2 179267 250
