0 4681 250
1 4959 250
2 5237 250
3 5237 250
1 5515 250
0 5793 250
1 6070 250
2 6348 250
3 6348 250
1 6626 250
1 6904 250
2 7181 250
3 7459 250
4 7459 250
2 7737 250
1 8015 250
2 8293 250
3 8570 250
4 8570 250
2 8848 250
0 9126 250
2 9404 250
2 9681 250
4 9681 250
2 9959 250
0 10237 250
2 10515 250
2 10793 250
4 10793 250
2 11070 250
7 11348 250
0 11626 250
1 11904 250
2 11904 250
0 12181 250
7 12459 250
0 12737 250
1 13015 250
2 13015 250
0 13293 250
5 13293 250
0 13570 250
2 13570 874
1 13848 250
2 14126 250
3 14126 250
1 14404 250
0 14681 250
1 14959 250
2 15237 250
3 15237 250
1 15515 250
1 15793 250
2 16070 250
3 16348 250
4 16348 250
2 16626 250
1 16904 250
2 17181 250
3 17459 250
4 17459 250
2 17737 250
0 18015 250
2 18293 250
2 18570 250
4 18570 250
2 18848 250
0 19126 250
2 19404 250
2 19681 250
4 19681 250
7 19959 250
5 19959 250
7 20237 250
0 20515 250
1 20793 250
0 21070 250
7 21348 250
0 21626 250
1 21904 250
0 22181 250
7 22459 250
0 22737 250
1 23015 250
2 23015 250
0 23293 250
7 23570 250
0 23848 874
0 26938 250
0 27184 250
2 27184 250
0 27430 250
0 27676 250
2 27676 250
0 27922 250
0 28168 250
2 28168 250
0 28414 250
0 28660 250
3 28783 250
2 28906 250
2 29152 250
4 29152 250
2 29397 250
2 29643 250
4 29643 250
2 29889 250
2 30135 250
4 30135 250
2 30381 250
2 30627 250
3 30750 250
1 30873 250
2 30873 1018
1 31119 250
3 31119 250
1 31365 250
1 31611 250
3 31611 250
1 31856 250
1 32102 250
3 32102 250
1 32348 250
1 32594 250
2 32717 250
0 32840 250
0 33086 250
1 33086 250
0 33332 250
0 33578 250
1 33578 250
0 33824 250
0 34070 250
1 34070 250
0 34315 250
0 34561 250
1 34561 250
0 34807 250
0 35053 250
2 35053 250
3 35053 250
0 35299 250
0 35422 250
0 35545 250
2 35545 250
3 35545 250
0 35668 250
2 35668 250
3 35668 250
0 35791 250
0 36037 250
2 36037 250
3 36037 250
0 36160 250
2 36160 250
3 36160 250
0 36283 250
0 36406 250
0 36529 250
2 36529 250
3 36529 250
2 36652 250
2 36774 250
2 36897 250
2 37020 250
3 37020 250
4 37020 250
2 37143 250
3 37143 250
4 37143 250
2 37266 250
2 37389 250
2 37512 250
3 37512 250
4 37512 250
2 37635 250
3 37635 250
4 37635 250
2 37758 250
2 37881 250
2 38004 250
3 38004 250
4 38004 250
2 38127 250
3 38127 250
4 38127 250
2 38250 250
2 38373 250
2 38496 250
3 38496 250
4 38496 250
2 38619 250
3 38619 250
5 38619 250
1 38742 250
1 38865 250
1 38988 250
2 38988 250
4 38988 250
1 39111 250
2 39111 250
4 39111 250
1 39233 250
1 39356 250
1 39479 250
2 39479 250
4 39479 250
1 39602 250
2 39602 250
4 39602 250
1 39725 250
1 39848 250
1 39971 250
2 39971 250
4 39971 250
1 40094 250
2 40094 250
4 40094 250
1 40217 250
1 40340 250
1 40463 250
2 40463 250
4 40463 250
1 40586 250
2 40586 250
5 40586 250
0 40709 250
0 40832 250
0 40955 250
1 40955 250
2 40955 250
0 41078 250
1 41078 250
2 41078 250
0 41201 250
0 41324 250
0 41447 250
1 41447 250
2 41447 250
0 41570 250
1 41570 250
2 41570 250
0 41692 250
0 41815 250
0 41938 250
1 41938 250
2 41938 250
0 42061 250
1 42061 250
2 42061 250
0 42184 250
0 42307 250
0 42430 250
1 42430 250
2 42430 250
0 42553 250
1 42553 250
5 42553 250
0 42676 250
0 42922 250
2 42922 250
0 43168 250
0 43414 250
2 43414 250
0 43660 250
0 43906 250
2 43906 250
0 44152 250
0 44397 250
3 44520 250
2 44643 250
2 44889 250
4 44889 250
2 45135 250
2 45381 250
4 45381 250
2 45627 250
2 45873 250
4 45873 250
2 46119 250
2 46365 250
3 46488 250
1 46611 250
1 46856 250
3 46856 250
1 47102 250
1 47348 250
3 47348 250
1 47594 250
1 47840 250
3 47840 250
1 48086 250
1 48332 250
2 48455 250
0 48578 250
0 48824 250
1 48824 250
0 49070 250
0 49315 250
1 49315 250
0 49561 250
0 49807 250
1 49807 250
0 50053 250
0 50299 250
1 50299 250
0 50545 250
0 50791 250
2 50791 250
0 51037 250
0 51283 250
2 51283 250
0 51529 250
0 51774 250
2 51774 250
0 52020 250
0 52266 250
3 52389 250
2 52512 250
2 52758 250
4 52758 250
2 53004 250
2 53250 250
4 53250 250
2 53496 250
2 53742 250
4 53742 250
2 53988 250
2 54233 250
3 54356 250
1 54479 250
1 54725 250
3 54725 250
1 54971 250
1 55217 250
3 55217 250
1 55463 250
1 55709 250
3 55709 250
1 55955 250
1 56201 250
2 56201 1162
2 56324 250
0 56447 250
0 56692 250
1 56692 250
0 56938 250
0 57184 250
1 57184 250
0 57430 250
0 57676 250
1 57676 250
0 57922 250
0 58168 250
1 58168 250
0 58414 250
0 58660 250
2 58660 250
0 58906 250
0 59152 250
2 59152 250
0 59397 250
0 59643 250
2 59643 250
0 59889 250
0 60135 250
3 60258 250
2 60381 250
2 60627 250
4 60627 250
2 60873 250
2 61119 250
4 61119 250
2 61365 250
2 61611 250
4 61611 250
2 61856 250
2 62102 250
3 62225 250
1 62348 250
1 62594 250
3 62594 250
1 62840 250
1 63086 250
3 63086 250
1 63332 250
1 63578 250
3 63578 250
1 63824 250
1 64070 250
2 64192 250
0 64315 250
0 64561 250
1 64561 250
0 64807 250
0 65053 250
1 65053 250
0 65299 250
0 65545 250
1 65545 250
0 65791 250
0 66037 250
1 66037 250
0 66283 250
0 66529 250
2 66529 250
0 66774 250
0 67020 250
2 67020 250
0 67266 250
0 67512 250
2 67512 250
0 67758 250
0 68004 250
3 68127 250
2 68250 250
2 68496 250
4 68496 250
2 68742 250
2 68988 250
4 68988 250
2 69233 250
2 69479 250
4 69479 250
2 69725 250
2 69971 250
3 70094 250
1 70217 250
1 70463 250
3 70463 250
1 70709 250
1 70955 250
3 70955 250
1 71201 250
1 71447 250
3 71447 250
1 71692 250
1 71938 250
2 72061 250
0 72184 250
0 72430 250
1 72430 250
0 72676 250
0 72922 250
1 72922 250
0 73168 250
0 73414 250
1 73414 250
0 73660 250
0 73906 250
1 73906 250
0 74152 250
0 74397 250
1 74397 250
0 74643 250
0 74889 250
1 74889 250
0 75135 250
0 75381 250
1 75381 250
0 75627 250
0 75873 250
1 75873 250
2 75996 1306
0 76119 250
0 76365 250
1 76365 250
0 76611 250
0 76856 250
1 76856 250
0 77102 250
0 77348 250
1 77348 250
0 77594 250
0 77840 250
1 77840 250
0 78086 922
0 82020 250
0 82266 250
2 82266 250
0 82512 250
0 82758 250
2 82758 250
0 83004 250
0 83250 250
2 83250 250
0 83496 250
0 83742 250
3 83865 250
2 83988 250
2 84233 250
4 84233 250
2 84479 250
2 84725 250
4 84725 250
2 84971 250
2 85217 250
4 85217 250
2 85463 250
2 85709 250
3 85832 250
1 85955 250
1 86201 250
3 86201 250
1 86447 250
1 86692 250
3 86692 250
1 86938 250
1 87184 250
3 87184 250
1 87430 250
1 87676 250
2 87799 250
0 87922 250
0 88168 250
1 88168 250
0 88414 250
0 88660 250
1 88660 250
0 88906 250
0 89152 250
1 89152 250
0 89397 250
0 89643 250
1 89643 250
0 89889 250
0 90135 250
2 90135 250
0 90381 250
0 90627 250
2 90627 250
0 90873 250
0 91119 250
2 91119 250
0 91365 250
0 91611 250
3 91733 250
2 91856 250
2 92102 250
4 92102 250
2 92348 250
2 92594 250
4 92594 250
2 92840 250
2 93086 250
4 93086 250
2 93332 250
2 93332 1930
2 93578 250
3 93701 250
1 93824 250
1 94070 250
3 94070 250
1 94315 250
1 94561 250
3 94561 250
1 94807 250
1 95053 250
3 95053 250
1 95299 250
1 95545 250
2 95668 250
0 95791 250
0 96037 250
1 96037 250
0 96283 250
0 96529 250
1 96529 250
0 96774 250
0 97020 250
1 97020 250
0 97266 250
0 97512 250
1 97512 250
0 97758 250
0 98004 250
2 98004 250
3 98004 250
0 98250 250
0 98373 250
0 98496 250
2 98496 250
3 98496 250
0 98619 250
2 98619 250
3 98619 250
0 98742 250
0 98988 250
2 98988 250
3 98988 250
0 99111 250
2 99111 250
3 99111 250
0 99233 250
0 99356 250
0 99479 250
2 99479 250
3 99479 250
2 99602 250
2 99725 250
2 99848 250
2 99971 250
3 99971 250
4 99971 250
2 100094 250
3 100094 250
4 100094 250
2 100217 250
2 100340 250
2 100463 250
3 100463 250
4 100463 250
2 100586 250
3 100586 250
4 100586 250
2 100709 250
2 100832 250
2 100955 250
3 100955 250
4 100955 250
2 101078 250
3 101078 250
4 101078 250
2 101201 250
2 101324 250
2 101447 250
3 101447 250
4 101447 250
2 101570 250
3 101570 250
5 101570 250
1 101692 250
1 101815 250
1 101938 250
2 101938 250
4 101938 250
1 102061 250
2 102061 250
4 102061 250
1 102184 250
1 102307 250
1 102430 250
2 102430 250
4 102430 250
1 102553 250
2 102553 250
4 102553 250
1 102676 250
1 102799 250
1 102922 250
2 102922 250
4 102922 250
1 103045 250
2 103045 250
4 103045 250
1 103168 250
1 103291 250
1 103414 250
2 103414 250
4 103414 250
1 103537 250
2 103537 250
5 103537 250
0 103660 250
0 103783 250
0 103906 250
1 103906 250
2 103906 250
0 104029 250
1 104029 250
2 104029 250
0 104152 250
0 104274 250
0 104397 250
1 104397 250
2 104397 250
0 104520 250
1 104520 250
2 104520 250
0 104643 250
0 104766 250
0 104889 250
1 104889 250
2 104889 250
0 105012 250
1 105012 250
2 105012 250
0 105135 250
0 105258 250
0 105381 250
1 105381 250
2 105381 250
0 105504 250
1 105504 250
5 105504 250
0 105627 250
0 105750 250
0 105873 250
2 105873 250
3 105873 250
0 105996 250
2 105996 250
3 105996 250
0 106119 250
0 106242 250
0 106365 250
2 106365 250
3 106365 250
0 106488 250
2 106488 250
3 106488 250
0 106611 250
0 106733 250
0 106856 250
2 106856 250
3 106856 250
0 106979 250
2 106979 250
3 106979 250
0 107102 250
0 107225 250
0 107348 250
2 107348 250
3 107348 250
2 107471 250
2 107594 250
2 107717 250
2 107840 250
3 107840 250
4 107840 250
2 107963 250
3 107963 250
4 107963 250
2 108086 250
2 108209 250
2 108332 250
3 108332 250
4 108332 250
2 108455 250
3 108455 250
4 108455 250
2 108578 250
2 108701 250
2 108824 250
3 108824 250
4 108824 250
2 108947 250
3 108947 250
4 108947 250
2 109070 250
2 109192 250
2 109315 250
3 109315 250
4 109315 250
2 109438 250
3 109438 250
5 109438 250
1 109561 250
1 109684 250
1 109807 250
2 109807 250
4 109807 250
1 109930 250
2 109930 250
4 109930 250
1 110053 250
1 110176 250
1 110299 250
2 110299 250
4 110299 250
1 110422 250
2 110422 250
4 110422 250
1 110545 250
1 110668 250
1 110791 250
2 110791 250
4 110791 250
1 110914 250
2 110914 250
4 110914 250
1 111037 250
1 111160 250
1 111283 250
2 111283 250
4 111283 250
1 111406 250
2 111406 250
5 111406 250
0 111529 250
0 111652 250
0 111774 250
1 111774 250
2 111774 250
0 111897 250
1 111897 250
2 111897 250
0 112020 250
0 112143 250
0 112266 250
1 112266 250
2 112266 250
0 112389 250
1 112389 250
2 112389 250
0 112512 250
0 112635 250
0 112758 250
1 112758 250
2 112758 250
0 112881 250
1 112881 250
2 112881 250
0 113004 250
0 113127 250
0 113250 250
1 113250 250
2 113250 250
0 113373 250
1 113373 250
5 113373 250
0 113496 250
0 113619 250
0 113742 250
2 113742 250
3 113742 250
0 113865 250
2 113865 250
3 113865 250
0 113988 250
0 114111 250
0 114233 250
2 114233 250
3 114233 250
0 114356 250
2 114356 250
3 114356 250
0 114479 250
0 114602 250
0 114725 250
2 114725 250
3 114725 250
0 114848 250
2 114848 250
3 114848 250
0 114971 250
0 115094 250
0 115217 250
2 115217 250
3 115217 250
2 115340 250
2 115463 250
2 115463 1018
2 115586 250
2 115709 250
3 115709 250
4 115709 250
2 115832 250
3 115832 250
4 115832 250
2 115955 250
2 116078 250
2 116201 250
3 116201 250
4 116201 250
2 116324 250
3 116324 250
4 116324 250
2 116447 250
2 116570 250
2 116692 250
3 116692 250
4 116692 250
2 116815 250
3 116815 250
4 116815 250
2 116938 250
2 117061 250
2 117184 250
3 117184 250
4 117184 250
2 117307 250
3 117307 250
5 117307 250
1 117430 250
1 117553 250
1 117676 250
2 117676 250
4 117676 250
1 117799 250
2 117799 250
4 117799 250
1 117922 250
1 118045 250
1 118168 250
2 118168 250
4 118168 250
1 118291 250
2 118291 250
4 118291 250
1 118414 250
1 118537 250
1 118660 250
2 118660 250
4 118660 250
1 118783 250
2 118783 250
4 118783 250
1 118906 250
1 119029 250
1 119152 250
2 119152 250
4 119152 250
1 119274 250
2 119274 250
5 119274 250
0 119397 250
0 119520 250
0 119643 250
1 119643 250
2 119643 250
0 119766 250
1 119766 250
2 119766 250
0 119889 250
0 120012 250
0 120135 250
1 120135 250
2 120135 250
0 120258 250
1 120258 250
2 120258 250
0 120381 250
0 120504 250
0 120627 250
1 120627 250
2 120627 250
0 120750 250
1 120750 250
2 120750 250
0 120873 250
0 120996 250
0 121119 250
1 121119 250
2 121119 250
0 121242 250
1 121242 250
5 121242 250
0 121365 250
0 121611 250
2 121611 250
0 121856 250
0 122102 250
2 122102 250
0 122348 250
0 122594 250
2 122594 250
0 122840 250
0 123086 250
3 123209 250
2 123332 250
2 123578 250
4 123578 250
2 123824 250
2 124070 250
4 124070 250
2 124315 250
2 124561 250
4 124561 250
2 124807 250
2 125053 250
3 125176 250
1 125299 250
1 125545 250
3 125545 250
1 125791 250
1 126037 250
3 126037 250
1 126283 250
1 126529 250
3 126529 250
1 126774 250
1 127020 250
2 127143 250
0 127266 250
0 127512 250
1 127512 250
0 127758 250
0 128004 250
1 128004 250
0 128250 250
0 129233 250
0 129479 250
2 129479 250
0 129725 250
0 129971 250
2 129971 250
0 130217 250
0 130463 250
2 130463 250
0 130709 250
0 130955 250
3 131078 250
2 131201 250
2 131447 250
4 131447 250
2 131692 250
2 131938 250
4 131938 250
2 132184 250
2 132430 250
4 132430 250
2 132676 250
2 132922 250
3 133045 250
1 133168 250
1 133414 250
3 133414 250
1 133660 250
1 133906 250
3 133906 250
1 134152 250
1 134397 250
3 134397 250
1 134643 250
1 134889 250
2 135012 250
0 135135 250
0 135381 250
1 135381 250
0 135627 250
0 135873 250
1 135873 250
0 136119 250
0 136365 250
1 136365 250
0 136611 250
0 136856 250
1 136856 250
0 137102 250
2 137102 1786
0 137348 250
2 137348 250
0 137594 250
0 137840 250
2 137840 250
0 138086 250
0 138332 250
2 138332 250
0 138578 250
0 138824 250
3 138947 250
2 139070 250
2 139315 250
4 139315 250
2 139561 250
2 139807 250
4 139807 250
2 140053 250
2 140299 250
4 140299 250
2 140545 250
2 140791 250
3 140914 250
1 141037 250
1 141283 250
3 141283 250
1 141529 250
1 141774 250
3 141774 250
1 142020 250
1 142266 250
3 142266 250
1 142512 250
1 142758 250
2 142881 250
0 143004 250
0 143250 250
1 143250 250
0 143496 250
0 143742 250
1 143742 250
0 143988 250
0 144233 250
1 144233 250
0 144479 250
0 144725 250
1 144725 250
0 144971 250
0 145217 250
1 145217 250
0 145463 250
0 145709 250
1 145709 250
0 145955 250
0 146201 250
1 146201 250
0 146447 250
0 146692 250
1 146692 250
0 146938 250
0 147184 250
1 147184 250
0 147430 250
0 147676 250
1 147676 250
0 147922 250
0 148168 250
1 148168 250
0 148414 250
0 148660 250
1 148660 250
0 148906 826
0 152840 250
0 153086 250
2 153086 250
0 153332 250
0 153578 250
2 153578 250
0 153824 250
0 154070 250
2 154070 250
0 154315 250
0 154561 250
3 154684 250
2 154807 250
2 155053 250
4 155053 250
2 155299 250
2 155545 250
4 155545 250
2 155791 250
2 156037 250
4 156037 250
2 156283 250
2 156529 250
3 156652 250
1 156774 250
1 157020 250
3 157020 250
1 157266 250
1 157512 250
3 157512 250
1 157758 250
1 158004 250
3 158004 250
1 158250 250
1 158496 250
2 158619 250
0 158742 250
0 158988 250
1 158988 250
0 159233 250
0 159479 250
1 159479 250
0 159725 250
0 159971 250
1 159971 250
0 160217 250
0 160463 250
1 160463 250
0 160709 250
0 160955 250
2 160955 250
0 161201 250
0 161447 250
2 161447 250
0 161692 250
0 161938 250
2 161938 250
0 162184 250
0 162430 250
2 162430 1162
3 162553 250
2 162676 250
2 162922 250
4 162922 250
2 163168 250
2 163414 250
4 163414 250
2 163660 250
2 163906 250
4 163906 250
2 164152 250
2 164397 250
3 164520 250
1 164643 250
1 164889 250
3 164889 250
1 165135 250
1 165381 250
3 165381 250
1 165627 250
1 165873 250
3 165873 250
1 166119 250
1 166365 250
2 166488 250
0 166611 250
0 166856 250
1 166856 250
0 167102 250
0 167348 250
1 167348 250
0 167594 250
0 167840 250
1 167840 250
0 168086 250
0 168332 250
1 168332 250
0 168578 250
0 168824 250
2 168824 250
3 168824 250
0 169070 250
0 169192 250
0 169315 250
2 169315 250
3 169315 250
0 169438 250
2 169438 250
3 169438 250
0 169561 250
0 169807 250
2 169807 250
3 169807 250
0 169930 250
2 169930 250
3 169930 250
0 170053 250
0 170176 250
0 170299 250
2 170299 250
3 170299 250
2 170422 250
2 170545 250
2 170668 250
2 170791 250
3 170791 250
4 170791 250
2 170914 250
3 170914 250
4 170914 250
2 171037 250
2 171160 250
2 171283 250
3 171283 250
4 171283 250
2 171406 250
3 171406 250
4 171406 250
2 171529 250
2 171652 250
2 171774 250
3 171774 250
4 171774 250
2 171897 250
3 171897 250
4 171897 250
2 172020 250
2 172143 250
2 172266 250
3 172266 250
4 172266 250
2 172389 250
3 172389 250
5 172389 250
1 172512 250
1 172635 250
1 172758 250
2 172758 250
4 172758 250
1 172881 250
2 172881 250
4 172881 250
1 173004 250
1 173127 250
1 173250 250
2 173250 250
4 173250 250
1 173373 250
2 173373 250
4 173373 250
1 173496 250
1 173619 250
1 173742 250
2 173742 250
4 173742 250
1 173865 250
2 173865 250
4 173865 250
1 173988 250
1 174111 250
1 174233 250
2 174233 250
4 174233 250
1 174356 250
2 174356 250
5 174356 250
0 174479 250
0 174602 250
0 174725 250
1 174725 250
2 174725 250
0 174848 250
1 174848 250
2 174848 250
0 174971 250
0 175094 250
0 175217 250
1 175217 250
2 175217 250
0 175340 250
1 175340 250
2 175340 250
0 175463 250
0 175586 250
0 175709 250
1 175709 250
2 175709 250
0 175832 250
1 175832 250
2 175832 250
0 175955 250
0 176078 250
0 176201 250
1 176201 250
2 176201 250
0 176324 250
1 176324 250
5 176324 250
0 176447 250
0 176570 250
0 176692 250
2 176692 250
3 176692 250
0 176815 250
2 176815 250
3 176815 250
0 176938 250
0 177061 250
0 177184 250
2 177184 250
3 177184 250
0 177307 250
2 177307 250
3 177307 250
0 177430 250
0 177553 250
0 177676 250
2 177676 250
3 177676 250
0 177799 250
2 177799 250
3 177799 250
0 177922 250
0 178045 250
0 178168 250
2 178168 250
3 178168 250
2 178291 250
2 178414 250
2 178537 250
2 178660 250
3 178660 250
4 178660 250
2 178783 250
3 178783 250
4 178783 250
2 178906 250
2 179029 250
2 179152 250
3 179152 250
4 179152 250
2 179274 250
3 179274 250
4 179274 250
2 179397 250
2 179520 250
2 179643 250
3 179643 250
4 179643 250
2 179766 250
3 179766 250
4 179766 250
2 179889 250
2 180012 250
2 180135 250
3 180135 250
4 180135 250
2 180258 250
3 180258 250
5 180258 250
1 180381 250
1 180504 250
1 180627 250
2 180627 250
4 180627 250
1 180750 250
2 180750 250
4 180750 250
1 180873 250
1 180996 250
1 181119 250
2 181119 250
4 181119 250
1 181242 250
2 181242 250
4 181242 250
1 181365 250
1 181488 250
1 181611 250
2 181611 250
4 181611 250
1 181733 250
2 181733 250
4 181733 250
1 181856 250
1 181979 250
1 182102 250
2 182102 250
4 182102 250
1 182225 250
2 182225 250
5 182225 250
0 182348 250
0 182471 250
0 182594 250
1 182594 250
2 182594 250
0 182717 250
1 182717 250
2 182717 250
0 182840 250
0 182963 250
0 183086 250
1 183086 250
2 183086 250
0 183209 250
1 183209 250
2 183209 250
0 183332 250
0 183455 250
0 183578 250
1 183578 250
2 183578 250
0 183701 250
1 183701 250
2 183701 250
0 183824 250
0 183947 250
0 184070 250
1 184070 250
2 184070 250
0 184192 250
1 184192 250
5 184192 250
7 184315 250
0 210871 250
2 210871 1018
0 211117 250
2 211117 250
0 211363 250
0 211609 250
2 211609 250
0 211855 250
0 212100 250
2 212100 250
0 212346 250
0 212592 250
3 212715 250
2 212838 250
2 213084 250
4 213084 250
2 213330 250
2 213576 250
4 213576 250
2 213822 250
2 214068 250
4 214068 250
2 214314 250
2 214559 250
3 214682 250
1 214805 250
1 215051 250
3 215051 250
1 215297 250
1 215543 250
3 215543 250
1 215789 250
1 216035 250
3 216035 250
1 216281 250
1 216527 250
2 216650 250
0 216773 250
0 217018 250
1 217018 250
0 217264 250
0 217510 250
1 217510 250
0 217756 250
0 218002 250
1 218002 250
0 218248 250
0 218494 250
1 218494 250
0 218740 250
0 218986 250
2 218986 250
0 219232 250
0 219477 250
2 219477 250
0 219723 250
0 219969 250
2 219969 250
0 220215 250
0 220461 250
3 220584 250
2 220707 250
2 220953 250
4 220953 250
2 221199 250
2 221445 250
4 221445 250
2 221691 250
2 221937 250
4 221937 250
2 222182 250
2 222428 250
3 222551 250
1 222674 250
1 222920 250
3 222920 250
1 223166 250
1 223412 250
3 223412 250
1 223658 250
1 223904 250
3 223904 250
1 224150 250
1 224396 250
2 224518 250
0 224641 250
0 224887 250
1 224887 250
0 225133 250
0 225379 250
1 225379 250
0 225625 250
0 225871 250
1 225871 250
0 226117 250
0 226363 250
1 226363 250
0 226609 250
0 226855 250
2 226855 250
3 226855 250
0 227100 250
0 227223 250
0 227346 250
2 227346 250
3 227346 250
0 227469 250
2 227469 250
3 227469 250
0 227592 250
0 227838 250
2 227838 250
3 227838 250
0 227961 250
2 227961 250
3 227961 250
0 228084 250
0 228207 250
0 228330 250
2 228330 250
3 228330 250
2 228453 250
2 228576 250
2 228699 250
2 228822 250
3 228822 250
4 228822 250
2 228945 250
3 228945 250
4 228945 250
2 229068 250
2 229191 250
2 229314 250
3 229314 250
4 229314 250
2 229437 250
3 229437 250
4 229437 250
2 229559 250
2 229682 250
2 229805 250
3 229805 250
4 229805 250
2 229928 250
3 229928 250
4 229928 250
2 230051 250
2 230174 250
2 230297 250
3 230297 250
4 230297 250
2 230420 250
3 230420 250
5 230420 250
1 230543 250
1 230666 250
1 230789 250
2 230789 250
4 230789 250
1 230912 250
2 230912 250
4 230912 250
1 231035 250
1 231158 250
1 231281 250
2 231281 250
4 231281 250
1 231404 250
2 231404 250
4 231404 250
1 231527 250
1 231650 250
1 231773 250
2 231773 250
4 231773 250
1 231896 250
2 231896 250
4 231896 250
1 232018 250
1 232141 250
1 232264 250
2 232264 250
4 232264 250
1 232387 250
2 232387 250
5 232387 250
0 232510 250
0 232633 250
0 232756 250
1 232756 250
2 232756 250
0 232879 250
1 232879 250
2 232879 250
0 233002 250
0 233125 250
0 233248 250
1 233248 250
2 233248 250
0 233371 250
1 233371 250
2 233371 250
0 233494 250
0 233617 250
0 233740 250
1 233740 250
2 233740 250
0 233863 250
1 233863 250
2 233863 250
0 233986 250
0 234109 250
0 234232 250
1 234232 250
2 234232 250
0 234355 250
1 234355 250
5 234355 250
0 234477 250
2 234477 1786
0 234600 250
0 234723 250
2 234723 250
3 234723 250
0 234846 250
2 234846 250
3 234846 250
0 234969 250
0 235092 250
0 235215 250
2 235215 250
3 235215 250
0 235338 250
2 235338 250
3 235338 250
0 235461 250
0 235584 250
0 235707 250
2 235707 250
3 235707 250
0 235830 250
2 235830 250
3 235830 250
0 235953 250
0 236076 250
0 236199 250
2 236199 250
3 236199 250
2 236322 250
2 236445 250
2 236568 250
2 236691 250
3 236691 250
4 236691 250
2 236814 250
3 236814 250
4 236814 250
2 236937 250
2 237059 250
2 237182 250
3 237182 250
4 237182 250
2 237305 250
3 237305 250
4 237305 250
2 237428 250
2 237551 250
2 237674 250
3 237674 250
4 237674 250
2 237797 250
3 237797 250
4 237797 250
2 237920 250
2 238043 250
2 238166 250
3 238166 250
4 238166 250
2 238289 250
3 238289 250
5 238289 250
1 238412 250
1 238535 250
1 238658 250
2 238658 250
4 238658 250
1 238781 250
2 238781 250
4 238781 250
1 238904 250
1 239027 250
1 239150 250
2 239150 250
4 239150 250
1 239273 250
2 239273 250
4 239273 250
1 239396 250
1 239518 250
1 239641 250
2 239641 250
4 239641 250
1 239764 250
2 239764 250
4 239764 250
1 239887 250
1 240010 250
1 240133 250
2 240133 250
4 240133 250
1 240256 250
2 240256 250
5 240256 250
0 240379 250
0 240502 250
0 240625 250
1 240625 250
2 240625 250
0 240748 250
1 240748 250
2 240748 250
0 240871 250
0 240994 250
0 241117 250
1 241117 250
2 241117 250
0 241240 250
1 241240 250
2 241240 250
0 241363 250
0 241486 250
0 241609 250
1 241609 250
2 241609 250
0 241732 250
1 241732 250
2 241732 250
0 241855 250
0 241977 250
0 242100 250
1 242100 250
2 242100 250
0 242223 250
1 242223 250
5 242223 250
0 242346 250
0 242469 250
0 242592 250
2 242592 250
3 242592 250
0 242715 250
2 242715 250
3 242715 250
0 242838 250
0 242961 250
0 243084 250
2 243084 250
3 243084 250
0 243207 250
2 243207 250
3 243207 250
0 243330 250
0 243453 250
0 243576 250
2 243576 250
3 243576 250
0 243699 250
2 243699 250
3 243699 250
0 243822 250
0 243945 250
0 244068 250
2 244068 250
3 244068 250
2 244191 250
2 244314 250
2 244437 250
2 244559 250
3 244559 250
4 244559 250
2 244682 250
3 244682 250
4 244682 250
2 244805 250
2 244928 250
2 245051 250
3 245051 250
4 245051 250
2 245174 250
3 245174 250
4 245174 250
2 245297 250
2 245420 250
2 245543 250
3 245543 250
4 245543 250
2 245666 250
3 245666 250
4 245666 250
2 245789 250
2 245912 250
2 246035 250
3 246035 250
4 246035 250
2 246158 250
3 246158 250
5 246158 250
1 246281 250
1 246404 250
1 246527 250
2 246527 250
4 246527 250
1 246650 250
2 246650 250
4 246650 250
1 246773 250
1 246896 250
1 247018 250
2 247018 250
4 247018 250
1 247141 250
2 247141 250
4 247141 250
1 247264 250
1 247387 250
1 247510 250
2 247510 250
4 247510 250
1 247633 250
2 247633 250
4 247633 250
1 247756 250
1 247879 250
1 248002 250
2 248002 250
4 248002 250
1 248125 250
2 248125 250
5 248125 250
0 248248 250
0 248371 250
0 248494 250
1 248494 250
2 248494 250
0 248617 250
1 248617 250
2 248617 250
0 248740 250
0 248863 250
0 248986 250
1 248986 250
2 248986 250
0 249109 250
1 249109 250
2 249109 250
0 249232 250
0 249355 250
0 249477 250
1 249477 250
2 249477 250
0 249600 250
1 249600 250
2 249600 250
0 249723 250
0 249846 250
0 249969 250
1 249969 250
2 249969 250
0 250092 250
1 250092 250
5 250092 250
0 250215 250
0 250338 250
0 250461 250
2 250461 250
3 250461 250
0 250584 250
2 250584 250
3 250584 250
0 250707 250
0 250830 250
0 250953 250
2 250953 250
3 250953 250
0 251076 250
2 251076 250
3 251076 250
0 251199 250
0 251322 250
0 251445 250
2 251445 250
3 251445 250
0 251568 250
2 251568 250
3 251568 250
0 251691 250
0 251814 250
0 251937 250
2 251937 250
3 251937 250
2 252059 250
2 252182 250
2 252305 250
2 252428 250
3 252428 250
4 252428 250
2 252551 250
3 252551 250
4 252551 250
2 252674 250
2 252797 250
2 252920 250
3 252920 250
4 252920 250
2 253043 250
3 253043 250
4 253043 250
2 253166 250
2 253289 250
2 253412 250
3 253412 250
4 253412 250
2 253535 250
3 253535 250
4 253535 250
2 253658 250
2 253781 250
2 253904 250
3 253904 250
4 253904 250
2 254027 250
3 254027 250
5 254027 250
1 254150 250
1 254273 250
1 254396 250
2 254396 250
4 254396 250
1 254518 250
2 254518 250
4 254518 250
1 254641 250
1 254764 250
1 254887 250
2 254887 250
4 254887 250
1 255010 250
2 255010 250
4 255010 250
1 255133 250
1 255256 250
1 255379 250
2 255379 250
4 255379 250
1 255502 250
2 255502 250
4 255502 250
1 255625 250
1 255748 250
1 255871 250
2 255871 250
4 255871 250
1 255994 250
2 255994 250
5 255994 250
7 256117 250
