0 4681 250
2 4959 250
3 5237 250
2 5515 250
0 5793 250
2 6070 250
3 6348 250
2 6626 250
1 6904 250
2 7181 250
4 7459 250
2 7737 250
1 8015 250
2 8293 250
4 8570 250
2 8848 250
0 9126 250
1 9404 250
3 9681 250
1 9959 250
0 10237 250
1 10515 250
3 10793 250
1 11070 250
0 11348 250
1 11626 250
2 11904 250
1 12181 250
0 12459 250
1 12737 250
2 13015 250
1 13293 250
0 13570 250
2 13848 250
3 14126 250
2 14404 250
0 14681 250
2 14959 250
3 15237 250
2 15515 250
1 15793 250
2 16070 250
4 16348 250
2 16626 250
1 16904 250
2 17181 250
4 17459 250
2 17737 250
0 18015 250
1 18293 250
3 18570 250
1 18848 250
0 19126 250
1 19404 250
3 19681 250
1 19959 250
0 20237 250
1 20515 250
2 20793 250
1 21070 250
0 21348 250
1 21626 250
2 21904 250
1 22181 250
2 22181 970
0 22459 250
1 22737 250
2 23015 250
1 23293 250
0 23570 250
1 23848 826
0 26938 250
0 27184 250
2 27184 250
0 27430 250
0 27676 250
2 27676 250
0 27922 250
0 28168 250
2 28168 250
0 28414 250
2 28660 250
5 28660 250
2 28906 250
2 29152 250
3 29152 250
2 29397 250
2 29643 250
3 29643 250
2 29889 250
2 30135 250
3 30135 250
2 30381 250
1 30627 250
5 30627 250
1 30873 250
1 31119 250
3 31119 250
1 31365 250
1 31611 250
3 31611 250
1 31856 250
1 32102 250
3 32102 250
1 32348 250
0 32594 250
5 32594 250
0 32840 250
0 33086 250
1 33086 250
0 33332 250
0 33578 250
1 33578 250
0 33824 250
0 34070 250
1 34070 250
0 34315 250
0 34561 250
1 34561 250
0 34807 250
2 34930 970
0 35053 250
2 35053 250
0 35176 250
2 35176 250
0 35545 250
2 35545 250
0 35668 250
2 35668 250
0 36037 250
2 36037 250
0 36160 250
2 36160 250
0 36529 250
2 36529 250
2 36652 250
3 37020 250
4 37020 250
3 37143 250
4 37143 250
3 37512 250
4 37512 250
3 37635 250
4 37635 250
3 38004 250
4 38004 250
3 38127 250
4 38127 250
3 38496 250
4 38496 250
4 38619 250
1 38988 250
3 38988 250
1 39111 250
3 39111 250
1 39479 250
3 39479 250
1 39602 250
3 39602 250
1 39971 250
3 39971 250
1 40094 250
3 40094 250
1 40463 250
3 40463 250
1 40586 250
0 40955 250
1 40955 250
0 41078 250
1 41078 250
0 41447 250
1 41447 250
0 41570 250
1 41570 250
0 41938 250
1 41938 250
0 42061 250
1 42061 250
0 42430 250
1 42430 250
0 42553 250
1 42553 250
0 42676 250
0 42922 250
2 42922 250
0 43168 250
0 43414 250
2 43414 250
0 43660 250
0 43906 250
2 43906 250
0 44152 250
2 44397 250
5 44397 250
2 44643 250
2 44889 250
3 44889 250
2 45135 250
2 45381 250
3 45381 250
2 45627 250
2 45873 250
3 45873 250
2 46119 250
1 46365 250
5 46365 250
1 46611 250
1 46856 250
3 46856 250
1 47102 250
1 47348 250
3 47348 250
1 47594 250
1 47840 250
3 47840 250
1 48086 250
0 48332 250
5 48332 250
0 48578 250
0 48824 250
1 48824 250
0 49070 250
0 49315 250
1 49315 250
0 49561 250
0 49807 250
1 49807 250
0 50053 250
0 50299 250
1 50299 250
0 50545 250
0 50791 250
2 50791 250
0 51037 250
0 51283 250
2 51283 250
0 51529 250
0 51774 250
2 51774 250
0 52020 250
2 52266 250
5 52266 250
2 52512 250
2 52758 250
3 52758 250
2 53004 250
2 53250 250
3 53250 250
2 53496 250
2 53742 250
3 53742 250
2 53988 250
1 54233 250
5 54233 250
1 54479 250
1 54725 250
3 54725 250
1 54971 250
1 55217 250
3 55217 250
1 55463 250
1 55709 250
3 55709 250
1 55955 250
0 56201 250
5 56201 250
0 56447 250
2 56447 1018
0 56692 250
1 56692 250
0 56938 250
0 57184 250
1 57184 250
0 57430 250
0 57676 250
1 57676 250
0 57922 250
0 58168 250
1 58168 250
0 58414 250
0 58660 250
2 58660 250
0 58906 250
0 59152 250
2 59152 250
0 59397 250
0 59643 250
2 59643 250
0 59889 250
2 60135 250
5 60135 250
2 60381 250
2 60627 250
3 60627 250
2 60873 250
2 61119 250
3 61119 250
2 61365 250
2 61611 250
3 61611 250
2 61856 250
1 62102 250
5 62102 250
1 62348 250
1 62594 250
3 62594 250
1 62840 250
1 63086 250
3 63086 250
1 63332 250
1 63578 250
3 63578 250
1 63824 250
0 64070 250
5 64070 250
0 64315 250
0 64561 250
1 64561 250
0 64807 250
0 65053 250
1 65053 250
0 65299 250
0 65545 250
1 65545 250
0 65791 250
0 66037 250
1 66037 250
0 66283 250
0 66529 250
2 66529 250
0 66774 250
0 67020 250
2 67020 250
0 67266 250
0 67512 250
2 67512 250
0 67758 250
2 68004 250
5 68004 250
2 68250 250
2 68496 250
3 68496 250
2 68742 250
2 68988 250
3 68988 250
2 69233 250
2 69479 250
3 69479 250
2 69725 250
1 69971 250
5 69971 250
1 70217 250
1 70463 250
3 70463 250
1 70709 250
1 70955 250
3 70955 250
1 71201 250
1 71447 250
3 71447 250
1 71692 250
0 71938 250
5 71938 250
0 72184 250
0 72430 250
1 72430 250
0 72676 250
0 72922 250
1 72922 250
0 73168 250
0 73414 250
1 73414 250
0 73660 250
0 73906 250
1 73906 250
0 74152 250
0 74397 250
1 74397 250
0 74643 250
0 74889 250
1 74889 250
0 75135 250
0 75381 250
1 75381 250
0 75627 250
0 75873 250
1 75873 250
0 76119 250
0 76365 250
1 76365 250
0 76611 250
0 76856 250
1 76856 250
0 77102 250
2 77102 874
0 77348 250
1 77348 250
0 77594 250
0 77840 250
1 77840 250
0 78086 826
0 82020 250
0 82266 250
2 82266 250
0 82512 250
0 82758 250
2 82758 250
0 83004 250
0 83250 250
2 83250 250
0 83496 250
2 83742 250
5 83742 250
2 83988 250
2 84233 250
3 84233 250
2 84479 250
2 84725 250
3 84725 250
2 84971 250
2 85217 250
3 85217 250
2 85463 250
1 85709 250
5 85709 250
1 85955 250
1 86201 250
3 86201 250
1 86447 250
1 86692 250
3 86692 250
1 86938 250
1 87184 250
3 87184 250
1 87430 250
0 87676 250
5 87676 250
0 87922 250
0 88168 250
1 88168 250
0 88414 250
0 88660 250
1 88660 250
0 88906 250
0 89152 250
1 89152 250
0 89397 250
0 89643 250
1 89643 250
0 89889 250
0 90135 250
2 90135 250
0 90381 250
0 90627 250
2 90627 250
0 90873 250
0 91119 250
2 91119 250
0 91365 250
2 91611 250
5 91611 250
2 91856 250
2 92102 250
3 92102 250
2 92348 250
2 92594 250
3 92594 250
2 92840 250
2 93086 250
3 93086 250
2 93332 250
1 93578 250
5 93578 250
1 93824 250
1 94070 250
3 94070 250
1 94315 250
1 94561 250
3 94561 250
1 94807 250
1 95053 250
3 95053 250
1 95299 250
0 95545 250
5 95545 250
0 95791 250
0 96037 250
1 96037 250
0 96283 250
0 96529 250
1 96529 250
0 96774 250
0 97020 250
1 97020 250
0 97266 250
0 97512 250
1 97512 250
0 97758 250
0 98004 250
2 98004 250
2 98004 922
0 98127 250
2 98127 250
0 98496 250
2 98496 250
0 98619 250
2 98619 250
0 98988 250
2 98988 250
0 99111 250
2 99111 250
0 99479 250
2 99479 250
2 99602 250
3 99971 250
4 99971 250
3 100094 250
4 100094 250
3 100463 250
4 100463 250
3 100586 250
4 100586 250
3 100955 250
4 100955 250
3 101078 250
4 101078 250
3 101447 250
4 101447 250
4 101570 250
1 101938 250
3 101938 250
1 102061 250
3 102061 250
1 102430 250
3 102430 250
1 102553 250
3 102553 250
1 102922 250
3 102922 250
1 103045 250
3 103045 250
1 103414 250
3 103414 250
1 103537 250
0 103906 250
1 103906 250
0 104029 250
1 104029 250
0 104397 250
1 104397 250
0 104520 250
1 104520 250
0 104889 250
1 104889 250
0 105012 250
1 105012 250
0 105381 250
1 105381 250
0 105504 250
1 105504 250
0 105627 250
0 105873 250
2 105873 250
0 105996 250
2 105996 250
0 106365 250
2 106365 250
0 106488 250
2 106488 250
0 106856 250
2 106856 250
0 106979 250
2 106979 250
0 107348 250
2 107348 250
2 107471 250
3 107840 250
4 107840 250
3 107963 250
4 107963 250
3 108332 250
4 108332 250
3 108455 250
4 108455 250
3 108824 250
4 108824 250
3 108947 250
4 108947 250
3 109315 250
4 109315 250
4 109438 250
1 109807 250
3 109807 250
1 109930 250
3 109930 250
1 110299 250
3 110299 250
1 110422 250
3 110422 250
1 110791 250
3 110791 250
1 110914 250
3 110914 250
1 111283 250
3 111283 250
1 111406 250
0 111774 250
1 111774 250
0 111897 250
1 111897 250
0 112266 250
1 112266 250
0 112389 250
1 112389 250
0 112758 250
1 112758 250
0 112881 250
1 112881 250
0 113250 250
1 113250 250
0 113373 250
1 113373 250
0 113496 250
0 113742 250
2 113742 250
2 113742 970
0 113865 250
2 113865 250
0 114233 250
2 114233 250
0 114356 250
2 114356 250
0 114725 250
2 114725 250
0 114848 250
2 114848 250
0 115217 250
2 115217 250
2 115340 250
3 115709 250
4 115709 250
3 115832 250
4 115832 250
3 116201 250
4 116201 250
3 116324 250
4 116324 250
3 116692 250
4 116692 250
3 116815 250
4 116815 250
3 117184 250
4 117184 250
4 117307 250
1 117676 250
3 117676 250
1 117799 250
3 117799 250
1 118168 250
3 118168 250
1 118291 250
3 118291 250
1 118660 250
3 118660 250
1 118783 250
3 118783 250
1 119152 250
3 119152 250
1 119274 250
0 119643 250
1 119643 250
0 119766 250
1 119766 250
0 120135 250
1 120135 250
0 120258 250
1 120258 250
0 120627 250
1 120627 250
0 120750 250
1 120750 250
0 121119 250
1 121119 250
0 121242 250
1 121242 250
0 121365 250
0 121611 250
2 121611 250
0 121856 250
0 122102 250
2 122102 250
0 122348 250
0 122594 250
2 122594 250
0 122840 250
2 123086 250
5 123086 250
2 123332 250
2 123578 250
3 123578 250
2 123824 250
2 124070 250
3 124070 250
2 124315 250
2 124561 250
3 124561 250
2 124807 250
1 125053 250
5 125053 250
1 125299 250
1 125545 250
3 125545 250
1 125791 250
1 126037 250
3 126037 250
1 126283 250
1 126529 250
3 126529 250
1 126774 250
0 127020 250
5 127020 250
0 127266 250
0 127512 250
1 127512 250
0 127758 250
0 128004 250
1 128004 250
0 128250 250
0 129233 250
0 129479 250
2 129479 250
0 129725 250
0 129971 250
2 129971 250
0 130217 250
0 130463 250
2 130463 250
0 130709 250
2 130955 250
5 130955 250
2 131201 250
2 131447 250
3 131447 250
2 131692 250
2 131938 250
3 131938 250
2 132184 250
2 132430 250
3 132430 250
2 132676 250
1 132922 250
5 132922 250
1 133168 250
1 133414 250
3 133414 250
1 133660 250
1 133906 250
3 133906 250
1 134152 250
1 134397 250
3 134397 250
1 134643 250
0 134889 250
5 134889 250
0 135135 250
2 135135 1018
0 135381 250
1 135381 250
0 135627 250
0 135873 250
1 135873 250
0 136119 250
0 136365 250
1 136365 250
0 136611 250
0 136856 250
1 136856 250
0 137102 250
0 137348 250
2 137348 250
0 137594 250
0 137840 250
2 137840 250
0 138086 250
0 138332 250
2 138332 250
0 138578 250
2 138824 250
5 138824 250
2 139070 250
2 139315 250
3 139315 250
2 139561 250
2 139807 250
3 139807 250
2 140053 250
2 140299 250
3 140299 250
2 140545 250
1 140791 250
5 140791 250
1 141037 250
1 141283 250
3 141283 250
1 141529 250
1 141774 250
3 141774 250
1 142020 250
1 142266 250
3 142266 250
1 142512 250
0 142758 250
5 142758 250
0 143004 250
0 143250 250
1 143250 250
0 143496 250
0 143742 250
1 143742 250
0 143988 250
0 144233 250
1 144233 250
0 144479 250
0 144725 250
1 144725 250
0 144971 250
0 145217 250
1 145217 250
0 145463 250
0 145709 250
1 145709 250
0 145955 250
0 146201 250
1 146201 250
0 146447 250
0 146692 250
1 146692 250
0 146938 250
0 147184 250
1 147184 250
0 147430 250
0 147676 250
1 147676 250
0 147922 250
0 148168 250
1 148168 250
0 148414 250
0 148660 250
1 148660 250
0 148906 826
0 152840 250
2 152840 826
0 153086 250
2 153086 250
0 153332 250
0 153578 250
2 153578 250
0 153824 250
0 154070 250
2 154070 250
0 154315 250
2 154561 250
5 154561 250
2 154807 250
2 155053 250
3 155053 250
2 155299 250
2 155545 250
3 155545 250
2 155791 250
2 156037 250
3 156037 250
2 156283 250
1 156529 250
5 156529 250
1 156774 250
1 157020 250
3 157020 250
1 157266 250
1 157512 250
3 157512 250
1 157758 250
1 158004 250
3 158004 250
1 158250 250
0 158496 250
5 158496 250
0 158742 250
0 158988 250
1 158988 250
0 159233 250
0 159479 250
1 159479 250
0 159725 250
0 159971 250
1 159971 250
0 160217 250
0 160463 250
1 160463 250
0 160709 250
0 160955 250
2 160955 250
0 161201 250
0 161447 250
2 161447 250
0 161692 250
0 161938 250
2 161938 250
0 162184 250
2 162430 250
5 162430 250
2 162676 250
2 162922 250
3 162922 250
2 163168 250
2 163414 250
3 163414 250
2 163660 250
2 163906 250
3 163906 250
2 164152 250
1 164397 250
5 164397 250
1 164643 250
1 164889 250
3 164889 250
1 165135 250
1 165381 250
3 165381 250
1 165627 250
1 165873 250
3 165873 250
1 166119 250
0 166365 250
5 166365 250
0 166611 250
0 166856 250
1 166856 250
0 167102 250
0 167348 250
1 167348 250
0 167594 250
0 167840 250
1 167840 250
0 168086 250
0 168332 250
1 168332 250
0 168578 250
0 168824 250
2 168824 250
2 168824 1018
0 168947 250
2 168947 250
0 169315 250
2 169315 250
0 169438 250
2 169438 250
0 169807 250
2 169807 250
0 169930 250
2 169930 250
0 170299 250
2 170299 250
2 170422 250
3 170791 250
4 170791 250
3 170914 250
4 170914 250
3 171283 250
4 171283 250
3 171406 250
4 171406 250
3 171774 250
4 171774 250
3 171897 250
4 171897 250
3 172266 250
4 172266 250
4 172389 250
1 172758 250
3 172758 250
1 172881 250
3 172881 250
1 173250 250
3 173250 250
1 173373 250
3 173373 250
1 173742 250
3 173742 250
1 173865 250
3 173865 250
1 174233 250
3 174233 250
1 174356 250
0 174725 250
1 174725 250
0 174848 250
1 174848 250
0 175217 250
1 175217 250
0 175340 250
1 175340 250
0 175709 250
1 175709 250
0 175832 250
1 175832 250
0 176201 250
1 176201 250
0 176324 250
1 176324 250
0 176447 250
0 176692 250
2 176692 250
0 176815 250
2 176815 250
0 177184 250
2 177184 250
0 177307 250
2 177307 250
0 177676 250
2 177676 250
0 177799 250
2 177799 250
0 178168 250
2 178168 250
2 178291 250
3 178660 250
4 178660 250
3 178783 250
4 178783 250
3 179152 250
4 179152 250
3 179274 250
4 179274 250
3 179643 250
4 179643 250
3 179766 250
4 179766 250
3 180135 250
4 180135 250
4 180258 250
1 180627 250
3 180627 250
2 180627 970
1 180750 250
3 180750 250
1 181119 250
3 181119 250
1 181242 250
3 181242 250
1 181611 250
3 181611 250
1 181733 250
3 181733 250
1 182102 250
3 182102 250
1 182225 250
0 182594 250
1 182594 250
0 182717 250
1 182717 250
0 183086 250
1 183086 250
0 183209 250
1 183209 250
0 183578 250
1 183578 250
0 183701 250
1 183701 250
0 184070 250
1 184070 250
0 184192 250
1 184192 250
0 210871 250
2 210871 826
0 211117 250
2 211117 250
0 211363 250
0 211609 250
2 211609 250
0 211855 250
0 212100 250
2 212100 250
0 212346 250
2 212592 250
5 212592 250
2 212838 250
2 213084 250
3 213084 250
2 213330 250
2 213576 250
3 213576 250
2 213822 250
2 214068 250
3 214068 250
2 214314 250
1 214559 250
5 214559 250
1 214805 250
1 215051 250
3 215051 250
1 215297 250
1 215543 250
3 215543 250
1 215789 250
1 216035 250
3 216035 250
1 216281 250
0 216527 250
5 216527 250
0 216773 250
0 217018 250
1 217018 250
0 217264 250
0 217510 250
1 217510 250
0 217756 250
0 218002 250
1 218002 250
0 218248 250
0 218494 250
1 218494 250
0 218740 250
0 218986 250
2 218986 250
0 219232 250
0 219477 250
2 219477 250
0 219723 250
0 219969 250
2 219969 250
0 220215 250
2 220461 250
5 220461 250
2 220707 250
2 220953 250
3 220953 250
2 221199 250
2 221445 250
3 221445 250
2 221691 250
2 221937 250
3 221937 250
2 222182 250
1 222428 250
5 222428 250
1 222674 250
1 222920 250
3 222920 250
1 223166 250
1 223412 250
3 223412 250
1 223658 250
1 223904 250
3 223904 250
1 224150 250
0 224396 250
5 224396 250
0 224641 250
0 224887 250
1 224887 250
0 225133 250
0 225379 250
1 225379 250
0 225625 250
0 225871 250
1 225871 250
0 226117 250
0 226363 250
1 226363 250
0 226609 250
0 226855 250
2 226855 250
2 226855 970
0 226977 250
2 226977 250
0 227346 250
2 227346 250
0 227469 250
2 227469 250
0 227838 250
2 227838 250
0 227961 250
2 227961 250
0 228330 250
2 228330 250
2 228453 250
3 228822 250
4 228822 250
3 228945 250
4 228945 250
3 229314 250
4 229314 250
3 229437 250
4 229437 250
3 229805 250
4 229805 250
3 229928 250
4 229928 250
3 230297 250
4 230297 250
4 230420 250
1 230789 250
3 230789 250
1 230912 250
3 230912 250
1 231281 250
3 231281 250
1 231404 250
3 231404 250
1 231773 250
3 231773 250
1 231896 250
3 231896 250
1 232264 250
3 232264 250
1 232387 250
0 232756 250
1 232756 250
0 232879 250
1 232879 250
0 233248 250
1 233248 250
0 233371 250
1 233371 250
0 233740 250
1 233740 250
0 233863 250
1 233863 250
0 234232 250
1 234232 250
0 234355 250
1 234355 250
0 234477 250
0 234723 250
2 234723 250
0 234846 250
2 234846 250
0 235215 250
2 235215 250
0 235338 250
2 235338 250
0 235707 250
2 235707 250
0 235830 250
2 235830 250
0 236199 250
2 236199 250
2 236322 250
3 236691 250
4 236691 250
3 236814 250
4 236814 250
3 237182 250
4 237182 250
3 237305 250
4 237305 250
3 237674 250
4 237674 250
3 237797 250
4 237797 250
3 238166 250
4 238166 250
4 238289 250
1 238658 250
3 238658 250
1 238781 250
3 238781 250
1 239150 250
3 239150 250
1 239273 250
3 239273 250
1 239641 250
3 239641 250
1 239764 250
3 239764 250
1 240133 250
3 240133 250
1 240256 250
0 240625 250
1 240625 250
0 240748 250
1 240748 250
0 241117 250
1 241117 250
0 241240 250
1 241240 250
0 241609 250
1 241609 250
0 241732 250
1 241732 250
0 242100 250
1 242100 250
0 242223 250
1 242223 250
0 242346 250
0 242592 250
2 242592 250
2 242592 922
0 242715 250
2 242715 250
0 243084 250
2 243084 250
0 243207 250
2 243207 250
0 243576 250
2 243576 250
0 243699 250
2 243699 250
0 244068 250
2 244068 250
2 244191 250
3 244559 250
4 244559 250
3 244682 250
4 244682 250
3 245051 250
4 245051 250
3 245174 250
4 245174 250
3 245543 250
4 245543 250
3 245666 250
4 245666 250
3 246035 250
4 246035 250
4 246158 250
1 246527 250
3 246527 250
1 246650 250
3 246650 250
1 247018 250
3 247018 250
1 247141 250
3 247141 250
1 247510 250
3 247510 250
1 247633 250
3 247633 250
1 248002 250
3 248002 250
1 248125 250
0 248494 250
1 248494 250
0 248617 250
1 248617 250
0 248986 250
1 248986 250
0 249109 250
1 249109 250
0 249477 250
1 249477 250
0 249600 250
1 249600 250
0 249969 250
1 249969 250
0 250092 250
1 250092 250
0 250215 250
0 250461 250
2 250461 250
0 250584 250
2 250584 250
0 250953 250
2 250953 250
0 251076 250
2 251076 250
0 251445 250
2 251445 250
0 251568 250
2 251568 250
0 251937 250
2 251937 250
2 252059 250
3 252428 250
4 252428 250
3 252551 250
4 252551 250
3 252920 250
4 252920 250
3 253043 250
4 253043 250
3 253412 250
4 253412 250
3 253535 250
4 253535 250
3 253904 250
4 253904 250
4 254027 250
1 254396 250
3 254396 250
1 254518 250
3 254518 250
1 254887 250
3 254887 250
1 255010 250
3 255010 250
1 255379 250
3 255379 250
1 255502 250
3 255502 250
1 255871 250
3 255871 250
1 255994 250
3 255994 250
