0 4681 250
2 5237 250
0 5793 250
2 6348 250
1 6904 250
3 7459 250
1 8015 250
3 8570 250
1 9126 250
2 9681 250
1 10237 250
2 10793 250
0 11348 250
1 11904 250
0 12459 250
1 13015 250
0 13570 250
2 14126 250
0 14681 250
2 15237 250
1 15793 250
3 16348 250
1 16904 250
3 17459 250
1 18015 250
2 18570 250
1 19126 250
2 19681 250
0 20237 250
1 20793 250
0 21348 250
1 21904 250
0 22459 250
2 22459 730
1 23015 250
0 23570 826
1 26938 250
1 27184 250
1 27430 250
1 27676 250
1 27922 250
1 28168 250
1 28414 250
2 28660 250
5 28660 250
3 28906 250
3 29152 250
3 29397 250
3 29643 250
3 29889 250
3 30135 250
3 30381 250
2 30627 250
5 30627 250
2 30873 250
2 31119 250
2 31365 250
2 31611 250
2 31856 250
2 32102 250
2 32348 250
1 32594 250
5 32594 250
0 32840 250
0 33086 250
0 33332 250
0 33578 250
0 33824 250
0 34070 250
0 34315 250
0 34561 250
1 35053 250
2 35053 250
1 35176 250
2 35176 250
1 35545 250
2 35545 250
1 35668 250
2 35668 250
1 36037 250
2 36037 250
1 36160 250
2 36160 250
2 37020 250
3 37020 250
2 37143 250
3 37143 250
2 37512 250
3 37512 250
2 37635 250
3 37635 250
2 38004 250
3 38004 250
2 38127 250
3 38127 250
0 38988 250
2 38988 250
0 39111 250
2 39111 250
0 39479 250
2 39479 250
0 39602 250
2 39602 250
0 39971 250
2 39971 250
0 40094 250
2 40094 250
0 40955 250
1 40955 250
2 40955 826
0 41078 250
1 41078 250
0 41447 250
1 41447 250
0 41570 250
1 41570 250
0 41938 250
1 41938 250
0 42061 250
1 42061 250
1 42676 250
1 42922 250
1 43168 250
1 43414 250
1 43660 250
1 43906 250
1 44152 250
2 44397 250
5 44397 250
3 44643 250
3 44889 250
3 45135 250
3 45381 250
3 45627 250
3 45873 250
3 46119 250
2 46365 250
5 46365 250
2 46611 250
2 46856 250
2 47102 250
2 47348 250
2 47594 250
2 47840 250
2 48086 250
1 48332 250
5 48332 250
0 48578 250
0 48824 250
0 49070 250
0 49315 250
0 49561 250
0 49807 250
0 50053 250
0 50299 250
1 50545 250
1 50791 250
1 51037 250
1 51283 250
1 51529 250
1 51774 250
1 52020 250
2 52266 250
5 52266 250
3 52512 250
3 52758 250
3 53004 250
3 53250 250
3 53496 250
3 53742 250
3 53988 250
2 54233 250
5 54233 250
2 54479 250
2 54725 250
2 54971 250
2 55217 250
2 55463 250
2 55709 250
2 55955 250
1 56201 250
5 56201 250
0 56447 250
0 56692 250
0 56938 250
0 57184 250
0 57430 250
0 57676 250
0 57922 250
0 58168 250
1 58414 250
2 58414 922
1 58660 250
1 58906 250
1 59152 250
1 59397 250
1 59643 250
1 59889 250
2 60135 250
5 60135 250
3 60381 250
3 60627 250
3 60873 250
3 61119 250
3 61365 250
3 61611 250
3 61856 250
2 62102 250
5 62102 250
2 62348 250
2 62594 250
2 62840 250
2 63086 250
2 63332 250
2 63578 250
2 63824 250
1 64070 250
5 64070 250
0 64315 250
0 64561 250
0 64807 250
0 65053 250
0 65299 250
0 65545 250
0 65791 250
0 66037 250
1 66283 250
1 66529 250
1 66774 250
1 67020 250
1 67266 250
1 67512 250
1 67758 250
2 68004 250
5 68004 250
3 68250 250
3 68496 250
3 68742 250
3 68988 250
3 69233 250
3 69479 250
3 69725 250
2 69971 250
5 69971 250
2 70217 250
2 70463 250
2 70709 250
2 70955 250
2 71201 250
2 71447 250
2 71692 250
1 71938 250
5 71938 250
0 72184 250
0 72430 250
0 72676 250
0 72922 250
0 73168 250
0 73414 250
0 73660 250
0 73906 250
0 74152 250
0 74397 250
0 74643 250
0 74889 250
0 75135 250
0 75381 250
0 75627 250
0 75873 250
0 76119 250
2 76119 1114
0 76365 250
0 76611 250
0 76856 250
0 77102 250
0 77348 250
0 77594 250
0 77840 250
0 78086 826
1 82020 250
1 82266 250
1 82512 250
1 82758 250
1 83004 250
1 83250 250
1 83496 250
2 83742 250
5 83742 250
3 83988 250
3 84233 250
3 84479 250
3 84725 250
3 84971 250
3 85217 250
3 85463 250
2 85709 250
5 85709 250
2 85955 250
2 86201 250
2 86447 250
2 86692 250
2 86938 250
2 87184 250
2 87430 250
1 87676 250
5 87676 250
0 87922 250
0 88168 250
0 88414 250
0 88660 250
0 88906 250
0 89152 250
0 89397 250
0 89643 250
1 89889 250
1 90135 250
1 90381 250
1 90627 250
1 90873 250
1 91119 250
1 91365 250
2 91611 250
5 91611 250
3 91856 250
3 92102 250
3 92348 250
3 92594 250
3 92840 250
3 93086 250
3 93332 250
2 93578 250
5 93578 250
2 93824 250
2 94070 250
2 94315 250
2 94561 250
2 94807 250
2 95053 250
2 95299 250
1 95545 250
5 95545 250
0 95791 250
0 96037 250
0 96283 250
0 96529 250
0 96774 250
0 97020 250
0 97266 250
0 97512 250
1 98004 250
2 98004 250
2 98004 778
1 98127 250
2 98127 250
1 98496 250
2 98496 250
1 98619 250
2 98619 250
1 98988 250
2 98988 250
1 99111 250
2 99111 250
2 99971 250
3 99971 250
2 100094 250
3 100094 250
2 100463 250
3 100463 250
2 100586 250
3 100586 250
2 100955 250
3 100955 250
2 101078 250
3 101078 250
0 101938 250
2 101938 250
0 102061 250
2 102061 250
0 102430 250
2 102430 250
0 102553 250
2 102553 250
0 102922 250
2 102922 250
0 103045 250
2 103045 250
0 103906 250
1 103906 250
0 104029 250
1 104029 250
0 104397 250
1 104397 250
0 104520 250
1 104520 250
0 104889 250
1 104889 250
0 105012 250
1 105012 250
1 105873 250
2 105873 250
1 105996 250
2 105996 250
1 106365 250
2 106365 250
1 106488 250
2 106488 250
1 106856 250
2 106856 250
1 106979 250
2 106979 250
2 107840 250
3 107840 250
2 107963 250
3 107963 250
2 108332 250
3 108332 250
2 108455 250
3 108455 250
2 108824 250
3 108824 250
2 108947 250
3 108947 250
0 109807 250
2 109807 250
0 109930 250
2 109930 250
0 110299 250
2 110299 250
0 110422 250
2 110422 250
0 110791 250
2 110791 250
0 110914 250
2 110914 250
0 111774 250
1 111774 250
0 111897 250
1 111897 250
0 112266 250
1 112266 250
0 112389 250
1 112389 250
0 112758 250
1 112758 250
0 112881 250
1 112881 250
1 113742 250
2 113742 250
1 113865 250
2 113865 250
1 114233 250
2 114233 250
1 114356 250
2 114356 250
1 114725 250
2 114725 250
1 114848 250
2 114848 250
2 115709 250
3 115709 250
2 115832 250
3 115832 250
2 116201 250
3 116201 250
2 116324 250
3 116324 250
2 116692 250
3 116692 250
2 116815 250
3 116815 250
0 117676 250
2 117676 250
0 117799 250
2 117799 250
0 118168 250
2 118168 250
0 118291 250
2 118291 250
0 118660 250
2 118660 250
0 118783 250
2 118783 250
2 119520 1018
0 119643 250
1 119643 250
0 119766 250
1 119766 250
0 120135 250
1 120135 250
0 120258 250
1 120258 250
0 120627 250
1 120627 250
0 120750 250
1 120750 250
1 121365 250
1 121611 250
1 121856 250
1 122102 250
1 122348 250
1 122594 250
1 122840 250
2 123086 250
5 123086 250
3 123332 250
3 123578 250
3 123824 250
3 124070 250
3 124315 250
3 124561 250
3 124807 250
2 125053 250
5 125053 250
2 125299 250
2 125545 250
2 125791 250
2 126037 250
2 126283 250
2 126529 250
2 126774 250
1 127020 250
5 127020 250
0 127266 250
0 127512 250
0 127758 250
0 128004 250
0 128250 250
1 129233 250
1 129479 250
1 129725 250
1 129971 250
1 130217 250
1 130463 250
1 130709 250
2 130955 250
5 130955 250
3 131201 250
3 131447 250
3 131692 250
3 131938 250
3 132184 250
3 132430 250
3 132676 250
2 132922 250
5 132922 250
2 133168 250
2 133414 250
2 133660 250
2 133906 250
2 134152 250
2 134397 250
2 134643 250
1 134889 250
5 134889 250
0 135135 250
0 135381 250
0 135627 250
0 135873 250
0 136119 250
0 136365 250
0 136611 250
0 136856 250
1 137102 250
1 137348 250
1 137594 250
1 137840 250
1 138086 250
1 138332 250
1 138578 250
2 138824 250
5 138824 250
3 139070 250
2 139070 922
3 139315 250
3 139561 250
3 139807 250
3 140053 250
3 140299 250
3 140545 250
2 140791 250
5 140791 250
2 141037 250
2 141283 250
2 141529 250
2 141774 250
2 142020 250
2 142266 250
2 142512 250
1 142758 250
5 142758 250
0 143004 250
0 143250 250
0 143496 250
0 143742 250
0 143988 250
0 144233 250
0 144479 250
0 144725 250
0 144971 250
0 145217 250
0 145463 250
0 145709 250
0 145955 250
0 146201 250
0 146447 250
0 146692 250
0 146938 250
0 147184 250
0 147430 250
0 147676 250
2 147676 1018
0 147922 250
0 148168 250
0 148414 250
0 148660 250
0 148906 826
1 152840 250
1 153086 250
1 153332 250
1 153578 250
1 153824 250
1 154070 250
1 154315 250
2 154561 250
5 154561 250
3 154807 250
3 155053 250
3 155299 250
3 155545 250
3 155791 250
3 156037 250
3 156283 250
2 156529 250
5 156529 250
2 156774 250
2 157020 250
2 157266 250
2 157512 250
2 157758 250
2 158004 250
2 158250 250
1 158496 250
5 158496 250
0 158742 250
0 158988 250
0 159233 250
0 159479 250
0 159725 250
0 159971 250
0 160217 250
0 160463 250
1 160709 250
1 160955 250
1 161201 250
1 161447 250
1 161692 250
1 161938 250
1 162184 250
2 162430 250
5 162430 250
3 162676 250
3 162922 250
3 163168 250
3 163414 250
3 163660 250
3 163906 250
3 164152 250
2 164397 250
5 164397 250
2 164643 250
2 164889 250
2 165135 250
2 165381 250
2 165627 250
2 165873 250
2 166119 250
1 166365 250
5 166365 250
0 166611 250
2 166611 1114
0 166856 250
0 167102 250
0 167348 250
0 167594 250
0 167840 250
0 168086 250
0 168332 250
1 168824 250
2 168824 250
1 168947 250
2 168947 250
1 169315 250
2 169315 250
1 169438 250
2 169438 250
1 169807 250
2 169807 250
1 169930 250
2 169930 250
2 170791 250
3 170791 250
2 170914 250
3 170914 250
2 171283 250
3 171283 250
2 171406 250
3 171406 250
2 171774 250
3 171774 250
2 171897 250
3 171897 250
0 172758 250
2 172758 250
0 172881 250
2 172881 250
0 173250 250
2 173250 250
0 173373 250
2 173373 250
0 173742 250
2 173742 250
0 173865 250
2 173865 250
0 174725 250
1 174725 250
0 174848 250
1 174848 250
0 175217 250
1 175217 250
0 175340 250
1 175340 250
0 175709 250
1 175709 250
0 175832 250
1 175832 250
1 176692 250
2 176692 250
1 176815 250
2 176815 250
1 177184 250
2 177184 250
1 177307 250
2 177307 250
1 177676 250
2 177676 250
1 177799 250
2 177799 250
2 178660 250
3 178660 250
2 178783 250
3 178783 250
2 179152 250
3 179152 250
2 179274 250
3 179274 250
2 179643 250
3 179643 250
2 179766 250
3 179766 250
0 180627 250
2 180627 250
0 180750 250
2 180750 250
0 181119 250
2 181119 250
0 181242 250
2 181242 250
0 181611 250
2 181611 250
0 181733 250
2 181733 250
0 182594 250
1 182594 250
2 182594 874
0 182717 250
1 182717 250
0 183086 250
1 183086 250
0 183209 250
1 183209 250
0 183578 250
1 183578 250
0 183701 250
1 183701 250
1 210871 250
1 211117 250
1 211363 250
1 211609 250
1 211855 250
1 212100 250
1 212346 250
2 212592 250
5 212592 250
3 212838 250
3 213084 250
3 213330 250
3 213576 250
3 213822 250
3 214068 250
3 214314 250
2 214559 250
5 214559 250
2 214805 250
2 215051 250
2 215297 250
2 215543 250
2 215789 250
2 216035 250
2 216281 250
1 216527 250
5 216527 250
0 216773 250
0 217018 250
0 217264 250
0 217510 250
0 217756 250
0 218002 250
0 218248 250
0 218494 250
1 218740 250
2 218740 922
1 218986 250
1 219232 250
1 219477 250
1 219723 250
1 219969 250
1 220215 250
2 220461 250
5 220461 250
3 220707 250
3 220953 250
3 221199 250
3 221445 250
3 221691 250
3 221937 250
3 222182 250
2 222428 250
5 222428 250
2 222674 250
2 222920 250
2 223166 250
2 223412 250
2 223658 250
2 223904 250
2 224150 250
1 224396 250
5 224396 250
0 224641 250
0 224887 250
0 225133 250
0 225379 250
0 225625 250
0 225871 250
0 226117 250
0 226363 250
1 226855 250
2 226855 250
1 226977 250
2 226977 250
1 227346 250
2 227346 250
1 227469 250
2 227469 250
1 227838 250
2 227838 250
1 227961 250
2 227961 250
2 228822 250
3 228822 250
2 228945 250
3 228945 250
2 229314 250
3 229314 250
2 229437 250
3 229437 250
2 229805 298
3 229805 250
2 229928 250
3 229928 250
0 230789 250
2 230789 250
0 230912 250
2 230912 250
0 231281 250
2 231281 250
0 231404 250
2 231404 250
0 231773 250
2 231773 250
0 231896 250
2 231896 250
0 232756 250
1 232756 250
0 232879 250
1 232879 250
0 233248 250
1 233248 250
0 233371 250
1 233371 250
0 233740 250
1 233740 250
0 233863 250
1 233863 250
1 234723 250
2 234723 250
1 234846 250
2 234846 250
1 235215 250
2 235215 250
1 235338 250
2 235338 250
1 235707 250
2 235707 250
1 235830 250
2 235830 250
2 236691 250
3 236691 250
2 236814 250
3 236814 250
2 237182 250
3 237182 250
2 237305 250
3 237305 250
2 237674 250
3 237674 250
2 237797 250
3 237797 250
0 238658 250
2 238658 250
0 238781 250
2 238781 250
0 239150 250
2 239150 250
0 239273 250
2 239273 250
0 239641 250
2 239641 250
0 239764 250
2 239764 250
0 240625 250
1 240625 250
2 240625 826
0 240748 250
1 240748 250
0 241117 250
1 241117 250
0 241240 250
1 241240 250
0 241609 250
1 241609 250
0 241732 250
1 241732 250
1 242592 250
2 242592 250
1 242715 250
2 242715 250
1 243084 250
2 243084 250
1 243207 250
2 243207 250
1 243576 250
2 243576 250
1 243699 250
2 243699 250
2 244559 250
3 244559 250
2 244682 250
3 244682 250
2 245051 250
3 245051 250
2 245174 250
3 245174 250
2 245543 250
3 245543 250
2 245666 250
3 245666 250
0 246527 250
2 246527 250
0 246650 250
2 246650 250
0 247018 250
2 247018 250
0 247141 250
2 247141 250
0 247510 250
2 247510 250
0 247633 250
2 247633 250
0 248494 250
1 248494 250
0 248617 250
1 248617 250
0 248986 250
1 248986 250
0 249109 250
1 249109 250
0 249477 250
1 249477 250
0 249600 250
1 249600 250
1 250461 250
2 250461 250
1 250584 250
2 250584 250
1 250953 250
2 250953 250
1 251076 250
2 251076 250
1 251445 250
2 251445 250
1 251568 250
2 251568 250
2 252428 250
3 252428 250
2 252551 250
3 252551 250
2 252920 250
3 252920 250
2 253043 250
3 253043 250
2 253412 250
3 253412 250
2 253535 250
3 253535 250
0 254396 250
2 254396 250
0 254518 250
2 254518 250
0 254887 250
2 254887 250
0 255010 250
2 255010 250
0 255379 250
2 255379 250
0 255502 250
2 255502 250
