0 4681 250
0 5793 250
2 6904 250
2 8015 250
1 9126 250
1 10237 250
7 11348 250
7 12459 250
0 13570 250
0 14681 250
2 15793 250
2 16904 250
1 18015 250
1 19126 250
7 20237 250
2 21070 1402
7 21348 250
7 22459 250
7 23570 826
0 26938 250
0 27430 250
0 27922 250
0 28414 250
2 28906 250
2 29397 250
2 29889 250
2 30381 250
1 30873 250
1 31365 250
1 31856 250
1 32348 250
7 32840 250
7 33332 250
7 33824 250
7 34315 250
0 34807 250
1 34807 250
0 35299 250
1 35299 250
0 35791 250
1 35791 250
0 36283 250
1 36283 250
1 36774 250
2 36774 250
1 37266 250
2 37266 250
1 37758 250
2 37758 250
1 38250 250
2 38250 250
0 38742 250
2 38742 250
0 39233 250
2 39233 250
0 39725 250
2 39725 250
0 40217 250
2 40217 250
7 40709 250
2 40709 1018
7 41201 250
7 41692 250
7 42184 250
0 42676 250
0 43168 250
0 43660 250
0 44152 250
2 44643 250
2 45135 250
2 45627 250
2 46119 250
1 46611 250
1 47102 250
1 47594 250
1 48086 250
7 48578 250
7 49070 250
7 49561 250
7 50053 250
0 50545 250
0 51037 250
0 51529 250
0 52020 250
2 52512 250
2 53004 250
2 53496 250
2 53988 250
1 54479 250
1 54971 250
1 55463 250
1 55955 250
7 56447 250
7 56938 250
7 57430 250
7 57922 250
0 58414 250
2 58414 1018
0 58906 250
0 59397 250
0 59889 250
2 60381 250
2 60873 250
2 61365 250
2 61856 250
1 62348 250
1 62840 250
1 63332 250
1 63824 250
7 64315 250
7 64807 250
7 65299 250
7 65791 250
0 66283 250
0 66774 250
0 67266 250
0 67758 250
2 68250 250
2 68742 250
2 69233 250
2 69725 250
1 70217 250
1 70709 250
1 71201 250
1 71692 250
7 72184 250
7 72676 250
7 73168 250
7 73660 250
7 74152 250
7 74643 250
7 75135 250
7 75627 250
7 76119 250
7 76611 250
7 77102 250
2 77102 826
7 77594 250
7 78086 826
0 82020 250
0 82512 250
0 83004 250
0 83496 250
2 83988 250
2 84479 250
2 84971 250
2 85463 250
1 85955 250
1 86447 250
1 86938 250
1 87430 250
7 87922 250
7 88414 250
7 88906 250
7 89397 250
0 89889 250
0 90381 250
0 90873 250
0 91365 250
2 91856 250
2 92348 250
2 92840 250
2 93332 250
1 93824 250
2 93824 1018
1 94315 250
1 94807 250
1 95299 250
7 95791 250
7 96283 250
7 96774 250
7 97266 250
0 97758 250
1 97758 250
0 98250 250
1 98250 250
0 98742 250
1 98742 250
0 99233 250
1 99233 250
1 99725 250
2 99725 250
1 100217 250
2 100217 250
1 100709 250
2 100709 250
1 101201 250
2 101201 250
0 101692 250
2 101692 250
0 102184 250
2 102184 250
0 102676 250
2 102676 250
0 103168 250
2 103168 250
7 103660 250
7 104152 250
7 104643 250
7 105135 250
0 105627 250
1 105627 250
0 106119 250
1 106119 250
0 106611 250
1 106611 250
0 107102 250
1 107102 250
1 107594 250
2 107594 250
1 108086 250
2 108086 250
1 108578 250
2 108578 250
1 109070 250
2 109070 250
0 109561 250
2 109561 250
0 110053 250
2 110053 250
0 110545 250
2 110545 250
0 111037 250
2 111037 250
7 111529 250
7 112020 250
7 112512 250
7 113004 250
0 113496 250
1 113496 250
2 113496 1018
0 113988 250
1 113988 250
0 114479 250
1 114479 250
0 114971 250
1 114971 250
1 115463 250
2 115463 250
1 115955 250
2 115955 250
1 116447 250
2 116447 250
1 116938 250
2 116938 250
0 117430 250
2 117430 250
0 117922 250
2 117922 250
0 118414 250
2 118414 250
0 118906 250
2 118906 250
7 119397 250
7 119889 250
7 120381 250
7 120873 250
0 121365 250
0 121856 250
0 122348 250
0 122840 250
2 123332 250
2 123824 250
2 124315 250
2 124807 250
1 125299 250
1 125791 250
1 126283 250
1 126774 250
7 127266 250
7 127758 250
0 129233 250
0 129725 250
0 130217 250
0 130709 250
2 131201 250
2 131692 250
2 132184 250
2 132676 250
1 133168 250
1 133660 250
1 134152 250
1 134643 250
7 135135 250
2 135135 1018
7 135627 250
7 136119 250
7 136611 250
0 137102 250
0 137594 250
0 138086 250
0 138578 250
2 139070 250
2 139561 250
2 140053 250
2 140545 250
1 141037 250
1 141529 250
1 142020 250
1 142512 250
7 143004 250
7 143496 250
7 143988 250
7 144479 250
7 144971 250
7 145463 250
7 145955 250
7 146447 250
7 146938 250
7 147430 250
7 147922 250
7 148414 250
7 148906 826
0 152840 250
0 153332 250
0 153824 250
0 154315 250
2 154807 250
2 154807 1018
2 155299 250
2 155791 250
2 156283 250
1 156774 250
1 157266 250
1 157758 250
1 158250 250
7 158742 250
7 159233 250
7 159725 250
7 160217 250
0 160709 250
0 161201 250
0 161692 250
0 162184 250
2 162676 250
2 163168 250
2 163660 250
2 164152 250
1 164643 250
1 165135 250
1 165627 250
1 166119 250
7 166611 250
7 167102 250
7 167594 250
7 168086 250
0 168578 250
1 168578 250
0 169070 250
1 169070 250
0 169561 250
1 169561 250
0 170053 250
1 170053 250
1 170545 250
2 170545 250
1 171037 250
2 171037 250
1 171529 250
2 171529 250
1 172020 250
2 172020 250
0 172512 250
2 172512 250
0 173004 250
2 173004 250
0 173496 250
2 173496 250
0 173988 250
2 173988 250
7 174479 250
7 174971 250
7 175463 250
7 175955 250
0 176447 250
1 176447 250
0 176938 250
1 176938 250
0 177430 250
1 177430 250
0 177922 250
1 177922 250
1 178414 250
2 178414 250
1 178906 250
2 178906 250
1 179397 250
2 179397 250
1 179889 250
2 179889 250
0 180381 250
2 180381 250
2 180381 1018
0 180873 250
2 180873 250
0 181365 250
2 181365 250
0 181856 250
2 181856 250
7 182348 250
7 182840 250
7 183332 250
7 183824 250
0 210871 250
0 211363 250
0 211855 250
0 212346 250
2 212838 250
2 213330 250
2 213822 250
2 214314 250
1 214805 250
1 215297 250
1 215789 250
1 216281 250
7 216773 250
7 217264 250
7 217756 250
7 218248 250
0 218740 250
0 219232 250
0 219723 250
0 220215 250
2 220707 250
2 221199 250
2 221691 250
2 222182 250
1 222674 250
1 223166 250
1 223658 250
1 224150 250
7 224641 250
2 224641 1018
7 225133 250
7 225625 250
7 226117 250
0 226609 250
1 226609 250
0 227100 250
1 227100 250
0 227592 250
1 227592 250
0 228084 250
1 228084 250
1 228576 250
2 228576 250
1 229068 250
2 229068 250
1 229559 250
2 229559 250
1 230051 250
2 230051 250
0 230543 250
2 230543 250
0 231035 250
2 231035 250
0 231527 250
2 231527 250
0 232018 250
2 232018 250
7 232510 250
7 233002 250
7 233494 250
7 233986 250
0 234477 250
1 234477 250
0 234969 250
1 234969 250
0 235461 250
1 235461 250
0 235953 250
1 235953 250
1 236445 250
2 236445 250
1 236937 250
2 236937 250
1 237428 250
2 237428 250
1 237920 250
2 237920 250
0 238412 250
2 238412 250
0 238904 250
2 238904 250
0 239396 250
2 239396 250
0 239887 250
2 239887 250
7 240379 250
7 240871 250
7 241363 250
7 241855 250
0 242346 250
1 242346 250
2 242346 1018
0 242838 250
1 242838 250
0 243330 250
1 243330 250
0 243822 250
1 243822 250
1 244314 250
2 244314 250
1 244805 250
2 244805 250
1 245297 250
2 245297 250
1 245789 250
2 245789 250
0 246281 250
2 246281 250
0 246773 250
2 246773 250
0 247264 250
2 247264 250
0 247756 250
2 247756 250
7 248248 250
7 248740 250
7 249232 250
7 249723 250
0 250215 250
1 250215 250
0 250707 250
1 250707 250
0 251199 250
1 251199 250
0 251691 250
1 251691 250
1 252182 250
2 252182 250
1 252674 250
2 252674 250
1 253166 250
2 253166 250
1 253658 250
2 253658 250
0 254150 250
2 254150 250
0 254641 250
2 254641 250
0 255133 250
2 255133 250
0 255625 250
2 255625 250
