2 5089 334
3 5089 334
4 5089 334
2 5454 250
3 5454 250
4 5454 250
2 5637 250
3 5637 250
4 5637 250
2 5820 334
3 5820 334
4 5820 334
2 6186 334
3 6186 334
4 6186 334
1 6552 334
2 6552 334
4 6552 334
1 6918 250
2 6918 250
4 6918 250
1 7101 250
2 7101 250
4 7101 250
1 7284 334
2 7284 334
4 7284 334
1 7650 334
2 7650 334
4 7650 334
0 8015 334
2 8015 334
3 8015 334
0 8381 250
2 8381 250
3 8381 250
0 8564 250
2 8564 250
3 8564 250
0 8747 334
2 8747 334
3 8747 334
0 9113 334
2 9113 334
3 9113 334
0 9479 334
1 9479 334
3 9479 334
0 9845 250
1 9845 250
3 9845 250
0 10028 250
1 10028 250
3 10028 250
0 10211 334
1 10211 334
3 10211 334
0 10576 334
1 10576 334
3 10576 334
2 10942 334
3 10942 334
4 10942 334
2 10942 1798
2 11308 250
3 11308 250
4 11308 250
2 11491 250
3 11491 250
4 11491 250
2 11674 334
3 11674 334
4 11674 334
2 12040 334
3 12040 334
4 12040 334
1 12406 334
2 12406 334
4 12406 334
1 12772 250
2 12772 250
4 12772 250
1 12954 250
2 12954 250
4 12954 250
1 13137 334
2 13137 334
4 13137 334
1 13503 334
2 13503 334
4 13503 334
0 13869 334
2 13869 334
3 13869 334
0 14235 250
2 14235 250
3 14235 250
0 14418 250
2 14418 250
3 14418 250
0 14601 334
2 14601 334
3 14601 334
0 14967 334
2 14967 334
3 14967 334
0 15332 334
1 15332 334
2 15332 334
0 15698 250
1 15698 250
2 15698 250
0 15881 250
1 15881 250
2 15881 250
0 16064 334
1 16064 334
2 16064 334
0 16430 334
1 16430 334
2 16430 334
2 16796 334
3 16796 334
4 16796 334
2 17162 250
3 17162 250
4 17162 250
2 17345 250
3 17345 250
4 17345 250
2 17528 334
3 17528 334
4 17528 334
2 17893 334
3 17893 334
4 17893 334
1 18259 334
2 18259 334
4 18259 334
1 18625 250
2 18625 250
4 18625 250
1 18808 250
2 18808 250
4 18808 250
1 18991 334
2 18991 334
4 18991 334
1 19357 334
2 19357 334
4 19357 334
0 19723 334
2 19723 334
3 19723 334
0 20089 250
2 20089 250
3 20089 250
0 20272 250
2 20272 250
3 20272 250
0 20454 334
2 20454 334
3 20454 334
0 20820 334
2 20820 334
3 20820 334
0 21186 334
1 21186 334
3 21186 334
0 21552 250
1 21552 250
3 21552 250
0 21735 250
1 21735 250
3 21735 250
0 21918 334
1 21918 334
3 21918 334
0 22284 334
1 22284 334
3 22284 334
2 22650 334
3 22650 334
4 22650 334
2 23015 250
3 23015 250
4 23015 250
2 23198 250
3 23198 250
4 23198 250
2 23381 334
3 23381 334
4 23381 334
2 23747 334
3 23747 334
4 23747 334
1 24113 334
2 24113 334
4 24113 334
1 24479 250
2 24479 250
4 24479 250
1 24662 250
2 24662 250
4 24662 250
1 24845 334
2 24845 334
4 24845 334
1 25211 334
2 25211 334
4 25211 334
0 25576 334
2 25576 334
3 25576 334
0 25942 250
2 25942 250
3 25942 250
0 26125 250
2 26125 250
3 26125 250
0 26308 334
2 26308 334
3 26308 334
0 26674 334
2 26674 334
3 26674 334
0 27040 334
1 27040 334
2 27040 334
0 27406 250
1 27406 250
2 27406 250
0 27589 250
1 27589 250
2 27589 250
0 27772 334
1 27772 334
2 27772 334
0 28137 334
1 28137 334
2 28137 334
2 28503 334
3 28503 334
4 28503 334
2 28869 250
3 28869 250
4 28869 250
2 29052 250
3 29052 250
4 29052 250
2 29235 334
3 29235 334
4 29235 334
2 29601 334
3 29601 334
4 29601 334
1 29967 334
2 29967 334
4 29967 334
1 30332 250
2 30332 250
4 30332 250
1 30515 250
2 30515 250
4 30515 250
1 30698 334
2 30698 334
4 30698 334
1 31064 334
2 31064 334
4 31064 334
0 31430 334
2 31430 334
3 31430 334
2 31430 2566
0 31796 250
2 31796 250
3 31796 250
0 31979 250
2 31979 250
3 31979 250
0 32162 334
2 32162 334
3 32162 334
0 32528 334
2 32528 334
3 32528 334
0 32893 334
1 32893 334
3 32893 334
0 33259 250
1 33259 250
3 33259 250
0 33442 250
1 33442 250
3 33442 250
0 33625 334
1 33625 334
3 33625 334
0 33991 334
1 33991 334
3 33991 334
2 34357 334
3 34357 334
4 34357 334
2 34723 250
3 34723 250
4 34723 250
2 34906 250
3 34906 250
4 34906 250
2 35089 334
3 35089 334
4 35089 334
2 35454 334
3 35454 334
4 35454 334
1 35820 334
2 35820 334
4 35820 334
1 36186 250
2 36186 250
4 36186 250
1 36369 250
2 36369 250
4 36369 250
1 36552 334
2 36552 334
4 36552 334
1 36918 334
2 36918 334
4 36918 334
0 37284 334
2 37284 334
3 37284 334
0 37650 250
2 37650 250
3 37650 250
0 37832 250
2 37832 250
3 37832 250
0 38015 334
2 38015 334
3 38015 334
0 38381 334
2 38381 334
3 38381 334
3 38747 250
4 38747 250
3 39113 250
4 39113 250
2 39296 250
3 39296 250
3 39479 250
4 39479 250
2 39662 250
3 39662 250
3 39845 250
4 39845 250
2 40028 250
3 40028 250
2 40211 334
4 40211 334
2 40576 250
4 40576 250
2 40759 250
4 40759 250
2 40942 334
4 40942 334
2 41308 334
4 41308 334
1 41674 334
4 41674 334
1 42040 250
4 42040 250
1 42223 250
4 42223 250
1 42406 334
4 42406 334
1 42772 334
4 42772 334
0 43137 334
3 43137 334
0 43503 250
3 43503 250
0 43686 250
3 43686 250
0 43869 334
3 43869 334
0 44235 334
3 44235 334
0 44601 334
2 44601 334
0 44967 250
2 44967 250
0 45150 250
2 45150 250
0 45332 334
2 45332 334
0 45698 334
2 45698 334
2 46064 334
4 46064 334
2 46430 250
4 46430 250
2 46613 250
4 46613 250
2 46796 334
4 46796 334
2 47162 334
4 47162 334
1 47528 334
4 47528 334
1 47893 250
4 47893 250
1 48076 250
4 48076 250
1 48259 334
4 48259 334
1 48625 334
4 48625 334
0 48991 334
3 48991 334
0 49357 250
3 49357 250
0 49540 250
3 49540 250
0 49723 334
3 49723 334
0 50089 334
3 50089 334
0 50454 334
1 50454 334
0 50820 250
1 50820 250
0 51003 250
1 51003 250
0 51186 334
1 51186 334
0 51552 334
1 51552 334
2 51918 334
4 51918 334
2 52284 250
4 52284 250
2 52467 250
4 52467 250
2 52650 334
4 52650 334
2 53015 334
4 53015 334
1 53381 334
4 53381 334
1 53747 250
4 53747 250
1 53930 250
4 53930 250
1 54113 334
4 54113 334
1 54479 334
4 54479 334
0 54845 334
3 54845 334
2 54845 1030
0 55211 250
3 55211 250
0 55393 250
3 55393 250
0 55576 334
3 55576 334
0 55942 334
3 55942 334
0 56308 334
2 56308 334
0 56674 250
2 56674 250
0 56857 250
2 56857 250
0 57040 334
2 57040 334
0 57406 334
2 57406 334
2 57772 334
4 57772 334
2 58137 250
4 58137 250
2 58320 250
4 58320 250
2 58503 334
4 58503 334
2 58869 334
4 58869 334
1 59235 334
4 59235 334
1 59601 250
4 59601 250
1 59784 250
4 59784 250
1 59967 334
4 59967 334
1 60332 334
4 60332 334
0 60698 334
3 60698 334
0 61064 250
3 61064 250
0 61247 250
3 61247 250
0 61430 334
3 61430 334
0 61796 334
3 61796 334
0 63625 250
6 63625 250
1 63808 250
6 63808 250
0 63991 250
6 63991 250
2 64174 250
6 64174 250
3 64357 250
6 64357 250
2 64540 250
6 64540 250
1 64723 250
6 64723 250
2 64906 250
6 64906 250
0 65089 250
6 65089 250
1 65272 250
6 65272 250
0 65454 250
6 65454 250
2 65637 250
6 65637 250
3 65820 250
6 65820 250
2 66003 250
6 66003 250
1 66186 250
6 66186 250
2 66369 250
6 66369 250
0 66552 250
6 66552 250
1 66735 250
6 66735 250
0 66918 250
6 66918 250
2 67101 250
6 67101 250
3 67284 250
6 67284 250
2 67467 250
6 67467 250
1 67650 250
6 67650 250
2 67832 250
6 67832 250
0 68015 250
6 68015 250
1 68198 250
6 68198 250
0 68381 250
6 68381 250
2 68564 250
6 68564 250
4 68747 250
6 68747 250
3 68930 250
6 68930 250
2 69113 250
6 69113 250
1 69296 250
6 69296 250
0 69479 250
6 69479 250
1 69662 250
6 69662 250
0 69845 250
6 69845 250
2 70028 250
6 70028 250
3 70211 250
6 70211 250
2 70393 250
6 70393 250
1 70576 250
6 70576 250
2 70759 250
6 70759 250
0 70942 250
6 70942 250
1 71125 250
6 71125 250
0 71308 250
6 71308 250
2 71491 250
6 71491 250
3 71674 250
6 71674 250
2 71857 250
6 71857 250
1 72040 250
6 72040 250
2 72223 250
6 72223 250
0 72406 250
6 72406 250
2 72406 1030
1 72589 250
6 72589 250
0 72772 250
6 72772 250
2 72954 250
6 72954 250
3 73137 250
6 73137 250
2 73320 250
6 73320 250
1 73503 250
6 73503 250
2 73686 250
6 73686 250
2 75332 334
3 75332 334
4 75332 334
2 75698 250
3 75698 250
4 75698 250
2 75881 250
3 75881 250
4 75881 250
2 76064 334
3 76064 334
4 76064 334
2 76430 334
3 76430 334
4 76430 334
1 76796 334
2 76796 334
4 76796 334
1 77162 250
2 77162 250
4 77162 250
1 77345 250
2 77345 250
4 77345 250
1 77528 334
2 77528 334
4 77528 334
1 77893 334
2 77893 334
4 77893 334
0 78259 334
2 78259 334
3 78259 334
0 78625 250
2 78625 250
3 78625 250
0 78808 250
2 78808 250
3 78808 250
0 78991 334
2 78991 334
3 78991 334
0 79357 334
2 79357 334
3 79357 334
0 79723 334
1 79723 334
3 79723 334
0 80089 250
1 80089 250
3 80089 250
0 80272 250
1 80272 250
3 80272 250
0 80454 334
1 80454 334
3 80454 334
0 80820 334
1 80820 334
3 80820 334
2 81186 334
3 81186 334
4 81186 334
2 81552 250
3 81552 250
4 81552 250
2 81735 250
3 81735 250
4 81735 250
2 81918 334
3 81918 334
4 81918 334
2 82284 334
3 82284 334
4 82284 334
1 82650 334
2 82650 334
4 82650 334
1 83015 250
2 83015 250
4 83015 250
1 83198 250
2 83198 250
4 83198 250
1 83381 334
2 83381 334
4 83381 334
1 83747 334
2 83747 334
4 83747 334
0 84113 334
2 84113 334
3 84113 334
0 84479 250
2 84479 250
3 84479 250
0 84662 250
2 84662 250
3 84662 250
0 84845 334
2 84845 334
3 84845 334
0 85211 334
2 85211 334
3 85211 334
0 85576 334
1 85576 334
2 85576 334
0 85942 250
1 85942 250
2 85942 250
0 86125 250
1 86125 250
2 86125 250
0 86308 334
1 86308 334
2 86308 334
0 86674 334
1 86674 334
2 86674 334
2 87040 334
3 87040 334
4 87040 334
2 87406 250
3 87406 250
4 87406 250
2 87589 250
3 87589 250
4 87589 250
2 87772 334
3 87772 334
4 87772 334
2 88137 334
3 88137 334
4 88137 334
1 88503 334
2 88503 334
4 88503 334
1 88869 250
2 88869 250
4 88869 250
1 89052 250
2 89052 250
4 89052 250
1 89235 334
2 89235 334
4 89235 334
1 89601 334
2 89601 334
4 89601 334
0 89967 334
2 89967 334
3 89967 334
0 90332 250
2 90332 250
3 90332 250
0 90515 250
2 90515 250
3 90515 250
0 90698 334
2 90698 334
3 90698 334
0 91064 334
2 91064 334
3 91064 334
0 91430 334
1 91430 334
3 91430 334
0 91796 250
1 91796 250
3 91796 250
0 91979 250
1 91979 250
3 91979 250
0 92162 334
1 92162 334
3 92162 334
0 92528 334
1 92528 334
3 92528 334
2 92893 334
3 92893 334
4 92893 334
2 93259 250
3 93259 250
4 93259 250
2 93442 250
3 93442 250
4 93442 250
2 93625 334
3 93625 334
4 93625 334
2 93991 334
3 93991 334
4 93991 334
1 94357 334
2 94357 334
4 94357 334
1 94723 250
2 94723 250
4 94723 250
1 94906 250
2 94906 250
4 94906 250
1 95089 334
2 95089 334
4 95089 334
1 95454 334
2 95454 334
4 95454 334
0 95820 334
2 95820 334
3 95820 334
0 96186 250
2 96186 250
3 96186 250
0 96369 250
2 96369 250
3 96369 250
0 96552 334
2 96552 334
3 96552 334
0 96918 334
2 96918 334
3 96918 334
0 99845 250
0 100028 250
1 100211 334
5 100211 250
0 102040 250
1 102223 250
5 102223 250
2 102406 250
5 102406 250
3 102589 250
5 102589 250
4 102772 310
5 102772 250
2 103137 418
1 103869 430
2 104601 430
4 106064 250
4 106247 250
4 106430 250
3 106613 334
5 106613 250
3 106979 250
3 107162 250
3 107345 250
2 107528 250
5 107528 250
1 107711 250
5 107711 250
1 107893 334
1 108625 250
1 108808 250
1 108991 250
0 109174 250
5 109174 250
0 109357 334
2 110454 622
4 110454 622
2 110454 1414
1 111918 622
3 111918 622
1 113381 622
2 113381 622
0 114845 622
2 114845 622
2 116308 622
4 116308 622
1 117772 622
3 117772 622
1 119235 622
2 119235 622
0 122162 250
6 122162 250
1 122345 250
6 122345 250
0 122528 250
6 122528 250
2 122711 250
6 122711 250
3 122893 250
6 122893 250
2 123076 250
6 123076 250
1 123259 250
6 123259 250
2 123442 250
6 123442 250
0 123625 250
6 123625 250
1 123808 250
6 123808 250
0 123991 250
6 123991 250
2 124174 250
6 124174 250
3 124357 250
6 124357 250
2 124540 250
6 124540 250
1 124723 250
6 124723 250
2 124906 250
6 124906 250
0 125089 250
6 125089 250
2 125089 1030
1 125272 250
6 125272 250
0 125454 250
6 125454 250
2 125637 250
6 125637 250
3 125820 250
6 125820 250
2 126003 250
6 126003 250
1 126186 250
6 126186 250
2 126369 250
6 126369 250
0 126552 250
6 126552 250
1 126735 250
6 126735 250
0 126918 250
6 126918 250
2 127101 250
6 127101 250
4 127284 250
6 127284 250
3 127467 250
6 127467 250
2 127650 250
6 127650 250
1 127832 250
6 127832 250
0 128015 250
6 128015 250
1 128198 250
6 128198 250
0 128381 250
6 128381 250
2 128564 250
6 128564 250
3 128747 250
6 128747 250
2 128930 250
6 128930 250
1 129113 250
6 129113 250
2 129296 250
6 129296 250
0 129479 250
6 129479 250
1 129662 250
6 129662 250
0 129845 250
6 129845 250
2 130028 250
6 130028 250
3 130211 250
6 130211 250
2 130393 250
6 130393 250
1 130576 250
6 130576 250
2 130759 250
6 130759 250
0 130942 250
6 130942 250
1 131125 250
6 131125 250
0 131308 250
6 131308 250
2 131491 250
6 131491 250
3 131674 250
6 131674 250
2 131857 250
6 131857 250
1 132040 250
6 132040 250
2 132223 250
6 132223 250
0 132406 250
6 132406 250
1 132589 250
6 132589 250
0 132772 250
6 132772 250
2 132954 250
6 132954 250
4 133137 250
6 133137 250
3 133320 250
6 133320 250
2 133503 250
6 133503 250
1 133686 250
6 133686 250
0 133869 250
6 133869 250
1 134052 250
6 134052 250
0 134235 250
6 134235 250
2 134418 250
6 134418 250
3 134601 250
6 134601 250
2 134784 250
6 134784 250
1 134967 250
6 134967 250
2 135150 250
6 135150 250
0 135332 250
6 135332 250
1 135515 250
6 135515 250
0 135698 250
6 135698 250
2 135881 250
6 135881 250
3 136064 250
6 136064 250
2 136247 250
6 136247 250
1 136430 250
6 136430 250
2 136613 250
6 136613 250
0 136796 250
6 136796 250
1 136979 250
6 136979 250
0 137162 250
6 137162 250
2 137345 250
6 137345 250
3 137528 250
6 137528 250
2 137711 250
6 137711 250
1 137893 250
6 137893 250
2 138076 250
6 138076 250
0 138259 250
6 138259 250
1 138442 250
6 138442 250
0 138625 250
6 138625 250
2 138808 250
6 138808 250
4 138991 250
6 138991 250
3 139174 250
6 139174 250
2 139357 250
6 139357 250
1 139540 250
6 139540 250
0 139723 250
6 139723 250
1 139906 250
6 139906 250
0 140089 250
6 140089 250
2 140272 250
6 140272 250
3 140454 250
6 140454 250
2 140637 250
6 140637 250
1 140820 250
6 140820 250
2 141003 250
6 141003 250
0 141186 250
6 141186 250
1 141369 250
6 141369 250
0 141552 250
6 141552 250
2 141735 250
6 141735 250
3 141918 250
6 141918 250
2 142101 250
6 142101 250
1 142284 250
6 142284 250
2 142467 250
6 142467 250
0 142650 250
6 142650 250
1 142832 250
6 142832 250
0 143015 250
6 143015 250
2 143198 250
6 143198 250
3 143381 250
6 143381 250
2 143564 250
6 143564 250
1 143747 250
6 143747 250
2 143930 250
6 143930 250
0 144113 250
6 144113 250
1 144296 250
6 144296 250
0 144479 250
6 144479 250
2 144662 250
6 144662 250
7 157284 250
7 157650 250
7 158015 250
7 158381 250
7 158747 250
7 159113 250
7 159479 250
7 159845 250
7 160211 250
7 160576 250
7 160942 250
7 161308 250
7 161674 250
7 162040 250
7 162406 250
7 162772 250
7 163137 250
2 163137 1366
7 163503 250
7 163869 250
7 164235 250
7 164601 250
7 164967 250
7 165332 250
7 165698 250
7 166064 250
7 166247 250
7 166430 250
7 166613 250
7 166796 250
7 166979 250
7 167162 250
7 167345 250
2 168991 334
3 168991 334
4 168991 334
2 169357 250
3 169357 250
4 169357 250
2 169540 250
3 169540 250
4 169540 250
2 169723 334
3 169723 334
4 169723 334
2 170089 334
3 170089 334
4 170089 334
1 170454 334
2 170454 334
4 170454 334
1 170820 250
2 170820 250
4 170820 250
1 171003 250
2 171003 250
4 171003 250
0 171918 334
2 171918 334
3 171918 334
0 172284 250
2 172284 250
3 172284 250
0 172467 250
2 172467 250
3 172467 250
0 172650 334
2 172650 334
3 172650 334
0 173015 334
2 173015 334
3 173015 334
0 173381 334
1 173381 334
3 173381 334
0 173747 250
1 173747 250
3 173747 250
0 173930 250
1 173930 250
3 173930 250
2 174845 334
3 174845 334
4 174845 334
2 175211 250
3 175211 250
4 175211 250
2 175393 250
3 175393 250
4 175393 250
2 175576 334
3 175576 334
4 175576 334
2 175942 334
3 175942 334
4 175942 334
1 176308 334
2 176308 334
4 176308 334
1 176674 250
2 176674 250
4 176674 250
1 176857 250
2 176857 250
4 176857 250
0 177772 334
2 177772 334
3 177772 334
0 178137 250
2 178137 250
3 178137 250
0 178320 250
2 178320 250
3 178320 250
0 178503 334
2 178503 334
3 178503 334
0 178869 334
2 178869 334
3 178869 334
2 180698 334
3 180698 334
4 180698 334
2 181064 250
3 181064 250
4 181064 250
2 181247 250
3 181247 250
4 181247 250
2 181430 334
3 181430 334
4 181430 334
2 181796 334
3 181796 334
4 181796 334
1 182162 334
2 182162 334
4 182162 334
1 182528 250
2 182528 250
4 182528 250
1 182711 250
2 182711 250
4 182711 250
1 182893 334
2 182893 334
4 182893 334
1 183259 334
2 183259 334
4 183259 334
0 183625 334
2 183625 334
3 183625 334
0 183991 250
2 183991 250
3 183991 250
0 184174 250
2 184174 250
3 184174 250
0 184357 334
2 184357 334
3 184357 334
0 184723 334
2 184723 334
3 184723 334
0 185089 334
1 185089 334
3 185089 334
0 185454 250
1 185454 250
3 185454 250
0 185637 250
1 185637 250
3 185637 250
0 185820 334
1 185820 334
3 185820 334
0 186186 334
1 186186 334
3 186186 334
2 186552 334
3 186552 334
4 186552 334
2 186918 250
3 186918 250
4 186918 250
2 187101 250
3 187101 250
4 187101 250
2 187284 334
3 187284 334
4 187284 334
2 187650 334
3 187650 334
4 187650 334
1 188015 334
2 188015 334
4 188015 334
1 188381 250
2 188381 250
4 188381 250
1 188564 250
2 188564 250
4 188564 250
1 188747 334
2 188747 334
4 188747 334
1 189113 334
2 189113 334
4 189113 334
0 189479 334
2 189479 334
3 189479 334
0 189845 250
2 189845 250
3 189845 250
0 190028 250
2 190028 250
3 190028 250
0 190211 334
2 190211 334
3 190211 334
0 190576 334
2 190576 334
3 190576 334
0 190942 334
1 190942 334
2 190942 334
0 191308 250
1 191308 250
2 191308 250
0 191491 250
1 191491 250
2 191491 250
0 191674 334
1 191674 334
2 191674 334
0 192040 334
1 192040 334
2 192040 334
