3 5968 250
3 6761 250
4 7158 490
5 7158 250
3 7952 250
2 8349 650
5 8349 250
1 9539 650
2 10729 250
2 11523 250
2 11920 490
1 12714 250
0 13110 730
5 13110 250
3 15491 250
3 16285 250
4 16682 490
5 16682 250
3 17476 250
2 17872 650
5 17872 250
1 19063 650
2 20253 250
2 21047 250
2 21444 490
1 22238 250
0 22634 730
5 22634 250
3 25015 250
3 25809 250
4 26206 490
5 26206 250
3 26999 250
2 27396 650
5 27396 250
1 28587 650
2 29777 250
2 30571 250
2 30968 490
1 31761 250
0 32158 730
5 32158 250
3 34539 250
2 34539 3610
3 35333 250
4 35730 490
5 35730 250
3 36523 250
2 36920 650
5 36920 250
1 38111 650
2 39301 250
2 40095 250
2 40492 490
1 41285 250
0 41682 730
5 41682 250
3 44063 250
3 44857 250
4 45254 490
5 45254 250
3 46047 250
2 46444 650
5 46444 250
1 47635 650
2 48825 250
2 49619 250
2 50016 490
1 50809 250
0 51206 730
5 51206 250
3 53587 250
3 54381 250
4 54777 490
5 54777 250
3 55571 250
2 55968 650
5 55968 250
1 57158 650
2 58349 250
2 59143 250
2 59539 490
1 60333 250
0 60730 730
5 60730 250
3 63111 250
3 63905 250
4 64301 490
5 64301 250
3 65095 250
2 65492 650
5 65492 250
1 66682 650
2 67873 250
2 68666 250
2 69063 490
1 69857 250
0 70254 730
5 70254 250
3 72635 250
3 73428 250
4 73825 490
5 73825 250
3 74619 250
2 75016 650
5 75016 250
1 76206 730
3 82159 250
2 82159 3850
3 82952 250
4 83349 490
5 83349 250
3 84143 250
2 84540 650
5 84540 250
1 85730 650
2 86921 250
2 87714 250
2 88111 490
1 88905 250
0 89302 730
5 89302 250
0 91683 650
2 91683 650
0 92873 650
2 92873 650
0 94063 490
2 94063 490
0 94857 250
2 94857 250
0 95254 490
2 95254 490
1 96444 650
2 96444 650
1 97635 650
2 97635 650
1 98825 490
2 98825 490
1 99619 250
2 99619 250
1 100016 490
2 100016 490
2 101206 650
4 101206 650
2 102397 650
4 102397 650
2 103587 490
4 103587 490
2 104381 250
4 104381 250
2 104778 490
4 104778 490
1 105968 650
3 105968 650
1 107159 650
3 107159 650
1 108349 490
3 108349 490
1 109143 250
3 109143 250
1 109540 490
3 109540 490
0 110730 650
2 110730 650
0 111921 650
2 111921 650
0 113111 490
2 113111 490
0 113905 250
2 113905 250
0 114302 490
2 114302 490
1 115492 650
2 115492 650
1 116683 650
2 116683 650
1 117873 490
2 117873 490
1 118667 250
2 118667 250
1 119064 490
2 119064 490
2 120254 650
4 120254 650
2 121445 650
4 121445 650
2 122635 490
4 122635 490
2 123429 250
4 123429 250
2 123826 490
4 123826 490
1 125016 650
3 125016 650
1 126207 650
3 126207 650
1 127397 490
3 127397 490
1 128191 250
3 128191 250
1 128588 490
3 128588 490
0 129778 650
2 129778 650
0 130969 650
2 130969 650
0 132159 490
2 132159 490
0 132953 250
2 132953 250
0 133349 490
2 133349 490
1 134540 650
2 134540 650
1 135730 650
2 135730 650
1 136921 490
2 136921 490
1 137715 250
2 137715 250
1 138111 490
2 138111 490
2 139302 650
4 139302 650
2 139302 4090
2 140492 650
4 140492 650
2 141683 490
4 141683 490
2 142477 250
4 142477 250
2 142873 490
4 142873 490
1 144064 650
3 144064 650
1 145254 650
3 145254 650
1 146445 490
3 146445 490
1 147238 250
3 147238 250
1 147635 490
3 147635 490
0 148826 650
2 148826 650
0 150016 650
2 150016 650
0 151207 490
2 151207 490
0 152000 250
2 152000 250
0 152397 490
2 152397 490
1 153588 650
2 153588 650
1 154778 650
2 154778 650
1 155969 490
2 155969 490
1 156762 250
2 156762 250
1 157159 490
2 157159 490
2 158350 650
4 158350 650
2 159540 650
4 159540 650
2 160731 490
4 160731 490
2 161524 250
4 161524 250
2 161921 490
4 161921 490
1 163112 650
3 163112 650
1 164302 650
3 164302 650
1 165493 490
3 165493 490
1 166286 250
3 166286 250
1 166683 490
3 166683 490
0 167477 250
5 167477 250
3 177397 250
3 178191 250
4 178588 490
5 178588 250
3 179382 250
2 179778 650
5 179778 250
1 180969 650
2 182159 250
2 182953 250
2 183350 490
1 184144 250
0 184540 730
5 184540 250
3 186921 250
3 187715 250
4 188112 490
5 188112 250
3 188905 250
2 189302 650
5 189302 250
1 190493 650
2 191683 250
2 192477 250
2 192874 490
1 193667 250
0 194064 730
5 194064 250
3 196445 250
3 197239 250
4 197636 490
5 197636 250
3 198429 250
2 198826 650
5 198826 250
1 200017 650
2 201207 250
2 202001 250
2 202398 490
1 203191 250
0 203588 730
5 203588 250
3 205969 250
2 205969 3610
3 206763 250
4 207160 490
5 207160 250
3 207953 250
2 208350 650
5 208350 250
1 209541 650
2 210731 250
2 211525 250
2 211922 490
1 212715 250
0 213112 730
5 213112 250
3 215493 250
3 216287 250
4 216683 490
5 216683 250
3 217477 250
2 217874 650
5 217874 250
1 219064 730
3 225017 250
3 225811 250
4 226207 490
5 226207 250
3 227001 250
2 227398 650
5 227398 250
1 228588 650
2 229779 250
2 230572 250
2 230969 490
1 231763 250
0 232160 730
5 232160 250
0 234541 650
2 234541 650
0 235731 650
2 235731 650
0 236922 490
2 236922 490
0 237715 250
2 237715 250
0 238112 490
2 238112 490
1 239303 650
2 239303 650
1 240493 650
2 240493 650
1 241684 490
2 241684 490
1 242477 250
2 242477 250
1 242874 490
2 242874 490
2 244065 650
4 244065 650
2 245255 650
4 245255 650
2 246446 490
4 246446 490
2 247239 250
4 247239 250
2 247636 490
4 247636 490
1 248827 650
3 248827 650
1 250017 650
3 250017 650
1 251208 490
3 251208 490
1 252001 250
3 252001 250
1 252398 490
3 252398 490
0 253589 650
2 253589 650
0 254779 650
2 254779 650
0 255970 490
2 255970 490
0 256763 250
2 256763 250
0 257160 490
2 257160 490
1 258350 650
2 258350 650
1 259541 650
2 259541 650
1 260731 490
2 260731 490
1 261525 250
2 261525 250
1 261922 490
2 261922 490
2 263112 650
4 263112 650
2 264303 650
4 264303 650
2 265493 490
4 265493 490
2 266287 250
4 266287 250
2 266684 490
4 266684 490
1 267874 650
3 267874 650
1 269065 650
3 269065 650
1 270255 490
3 270255 490
1 271049 250
3 271049 250
1 271446 490
3 271446 490
0 272636 650
2 272636 650
0 273827 650
2 273827 650
0 275017 490
2 275017 490
0 275811 250
2 275811 250
0 276208 490
2 276208 490
1 277398 650
2 277398 650
1 278589 650
2 278589 650
1 279779 490
2 279779 490
1 280573 250
2 280573 250
1 280970 490
2 280970 490
2 282160 650
4 282160 650
2 282160 4090
2 283351 650
4 283351 650
2 284541 490
4 284541 490
2 285335 250
4 285335 250
2 285732 490
4 285732 490
1 286922 650
3 286922 650
1 288113 650
3 288113 650
1 289303 490
3 289303 490
1 290097 250
3 290097 250
1 290494 490
3 290494 490
0 291684 650
2 291684 650
0 292875 650
2 292875 650
0 294065 490
2 294065 490
0 294859 250
2 294859 250
0 295256 490
2 295256 490
1 296446 650
2 296446 650
1 297637 650
2 297637 650
1 298827 490
2 298827 490
1 299621 250
2 299621 250
1 300017 490
2 300017 490
2 301208 650
4 301208 650
2 302398 650
4 302398 650
2 303589 490
4 303589 490
2 304383 250
4 304383 250
2 304779 490
4 304779 490
1 305970 650
3 305970 650
1 307160 650
3 307160 650
1 308351 490
3 308351 490
1 309145 250
3 309145 250
1 309541 490
3 309541 490
1 310732 250
1 311129 250
1 311526 250
1 311922 250
1 312319 250
1 312716 250
1 313113 250
1 313510 250
1 313906 250
1 314303 250
2 314700 250
3 315097 250
4 315494 250
4 315891 250
4 316287 250
4 316684 250
4 317081 250
4 317478 250
4 317875 250
4 318272 250
4 318668 250
4 319065 250
3 319462 250
0 320256 250
0 321446 250
0 322637 250
0 324621 250
0 325018 250
0 326208 250
0 327399 250
0 329383 250
0 329780 250
0 330970 250
0 332161 250
0 334145 250
0 334542 250
0 335732 250
0 336923 250
0 338907 250
0 339304 250
0 340494 250
3 341684 250
6 341684 250
3 342478 250
6 342478 250
3 343272 250
6 343272 250
0 344065 250
0 345256 250
3 346446 250
6 346446 250
3 347240 250
6 347240 250
3 348034 250
6 348034 250
0 348827 250
0 350018 250
3 351208 250
6 351208 250
3 352002 250
6 352002 250
3 352796 250
6 352796 250
0 353589 250
2 353589 3850
0 354780 250
3 355970 250
6 355970 250
3 356764 250
6 356764 250
3 357558 250
6 357558 250
0 358351 250
0 359542 250
0 360732 250
0 366685 250
0 367478 250
2 367875 250
4 367875 250
2 368470 250
4 368470 250
2 369066 250
4 369066 250
2 369661 250
4 369661 250
2 370256 250
4 370256 250
2 370851 250
4 370851 250
2 371447 250
4 371447 250
2 372042 250
4 372042 250
2 372637 250
3 372637 250
2 373232 250
3 373232 250
2 373828 250
3 373828 250
2 374423 250
3 374423 250
2 375018 250
3 375018 250
2 375613 250
3 375613 250
2 376209 250
3 376209 250
2 376804 250
3 376804 250
1 377399 250
3 377399 250
1 377994 250
3 377994 250
1 378590 250
3 378590 250
1 379185 250
3 379185 250
1 379780 250
3 379780 250
1 380375 250
3 380375 250
1 380971 250
3 380971 250
1 381566 250
3 381566 250
1 382161 250
3 382161 250
1 382756 250
3 382756 250
1 383351 250
3 383351 250
1 383947 250
3 383947 250
1 384542 250
3 384542 250
1 385137 250
3 385137 250
1 385732 250
3 385732 250
1 386328 250
3 386328 250
2 386923 250
4 386923 250
2 387518 250
4 387518 250
2 388113 250
4 388113 250
2 388709 250
4 388709 250
2 389304 250
4 389304 250
2 389899 250
4 389899 250
2 390494 250
4 390494 250
2 391090 250
4 391090 250
2 391685 250
3 391685 250
2 392280 250
3 392280 250
2 392875 250
3 392875 250
2 393471 250
3 393471 250
2 394066 250
3 394066 250
2 394661 250
3 394661 250
2 395256 250
3 395256 250
2 395852 250
3 395852 250
1 396447 250
3 396447 250
1 397042 250
3 397042 250
1 397637 250
3 397637 250
1 398233 250
3 398233 250
1 398828 250
3 398828 250
1 399423 250
3 399423 250
1 400018 250
3 400018 250
1 400614 250
3 400614 250
1 401209 250
3 401209 250
1 401804 250
3 401804 250
1 402399 250
3 402399 250
1 402994 250
3 402994 250
1 403590 250
3 403590 250
1 404185 250
3 404185 250
1 404780 250
3 404780 250
1 405375 250
3 405375 250
2 405971 250
4 405971 250
2 406566 250
4 406566 250
2 407161 250
4 407161 250
2 407756 250
4 407756 250
2 408352 250
4 408352 250
2 408947 250
4 408947 250
2 409542 250
4 409542 250
2 410137 250
4 410137 250
2 410733 250
3 410733 250
2 411328 250
3 411328 250
2 411923 250
3 411923 250
2 412518 250
3 412518 250
2 413114 250
3 413114 250
2 413709 250
3 413709 250
2 414304 250
3 414304 250
2 414899 250
3 414899 250
1 415495 250
3 415495 250
2 415495 4090
1 416090 250
3 416090 250
1 416685 250
3 416685 250
1 417280 250
3 417280 250
1 417876 250
3 417876 250
1 418471 250
3 418471 250
1 419066 250
3 419066 250
1 419661 250
3 419661 250
1 420257 250
3 420257 250
1 420852 250
3 420852 250
1 421447 250
3 421447 250
1 422042 250
3 422042 250
1 422638 250
3 422638 250
1 423233 250
3 423233 250
1 423828 250
3 423828 250
1 424423 250
3 424423 250
2 425018 250
4 425018 250
2 425614 250
4 425614 250
2 426209 250
4 426209 250
2 426804 250
4 426804 250
2 427399 250
4 427399 250
2 427995 250
4 427995 250
2 428590 250
4 428590 250
2 429185 250
4 429185 250
2 429780 250
3 429780 250
2 430376 250
3 430376 250
2 430971 250
3 430971 250
2 431566 250
3 431566 250
2 432161 250
3 432161 250
2 432757 250
3 432757 250
2 433352 250
3 433352 250
2 433947 250
3 433947 250
1 434542 250
3 434542 250
1 435138 250
3 435138 250
1 435733 250
3 435733 250
1 436328 250
3 436328 250
1 436923 250
3 436923 250
1 437519 250
3 437519 250
1 438114 250
3 438114 250
1 438709 250
3 438709 250
1 439304 250
3 439304 250
1 439900 250
3 439900 250
1 440495 250
3 440495 250
1 441090 250
3 441090 250
1 441685 250
3 441685 250
1 442281 250
3 442281 250
1 442876 250
1 443471 250
3 444066 250
4 444066 250
3 444661 250
4 444661 250
3 445257 250
4 445257 250
3 445852 250
4 445852 250
3 446447 250
4 446447 250
3 447042 250
4 447042 250
3 447638 250
4 447638 250
3 448233 250
4 448233 250
3 448828 250
4 448828 250
3 449423 250
4 449423 250
3 450019 250
4 450019 250
3 450614 250
4 450614 250
3 451209 250
4 451209 250
3 451804 250
4 451804 250
3 452400 250
4 452400 250
3 452995 250
4 452995 250
3 453590 250
4 453590 250
3 454185 250
4 454185 250
3 454781 250
4 454781 250
3 455376 250
4 455376 250
3 455971 250
4 455971 250
3 456566 250
4 456566 250
3 457162 250
4 457162 250
3 457757 250
4 457757 250
3 458352 250
4 458352 250
3 458947 250
4 458947 250
3 459543 250
4 459543 250
3 460138 250
4 460138 250
3 460733 250
4 460733 250
3 461328 250
4 461328 250
3 461924 250
4 461924 250
3 462519 250
4 462519 250
3 463114 250
4 463114 250
3 463709 250
4 463709 250
3 464305 250
4 464305 250
3 464900 250
4 464900 250
3 465495 250
4 465495 250
3 466090 250
4 466090 250
3 466685 250
4 466685 250
3 467281 250
4 467281 250
3 467876 250
4 467876 250
3 468471 250
4 468471 250
3 469066 250
4 469066 250
3 469662 250
4 469662 250
3 470257 250
4 470257 250
3 470852 250
4 470852 250
3 471447 250
4 471447 250
3 472043 250
4 472043 250
3 472638 250
4 472638 250
3 473233 250
4 473233 250
3 473828 250
4 473828 250
3 474424 250
4 474424 250
3 475019 250
4 475019 250
3 475614 250
4 475614 250
3 476209 250
4 476209 250
3 476805 250
4 476805 250
3 477400 250
4 477400 250
3 477995 250
4 477995 250
3 478590 250
4 478590 250
3 479186 250
4 479186 250
3 479781 250
4 479781 250
1 480376 250
1 480971 250
1 481567 250
2 482162 250
4 482162 250
2 482757 250
4 482757 250
2 483352 250
4 483352 250
2 483948 250
4 483948 250
2 484543 250
4 484543 250
2 485138 250
4 485138 250
2 485733 250
4 485733 250
2 486328 250
4 486328 250
2 486924 250
3 486924 250
2 487519 250
3 487519 250
2 488114 250
3 488114 250
2 488709 250
3 488709 250
2 489305 250
3 489305 250
2 489900 250
3 489900 250
2 490495 250
3 490495 250
2 491090 250
3 491090 250
1 491686 250
3 491686 250
2 491686 3970
1 492281 250
3 492281 250
1 492876 250
3 492876 250
1 493471 250
3 493471 250
1 494067 250
3 494067 250
1 494662 250
3 494662 250
1 495257 250
3 495257 250
1 495852 250
3 495852 250
1 496448 250
3 496448 250
1 497043 250
3 497043 250
1 497638 250
3 497638 250
1 498233 250
3 498233 250
1 498829 250
3 498829 250
1 499424 250
3 499424 250
1 500019 250
3 500019 250
1 500614 250
3 500614 250
2 501210 250
4 501210 250
2 501805 250
4 501805 250
2 502400 250
4 502400 250
2 502995 250
4 502995 250
2 503591 250
4 503591 250
2 504186 250
4 504186 250
2 504781 250
4 504781 250
2 505376 250
4 505376 250
2 505972 250
3 505972 250
2 506567 250
3 506567 250
2 507162 250
3 507162 250
2 507757 250
3 507757 250
2 508352 250
3 508352 250
2 508948 250
3 508948 250
2 509543 250
3 509543 250
2 510138 250
3 510138 250
1 510733 250
3 510733 250
1 511329 250
3 511329 250
1 511924 250
3 511924 250
1 512519 250
3 512519 250
1 513114 250
3 513114 250
1 513710 250
3 513710 250
1 514305 250
3 514305 250
1 514900 250
3 514900 250
1 515495 250
3 515495 250
1 516091 250
3 516091 250
1 516686 250
3 516686 250
1 517281 250
3 517281 250
1 517876 250
3 517876 250
1 518472 250
3 518472 250
1 519067 250
3 519067 250
1 519662 250
3 519662 250
3 520257 250
3 521051 250
4 521448 490
5 521448 250
3 522241 250
2 522638 650
5 522638 250
1 523829 650
2 525019 250
2 525813 250
2 526210 490
1 527003 250
0 527400 730
5 527400 250
