1 5968 250
2 7158 490
1 8349 650
0 9539 650
2 10729 250
2 11920 490
0 13110 730
1 15491 250
2 16682 490
1 17872 650
0 19063 650
2 20253 250
2 21444 490
0 22634 730
1 25015 250
2 26206 490
1 27396 650
0 28587 650
2 29777 250
2 30968 490
0 32158 730
1 34539 250
2 34539 3610
2 35730 490
1 36920 650
0 38111 650
2 39301 250
2 40492 490
0 41682 730
1 44063 250
2 45254 490
1 46444 650
0 47635 650
2 48825 250
2 50016 490
0 51206 730
1 53587 250
2 54777 490
1 55968 650
0 57158 650
2 58349 250
2 59539 490
0 60730 730
1 63111 250
2 64301 490
1 65492 650
0 66682 650
2 67873 250
2 69063 490
0 70254 730
1 72635 250
2 73825 490
1 75016 650
0 76206 730
1 82159 250
2 82159 3850
2 83349 490
1 84540 650
0 85730 650
2 86921 250
2 88111 490
0 89302 730
0 91683 650
0 92873 650
0 94063 650
0 95254 650
1 96444 650
1 97635 650
1 98825 650
1 100016 650
2 101206 650
2 102397 650
2 103587 650
2 104778 650
1 105968 650
1 107159 650
1 108349 650
1 109540 650
0 110730 650
0 111921 650
0 113111 650
0 114302 650
1 115492 650
1 116683 650
1 117873 650
1 119064 650
2 120254 650
2 121445 650
2 122635 650
2 123826 650
1 125016 650
1 126207 650
1 127397 650
1 128588 650
0 129778 650
0 130969 650
0 132159 650
0 133349 650
1 134540 650
1 135730 650
1 136921 650
1 138111 650
2 139302 650
2 139302 4090
2 140492 650
2 141683 650
2 142873 650
1 144064 650
1 145254 650
1 146445 650
1 147635 650
0 148826 650
0 150016 650
0 151207 650
0 152397 650
1 153588 650
1 154778 650
1 155969 650
1 157159 650
2 158350 650
2 159540 650
2 160731 650
2 161921 650
1 163112 650
1 164302 650
1 165493 650
1 166683 730
1 177397 250
2 178588 490
1 179778 650
0 180969 650
2 182159 250
2 183350 490
0 184540 730
1 186921 250
2 188112 490
1 189302 650
0 190493 650
2 191683 250
2 192874 490
0 194064 730
1 196445 250
2 197636 490
1 198826 650
0 200017 650
2 201207 250
2 202398 490
0 203588 730
1 205969 250
2 205969 3610
2 207160 490
1 208350 650
0 209541 650
2 210731 250
2 211922 490
0 213112 730
1 215493 250
2 216683 490
1 217874 650
0 219064 730
1 225017 250
2 226207 490
1 227398 650
0 228588 650
2 229779 250
2 230969 490
0 232160 730
0 234541 650
0 235731 650
0 236922 650
0 238112 650
1 239303 650
1 240493 650
1 241684 650
1 242874 650
2 244065 650
2 245255 650
2 246446 650
2 247636 650
1 248827 650
1 250017 650
1 251208 650
1 252398 650
0 253589 650
0 254779 650
0 255970 650
0 257160 650
1 258350 650
1 259541 650
1 260731 650
1 261922 650
2 263112 650
2 264303 650
2 265493 650
2 266684 650
1 267874 650
1 269065 650
1 270255 650
1 271446 650
0 272636 650
0 273827 650
0 275017 650
0 276208 650
1 277398 650
1 278589 650
1 279779 650
1 280970 650
2 282160 650
2 282160 4090
2 283351 650
2 284541 650
2 285732 650
1 286922 650
1 288113 650
1 289303 650
1 290494 650
0 291684 650
0 292875 650
0 294065 650
0 295256 650
1 296446 650
1 297637 650
1 298827 650
1 300017 650
2 301208 650
2 302398 650
2 303589 650
2 304779 650
1 305970 650
1 307160 650
1 308351 650
1 309541 650
1 310732 250
1 311922 250
1 313113 250
1 314303 650
2 315494 250
2 316684 250
2 317875 250
2 319065 250
0 320256 250
0 321446 250
0 322637 250
0 325018 250
0 326208 250
0 327399 250
0 329780 250
0 330970 250
0 332161 250
0 334542 250
0 335732 250
0 336923 250
0 339304 250
0 340494 250
2 341684 1130
6 341684 250
0 344065 250
0 345256 250
2 346446 1130
6 346446 250
0 348827 250
0 350018 250
2 351208 1130
6 351208 250
0 353589 250
2 353589 3850
0 354780 250
2 355970 1130
6 355970 250
0 358351 250
0 359542 250
0 360732 250
0 366685 250
2 367875 250
2 369066 250
2 370256 250
2 371447 250
1 372637 250
1 373828 250
1 375018 250
1 376209 250
0 377399 250
0 378590 250
0 379780 250
0 380971 250
0 382161 250
0 383351 250
0 384542 250
0 385732 250
2 386923 250
2 388113 250
2 389304 250
2 390494 250
1 391685 250
1 392875 250
1 394066 250
1 395256 250
0 396447 250
0 397637 250
0 398828 250
0 400018 250
0 401209 250
0 402399 250
0 403590 250
0 404780 250
2 405971 250
2 407161 250
2 408352 250
2 409542 250
1 410733 250
1 411923 250
1 413114 250
1 414304 250
0 415495 250
2 415495 4090
0 416685 250
0 417876 250
0 419066 250
0 420257 250
0 421447 250
0 422638 250
0 423828 250
2 425018 250
2 426209 250
2 427399 250
2 428590 250
1 429780 250
1 430971 250
1 432161 250
1 433352 250
0 434542 250
0 435733 250
0 436923 250
0 438114 250
0 439304 250
0 440495 250
0 441685 250
0 442876 250
1 444066 250
1 445257 250
1 446447 250
1 447638 250
1 448828 250
1 450019 250
1 451209 250
1 452400 250
1 453590 250
1 454781 250
1 455971 250
1 457162 250
1 458352 250
1 459543 250
1 460733 250
1 461924 250
1 463114 250
1 464305 250
1 465495 250
1 466685 250
1 467876 250
1 469066 250
1 470257 250
1 471447 250
1 472638 250
1 473828 250
1 475019 250
1 476209 250
1 477400 250
1 478590 250
1 479781 250
1 480971 250
2 482162 250
2 483352 250
2 484543 250
2 485733 250
1 486924 250
1 488114 250
1 489305 250
1 490495 250
0 491686 250
2 491686 3970
0 492876 250
0 494067 250
0 495257 250
0 496448 250
0 497638 250
0 498829 250
0 500019 250
2 501210 250
2 502400 250
2 503591 250
2 504781 250
1 505972 250
1 507162 250
1 508352 250
1 509543 250
0 510733 250
0 511924 250
0 513114 250
0 514305 250
0 515495 250
0 516686 250
0 517876 250
0 519067 250
1 520257 250
2 521448 490
1 522638 650
0 523829 650
2 525019 250
2 526210 490
0 527400 730
