3 5968 250
2 6364 250
5 6364 250
3 6761 250
5 6761 250
4 7158 490
5 7158 250
3 7952 250
2 8349 650
5 8349 250
1 9539 650
2 10729 250
1 11126 250
5 11126 250
2 11523 250
2 11920 490
1 12714 250
0 13110 730
5 13110 250
3 15491 250
2 15888 250
5 15888 250
3 16285 250
5 16285 250
4 16682 490
5 16682 250
3 17476 250
2 17872 650
5 17872 250
1 19063 650
2 20253 250
1 20650 250
5 20650 250
2 21047 250
2 21444 490
1 22238 250
0 22634 730
5 22634 250
3 25015 250
2 25412 250
5 25412 250
3 25809 250
5 25809 250
4 26206 490
5 26206 250
3 26999 250
2 27396 650
5 27396 250
1 28587 650
2 29777 250
1 30174 250
5 30174 250
2 30571 250
2 30968 490
1 31761 250
0 32158 730
5 32158 250
3 34539 250
2 34539 3610
2 34936 250
5 34936 250
3 35333 250
5 35333 250
4 35730 490
5 35730 250
3 36523 250
2 36920 650
5 36920 250
1 38111 650
2 39301 250
1 39698 250
5 39698 250
2 40095 250
2 40492 490
1 41285 250
0 41682 730
5 41682 250
3 44063 250
2 44460 250
5 44460 250
3 44857 250
5 44857 250
4 45254 490
5 45254 250
3 46047 250
2 46444 650
5 46444 250
1 47635 650
2 48825 250
1 49222 250
5 49222 250
2 49619 250
2 50016 490
1 50809 250
0 51206 730
5 51206 250
3 53587 250
2 53984 250
5 53984 250
3 54381 250
5 54381 250
4 54777 490
5 54777 250
3 55571 250
2 55968 650
5 55968 250
1 57158 650
2 58349 250
1 58746 250
5 58746 250
2 59143 250
2 59539 490
1 60333 250
0 60730 730
5 60730 250
3 63111 250
2 63508 250
5 63508 250
3 63905 250
5 63905 250
4 64301 490
5 64301 250
3 65095 250
2 65492 650
5 65492 250
1 66682 650
2 67873 250
1 68270 250
5 68270 250
2 68666 250
2 69063 490
1 69857 250
0 70254 730
5 70254 250
3 72635 250
2 73032 250
5 73032 250
3 73428 250
5 73428 250
4 73825 490
5 73825 250
3 74619 250
2 75016 650
5 75016 250
1 76206 730
3 82159 250
2 82159 3850
2 82555 250
5 82555 250
3 82952 250
5 82952 250
4 83349 490
5 83349 250
3 84143 250
2 84540 650
5 84540 250
1 85730 650
2 86921 250
1 87317 250
5 87317 250
2 87714 250
2 88111 490
1 88905 250
0 89302 730
5 89302 250
0 91683 650
2 91683 650
0 92873 650
2 92873 650
0 94063 490
2 94063 490
0 94857 250
2 94857 250
0 95254 490
2 95254 490
1 96048 250
1 96444 650
2 96444 650
1 97635 650
2 97635 650
1 98825 490
2 98825 490
1 99619 250
2 99619 250
1 100016 490
2 100016 490
2 100810 250
2 101206 650
4 101206 650
2 102397 650
4 102397 650
2 103587 490
4 103587 490
2 104381 250
4 104381 250
2 104778 490
4 104778 490
1 105572 250
1 105968 650
3 105968 650
1 107159 650
3 107159 650
1 108349 490
3 108349 490
1 109143 250
3 109143 250
1 109540 490
3 109540 490
0 110333 250
0 110730 650
2 110730 650
0 111921 650
2 111921 650
0 113111 490
2 113111 490
0 113905 250
2 113905 250
0 114302 490
2 114302 490
1 115095 250
1 115492 650
2 115492 650
1 116683 650
2 116683 650
1 117873 490
2 117873 490
1 118667 250
2 118667 250
1 119064 490
2 119064 490
2 119857 250
2 120254 650
4 120254 650
2 121445 650
4 121445 650
2 122635 490
4 122635 490
2 123429 250
4 123429 250
2 123826 490
4 123826 490
1 124619 250
1 125016 650
3 125016 650
1 126207 650
3 126207 650
1 127397 490
3 127397 490
1 128191 250
3 128191 250
1 128588 490
3 128588 490
0 129381 250
0 129778 650
2 129778 650
0 130969 650
2 130969 650
0 132159 490
2 132159 490
0 132953 250
2 132953 250
0 133349 490
2 133349 490
1 134143 250
1 134540 650
2 134540 650
1 135730 650
2 135730 650
1 136921 490
2 136921 490
1 137715 250
2 137715 250
1 138111 490
2 138111 490
2 138905 250
2 139302 650
4 139302 650
2 139302 4090
2 140492 650
4 140492 650
2 141683 490
4 141683 490
2 142477 250
4 142477 250
2 142873 490
4 142873 490
1 143667 250
1 144064 650
3 144064 650
1 145254 650
3 145254 650
1 146445 490
3 146445 490
1 147238 250
3 147238 250
1 147635 490
3 147635 490
0 148429 250
0 148826 650
2 148826 650
0 150016 650
2 150016 650
0 151207 490
2 151207 490
0 152000 250
2 152000 250
0 152397 490
2 152397 490
1 153191 250
1 153588 650
2 153588 650
1 154778 650
2 154778 650
1 155969 490
2 155969 490
1 156762 250
2 156762 250
1 157159 490
2 157159 490
2 157953 250
2 158350 650
4 158350 650
2 159540 650
4 159540 650
2 160731 490
4 160731 490
2 161524 250
4 161524 250
2 161921 490
4 161921 490
1 162715 250
1 163112 650
3 163112 650
1 164302 650
3 164302 650
1 165493 490
3 165493 490
1 166286 250
3 166286 250
1 166683 490
3 166683 490
0 167477 250
2 167477 250
5 167477 250
3 177397 250
2 177794 250
5 177794 250
3 178191 250
5 178191 250
4 178588 490
5 178588 250
3 179382 250
2 179778 650
5 179778 250
1 180969 650
2 182159 250
1 182556 250
5 182556 250
2 182953 250
2 183350 490
1 184144 250
0 184540 730
5 184540 250
3 186921 250
2 187318 250
5 187318 250
3 187715 250
5 187715 250
4 188112 490
5 188112 250
3 188905 250
2 189302 650
5 189302 250
1 190493 650
2 191683 250
1 192080 250
5 192080 250
2 192477 250
2 192874 490
1 193667 250
0 194064 730
5 194064 250
3 196445 250
2 196842 250
5 196842 250
3 197239 250
5 197239 250
4 197636 490
5 197636 250
3 198429 250
2 198826 650
5 198826 250
1 200017 650
2 201207 250
1 201604 250
5 201604 250
2 202001 250
2 202398 490
1 203191 250
0 203588 730
5 203588 250
3 205969 250
2 205969 3610
2 206366 250
5 206366 250
3 206763 250
5 206763 250
4 207160 490
5 207160 250
3 207953 250
2 208350 650
5 208350 250
1 209541 650
2 210731 250
1 211128 250
5 211128 250
2 211525 250
2 211922 490
1 212715 250
0 213112 730
5 213112 250
3 215493 250
2 215890 250
5 215890 250
3 216287 250
5 216287 250
4 216683 490
5 216683 250
3 217477 250
2 217874 650
5 217874 250
1 219064 730
3 225017 250
2 225414 250
5 225414 250
3 225811 250
5 225811 250
4 226207 490
5 226207 250
3 227001 250
2 227398 650
5 227398 250
1 228588 650
2 229779 250
1 230176 250
5 230176 250
2 230572 250
2 230969 490
1 231763 250
0 232160 730
5 232160 250
0 234541 650
2 234541 650
0 235731 650
2 235731 650
0 236922 490
2 236922 490
0 237715 250
2 237715 250
0 238112 490
2 238112 490
1 238906 250
1 239303 650
2 239303 650
1 240493 650
2 240493 650
1 241684 490
2 241684 490
1 242477 250
2 242477 250
1 242874 490
2 242874 490
2 243668 250
2 244065 650
4 244065 650
2 245255 650
4 245255 650
2 246446 490
4 246446 490
2 247239 250
4 247239 250
2 247636 490
4 247636 490
1 248430 250
1 248827 650
3 248827 650
1 250017 650
3 250017 650
1 251208 490
3 251208 490
1 252001 250
3 252001 250
1 252398 490
3 252398 490
0 253192 250
0 253589 650
2 253589 650
0 254779 650
2 254779 650
0 255970 490
2 255970 490
0 256763 250
2 256763 250
0 257160 490
2 257160 490
1 257954 250
1 258350 650
2 258350 650
1 259541 650
2 259541 650
1 260731 490
2 260731 490
1 261525 250
2 261525 250
1 261922 490
2 261922 490
2 262716 250
2 263112 650
4 263112 650
2 264303 650
4 264303 650
2 265493 490
4 265493 490
2 266287 250
4 266287 250
2 266684 490
4 266684 490
1 267478 250
1 267874 650
3 267874 650
1 269065 650
3 269065 650
1 270255 490
3 270255 490
1 271049 250
3 271049 250
1 271446 490
3 271446 490
0 272239 250
0 272636 650
2 272636 650
0 273827 650
2 273827 650
0 275017 490
2 275017 490
0 275811 250
2 275811 250
0 276208 490
2 276208 490
1 277001 250
1 277398 650
2 277398 650
1 278589 650
2 278589 650
1 279779 490
2 279779 490
1 280573 250
2 280573 250
1 280970 490
2 280970 490
2 281763 250
2 282160 650
4 282160 650
2 282160 4090
2 283351 650
4 283351 650
2 284541 490
4 284541 490
2 285335 250
4 285335 250
2 285732 490
4 285732 490
1 286525 250
1 286922 650
3 286922 650
1 288113 650
3 288113 650
1 289303 490
3 289303 490
1 290097 250
3 290097 250
1 290494 490
3 290494 490
0 291287 250
0 291684 650
2 291684 650
0 292875 650
2 292875 650
0 294065 490
2 294065 490
0 294859 250
2 294859 250
0 295256 490
2 295256 490
1 296049 250
1 296446 650
2 296446 650
1 297637 650
2 297637 650
1 298827 490
2 298827 490
1 299621 250
2 299621 250
1 300017 490
2 300017 490
2 300811 250
2 301208 650
4 301208 650
2 302398 650
4 302398 650
2 303589 490
4 303589 490
2 304383 250
4 304383 250
2 304779 490
4 304779 490
1 305573 250
1 305970 650
3 305970 650
1 307160 650
3 307160 650
1 308351 490
3 308351 490
1 309145 250
3 309145 250
1 309541 490
3 309541 490
0 310335 250
1 310732 250
5 310732 250
1 310930 250
1 311129 250
1 311327 250
1 311526 250
1 311724 250
1 311922 250
1 312121 250
1 312319 250
1 312518 250
1 312716 250
1 312914 250
1 313113 250
1 313311 250
1 313510 250
1 313708 250
1 313906 250
1 314105 250
1 314303 250
1 314502 250
2 314700 250
5 314700 250
2 314899 250
3 315097 250
5 315097 250
3 315295 250
4 315494 250
5 315494 250
4 315692 250
4 315891 250
4 316089 250
4 316287 250
4 316486 250
4 316684 250
4 316883 250
4 317081 250
4 317280 250
4 317478 250
4 317676 250
4 317875 250
4 318073 250
4 318272 250
4 318470 250
4 318668 250
4 318867 250
4 319065 250
3 319462 250
0 320256 250
0 321446 250
0 322637 250
0 324621 250
0 325018 250
0 326208 250
0 327399 250
0 329383 250
0 329780 250
0 330970 250
0 332161 250
0 334145 250
0 334542 250
0 335732 250
0 336923 250
0 338907 250
0 339304 250
0 340494 250
3 341684 250
6 341684 250
3 342081 250
6 342081 250
3 342478 250
6 342478 250
3 342875 250
6 342875 250
3 343272 250
6 343272 250
3 343669 250
6 343669 250
0 344065 250
0 345256 250
3 346446 250
6 346446 250
3 346843 250
6 346843 250
3 347240 250
6 347240 250
3 347637 250
6 347637 250
3 348034 250
6 348034 250
3 348431 250
6 348431 250
0 348827 250
5 348827 250
0 350018 250
3 351208 250
6 351208 250
3 351605 250
6 351605 250
3 352002 250
6 352002 250
3 352399 250
6 352399 250
3 352796 250
6 352796 250
3 353193 250
6 353193 250
0 353589 250
5 353589 250
2 353589 3850
0 354780 250
3 355970 250
6 355970 250
3 356367 250
6 356367 250
3 356764 250
6 356764 250
3 357161 250
6 357161 250
3 357558 250
6 357558 250
3 357954 250
6 357954 250
0 358351 250
5 358351 250
0 359542 250
0 360732 250
3 366288 250
7 366685 250
5 366685 250
7 367478 250
2 367875 250
4 367875 250
2 368272 250
4 368272 250
2 368669 250
4 368669 250
2 369066 250
4 369066 250
2 369462 250
4 369462 250
2 369859 250
4 369859 250
2 370256 250
4 370256 250
2 370653 250
4 370653 250
2 371050 250
4 371050 250
2 371447 250
4 371447 250
2 371843 250
4 371843 250
2 372240 250
4 372240 250
2 372637 250
3 372637 250
2 373034 250
3 373034 250
2 373431 250
3 373431 250
2 373828 250
3 373828 250
2 374224 250
3 374224 250
2 374621 250
3 374621 250
2 375018 250
3 375018 250
2 375415 250
3 375415 250
2 375812 250
3 375812 250
2 376209 250
3 376209 250
2 376605 250
3 376605 250
2 377002 250
3 377002 250
1 377399 250
3 377399 250
1 377796 250
3 377796 250
1 378193 250
3 378193 250
1 378590 250
3 378590 250
1 378986 250
3 378986 250
1 379383 250
3 379383 250
1 379780 250
3 379780 250
1 380177 250
3 380177 250
1 380574 250
3 380574 250
1 380971 250
3 380971 250
1 381367 250
3 381367 250
1 381764 250
3 381764 250
1 382161 250
3 382161 250
1 382558 250
3 382558 250
1 382955 250
3 382955 250
1 383351 250
3 383351 250
1 383748 250
3 383748 250
1 384145 250
3 384145 250
1 384542 250
3 384542 250
1 384939 250
3 384939 250
1 385336 250
3 385336 250
1 385732 250
3 385732 250
1 386129 250
3 386129 250
2 386526 250
3 386526 250
5 386526 250
2 386923 250
4 386923 250
2 387320 250
4 387320 250
2 387717 250
4 387717 250
2 388113 250
4 388113 250
2 388510 250
4 388510 250
2 388907 250
4 388907 250
2 389304 250
4 389304 250
2 389701 250
4 389701 250
2 390098 250
4 390098 250
2 390494 250
4 390494 250
2 390891 250
4 390891 250
2 391288 250
4 391288 250
2 391685 250
3 391685 250
2 392082 250
3 392082 250
2 392479 250
3 392479 250
2 392875 250
3 392875 250
2 393272 250
3 393272 250
2 393669 250
3 393669 250
2 394066 250
3 394066 250
2 394463 250
3 394463 250
2 394860 250
3 394860 250
2 395256 250
3 395256 250
2 395653 250
3 395653 250
2 396050 250
3 396050 250
1 396447 250
3 396447 250
1 396844 250
3 396844 250
1 397240 250
3 397240 250
1 397637 250
3 397637 250
1 398034 250
3 398034 250
1 398431 250
3 398431 250
1 398828 250
3 398828 250
1 399225 250
3 399225 250
1 399621 250
3 399621 250
1 400018 250
3 400018 250
1 400415 250
3 400415 250
1 400812 250
3 400812 250
1 401209 250
3 401209 250
1 401606 250
3 401606 250
1 402002 250
3 402002 250
1 402399 250
3 402399 250
1 402796 250
3 402796 250
1 403193 250
3 403193 250
1 403590 250
3 403590 250
1 403987 250
3 403987 250
1 404383 250
3 404383 250
1 404780 250
3 404780 250
1 405177 250
3 405177 250
2 405574 250
3 405574 250
5 405574 250
2 405971 250
4 405971 250
2 406368 250
4 406368 250
2 406764 250
4 406764 250
2 407161 250
4 407161 250
2 407558 250
4 407558 250
2 407955 250
4 407955 250
2 408352 250
4 408352 250
2 408749 250
4 408749 250
2 409145 250
4 409145 250
2 409542 250
4 409542 250
2 409939 250
4 409939 250
2 410336 250
4 410336 250
2 410733 250
3 410733 250
2 411129 250
3 411129 250
2 411526 250
3 411526 250
2 411923 250
3 411923 250
2 412320 250
3 412320 250
2 412717 250
3 412717 250
2 413114 250
3 413114 250
2 413510 250
3 413510 250
2 413907 250
3 413907 250
2 414304 250
3 414304 250
2 414701 250
3 414701 250
2 415098 250
3 415098 250
1 415495 250
3 415495 250
2 415495 4090
1 415891 250
3 415891 250
1 416288 250
3 416288 250
1 416685 250
3 416685 250
1 417082 250
3 417082 250
1 417479 250
3 417479 250
1 417876 250
3 417876 250
1 418272 250
3 418272 250
1 418669 250
3 418669 250
1 419066 250
3 419066 250
1 419463 250
3 419463 250
1 419860 250
3 419860 250
1 420257 250
3 420257 250
1 420653 250
3 420653 250
1 421050 250
3 421050 250
1 421447 250
3 421447 250
1 421844 250
3 421844 250
1 422241 250
3 422241 250
1 422638 250
3 422638 250
1 423034 250
3 423034 250
1 423431 250
3 423431 250
1 423828 250
3 423828 250
1 424225 250
3 424225 250
2 424622 250
3 424622 250
5 424622 250
2 425018 250
4 425018 250
2 425415 250
4 425415 250
2 425812 250
4 425812 250
2 426209 250
4 426209 250
2 426606 250
4 426606 250
2 427003 250
4 427003 250
2 427399 250
4 427399 250
2 427796 250
4 427796 250
2 428193 250
4 428193 250
2 428590 250
4 428590 250
2 428987 250
4 428987 250
2 429384 250
4 429384 250
2 429780 250
3 429780 250
2 430177 250
3 430177 250
2 430574 250
3 430574 250
2 430971 250
3 430971 250
2 431368 250
3 431368 250
2 431765 250
3 431765 250
2 432161 250
3 432161 250
2 432558 250
3 432558 250
2 432955 250
3 432955 250
2 433352 250
3 433352 250
2 433749 250
3 433749 250
2 434146 250
3 434146 250
1 434542 250
3 434542 250
1 434939 250
3 434939 250
1 435336 250
3 435336 250
1 435733 250
3 435733 250
1 436130 250
3 436130 250
1 436527 250
3 436527 250
1 436923 250
3 436923 250
1 437320 250
3 437320 250
1 437717 250
3 437717 250
1 438114 250
3 438114 250
1 438511 250
3 438511 250
1 438907 250
3 438907 250
1 439304 250
3 439304 250
1 439701 250
3 439701 250
1 440098 250
3 440098 250
1 440495 250
3 440495 250
1 440892 250
3 440892 250
1 441288 250
3 441288 250
1 441685 250
3 441685 250
1 442082 250
3 442082 250
1 442479 250
3 442479 250
7 442876 250
5 442876 250
7 443273 250
7 443669 250
3 444066 250
4 444066 250
3 444463 250
4 444463 250
3 444860 250
4 444860 250
3 445257 250
4 445257 250
3 445654 250
4 445654 250
3 446050 250
4 446050 250
3 446447 250
4 446447 250
3 446844 250
4 446844 250
3 447241 250
4 447241 250
3 447638 250
4 447638 250
3 448035 250
4 448035 250
3 448431 250
4 448431 250
3 448828 250
4 448828 250
3 449225 250
4 449225 250
3 449622 250
4 449622 250
3 450019 250
4 450019 250
3 450416 250
4 450416 250
3 450812 250
4 450812 250
3 451209 250
4 451209 250
3 451606 250
4 451606 250
3 452003 250
4 452003 250
3 452400 250
4 452400 250
3 452796 250
4 452796 250
3 453193 250
4 453193 250
3 453590 250
4 453590 250
3 453987 250
4 453987 250
3 454384 250
4 454384 250
3 454781 250
4 454781 250
3 455177 250
4 455177 250
3 455574 250
4 455574 250
3 455971 250
4 455971 250
3 456368 250
4 456368 250
3 456765 250
4 456765 250
3 457162 250
4 457162 250
3 457558 250
4 457558 250
3 457955 250
4 457955 250
3 458352 250
4 458352 250
3 458749 250
4 458749 250
3 459146 250
4 459146 250
3 459543 250
4 459543 250
3 459939 250
4 459939 250
3 460336 250
4 460336 250
3 460733 250
4 460733 250
3 461130 250
4 461130 250
3 461527 250
4 461527 250
3 461924 250
4 461924 250
3 462320 250
4 462320 250
3 462717 250
4 462717 250
3 463114 250
4 463114 250
3 463511 250
4 463511 250
3 463908 250
4 463908 250
3 464305 250
4 464305 250
3 464701 250
4 464701 250
3 465098 250
4 465098 250
3 465495 250
4 465495 250
3 465892 250
4 465892 250
3 466289 250
4 466289 250
3 466685 250
4 466685 250
3 467082 250
4 467082 250
3 467479 250
4 467479 250
3 467876 250
4 467876 250
3 468273 250
4 468273 250
3 468670 250
4 468670 250
3 469066 250
4 469066 250
3 469463 250
4 469463 250
3 469860 250
4 469860 250
3 470257 250
4 470257 250
3 470654 250
4 470654 250
3 471051 250
4 471051 250
3 471447 250
4 471447 250
3 471844 250
4 471844 250
3 472241 250
4 472241 250
3 472638 250
4 472638 250
3 473035 250
4 473035 250
3 473432 250
4 473432 250
3 473828 250
4 473828 250
3 474225 250
4 474225 250
3 474622 250
4 474622 250
3 475019 250
4 475019 250
3 475416 250
4 475416 250
3 475813 250
4 475813 250
3 476209 250
4 476209 250
3 476606 250
4 476606 250
3 477003 250
4 477003 250
3 477400 250
4 477400 250
3 477797 250
4 477797 250
3 478194 250
4 478194 250
3 478590 250
4 478590 250
3 478987 250
4 478987 250
3 479384 250
4 479384 250
3 479781 250
4 479781 250
3 480178 250
4 480178 250
7 480574 250
5 480574 250
7 480971 250
7 481368 250
2 481765 250
3 481765 250
2 482162 250
4 482162 250
2 482559 250
4 482559 250
2 482955 250
4 482955 250
2 483352 250
4 483352 250
2 483749 250
4 483749 250
2 484146 250
4 484146 250
2 484543 250
4 484543 250
2 484940 250
4 484940 250
2 485336 250
4 485336 250
2 485733 250
4 485733 250
2 486130 250
4 486130 250
2 486527 250
4 486527 250
2 486924 250
3 486924 250
2 487321 250
3 487321 250
2 487717 250
3 487717 250
2 488114 250
3 488114 250
2 488511 250
3 488511 250
2 488908 250
3 488908 250
2 489305 250
3 489305 250
2 489702 250
3 489702 250
2 490098 250
3 490098 250
2 490495 250
3 490495 250
2 490892 250
3 490892 250
2 491289 250
3 491289 250
1 491686 250
3 491686 250
2 491686 3970
1 492083 250
3 492083 250
1 492479 250
3 492479 250
1 492876 250
3 492876 250
1 493273 250
3 493273 250
1 493670 250
3 493670 250
1 494067 250
3 494067 250
1 494463 250
3 494463 250
1 494860 250
3 494860 250
1 495257 250
3 495257 250
1 495654 250
3 495654 250
1 496051 250
3 496051 250
1 496448 250
3 496448 250
1 496844 250
3 496844 250
1 497241 250
3 497241 250
1 497638 250
3 497638 250
1 498035 250
3 498035 250
1 498432 250
3 498432 250
1 498829 250
3 498829 250
1 499225 250
3 499225 250
1 499622 250
3 499622 250
1 500019 250
3 500019 250
1 500416 250
3 500416 250
2 500813 250
3 500813 250
5 500813 250
2 501210 250
4 501210 250
2 501606 250
4 501606 250
2 502003 250
4 502003 250
2 502400 250
4 502400 250
2 502797 250
4 502797 250
2 503194 250
4 503194 250
2 503591 250
4 503591 250
2 503987 250
4 503987 250
2 504384 250
4 504384 250
2 504781 250
4 504781 250
2 505178 250
4 505178 250
2 505575 250
4 505575 250
2 505972 250
3 505972 250
2 506368 250
3 506368 250
2 506765 250
3 506765 250
2 507162 250
3 507162 250
2 507559 250
3 507559 250
2 507956 250
3 507956 250
2 508352 250
3 508352 250
2 508749 250
3 508749 250
2 509146 250
3 509146 250
2 509543 250
3 509543 250
2 509940 250
3 509940 250
2 510337 250
3 510337 250
1 510733 250
3 510733 250
1 511130 250
3 511130 250
1 511527 250
3 511527 250
1 511924 250
3 511924 250
1 512321 250
3 512321 250
1 512718 250
3 512718 250
1 513114 250
3 513114 250
1 513511 250
3 513511 250
1 513908 250
3 513908 250
1 514305 250
3 514305 250
1 514702 250
3 514702 250
1 515099 250
3 515099 250
1 515495 250
3 515495 250
1 515892 250
3 515892 250
1 516289 250
3 516289 250
1 516686 250
3 516686 250
1 517083 250
3 517083 250
1 517480 250
3 517480 250
1 517876 250
3 517876 250
1 518273 250
3 518273 250
1 518670 250
3 518670 250
1 519067 250
3 519067 250
1 519464 250
3 519464 250
1 519861 250
3 519861 250
3 520257 250
5 520257 250
2 520654 250
5 520654 250
3 521051 250
5 521051 250
4 521448 490
5 521448 250
3 522241 250
2 522638 650
5 522638 250
1 523829 650
2 525019 250
1 525416 250
5 525416 250
2 525813 250
2 526210 490
1 527003 250
0 527400 730
5 527400 250
