0 2286 250
2 2427 250
5 2427 250
3 2569 250
5 2569 250
2 2710 250
5 2710 250
3 2852 250
5 2852 250
4 2923 250
3 2993 250
2 3135 250
5 3135 250
3 3276 250
5 3276 250
1 3418 250
5 3418 250
2 3559 250
5 3559 250
3 3701 250
5 3701 250
2 3842 250
5 3842 250
3 3984 250
5 3984 250
4 4055 250
3 4125 250
2 4267 250
5 4267 250
3 4408 250
5 4408 250
0 4550 250
5 4550 250
1 4691 250
5 4691 250
2 4833 250
5 4833 250
1 4974 250
5 4974 250
2 5116 250
5 5116 250
3 5187 250
2 5257 250
1 5399 250
5 5399 250
2 5540 250
5 5540 250
0 5682 250
5 5682 250
1 5739 250
2 5826 250
5 5826 250
3 5971 250
5 5971 250
2 6115 250
5 6115 250
3 6260 250
5 6260 250
4 6332 250
3 6404 250
2 6548 250
5 6548 250
3 6693 250
5 6693 250
0 6837 250
5 6837 250
2 6981 250
5 6981 250
3 7126 250
5 7126 250
2 7270 250
5 7270 250
3 7415 250
5 7415 250
4 7487 250
3 7559 250
2 7703 250
5 7703 250
3 7848 250
5 7848 250
1 7992 250
5 7992 250
2 8137 250
5 8137 250
3 8281 250
5 8281 250
2 8425 250
5 8425 250
3 8570 250
5 8570 250
4 8642 250
3 8714 250
2 8859 250
5 8859 250
3 9003 250
5 9003 250
0 9147 250
5 9147 250
2 9292 250
5 9292 250
3 9436 250
5 9436 250
2 9581 250
5 9581 250
3 9725 250
5 9725 250
4 9797 250
3 9869 250
2 10014 250
5 10014 250
3 10158 250
5 10158 250
0 10303 250
5 10303 250
1 10447 250
5 10447 250
2 10591 250
5 10591 250
1 10736 250
5 10736 250
2 10880 250
5 10880 250
3 10952 250
2 11025 250
1 11169 250
5 11169 250
2 11313 250
5 11313 250
0 11458 250
5 11458 250
2 11458 1786
2 11602 250
5 11602 250
3 11747 250
5 11747 250
2 11891 250
5 11891 250
3 12036 250
5 12036 250
4 12108 250
3 12181 250
2 12325 250
5 12325 250
3 12470 250
5 12470 250
1 12614 250
5 12614 250
2 12759 250
5 12759 250
3 12904 250
5 12904 250
2 13048 250
5 13048 250
3 13193 250
5 13193 250
4 13265 250
3 13337 250
2 13482 250
5 13482 250
3 13626 250
5 13626 250
0 13771 250
5 13771 250
1 13916 250
5 13916 250
2 14060 250
5 14060 250
1 14205 250
5 14205 250
2 14349 250
5 14349 250
3 14422 250
2 14494 250
1 14638 250
5 14638 250
2 14783 250
5 14783 250
0 14928 250
5 14928 250
1 14985 250
2 15072 250
5 15072 250
3 15217 250
5 15217 250
2 15361 250
5 15361 250
3 15506 250
5 15506 250
4 15578 250
3 15650 250
2 15795 250
5 15795 250
3 15940 250
5 15940 250
0 16084 250
5 16084 250
2 16229 250
5 16229 250
3 16373 250
5 16373 250
2 16518 250
5 16518 250
3 16663 250
5 16663 250
4 16735 250
3 16807 250
2 16952 250
5 16952 250
3 17096 250
5 17096 250
1 17241 250
5 17241 250
2 17385 250
5 17385 250
3 17530 250
5 17530 250
2 17675 250
5 17675 250
3 17819 250
5 17819 250
4 17891 250
3 17964 250
2 18108 250
5 18108 250
3 18253 250
5 18253 250
0 18397 250
5 18397 250
2 18542 250
5 18542 250
3 18687 250
5 18687 250
2 18831 250
5 18831 250
3 18976 250
5 18976 250
4 19048 250
3 19120 250
2 19265 250
5 19265 250
3 19410 250
5 19410 250
0 19554 250
5 19554 250
1 19699 250
5 19699 250
2 19843 250
5 19843 250
1 19988 250
5 19988 250
2 20132 250
5 20132 250
3 20205 250
2 20277 250
1 20422 250
5 20422 250
2 20566 250
5 20566 250
0 20711 250
5 20711 250
2 20855 250
5 20855 250
3 21000 250
5 21000 250
2 21144 250
5 21144 250
3 21289 250
5 21289 250
4 21361 250
3 21434 250
2 21578 250
5 21578 250
3 21723 250
5 21723 250
1 21867 250
5 21867 250
2 22012 250
5 22012 250
3 22157 250
5 22157 250
2 22301 250
5 22301 250
3 22446 250
5 22446 250
4 22518 250
3 22590 250
2 22735 250
5 22735 250
3 22879 250
5 22879 250
0 23024 250
5 23024 250
1 23169 250
5 23169 250
2 23313 250
5 23313 250
1 23458 250
5 23458 250
2 23602 250
5 23602 250
3 23675 250
2 23747 250
1 23891 250
5 23891 250
2 24036 250
5 24036 250
0 24181 250
5 24181 250
1 24238 250
2 24325 250
5 24325 250
3 24470 250
5 24470 250
2 24614 250
5 24614 250
3 24759 250
5 24759 250
4 24831 250
3 24904 250
2 25048 250
5 25048 250
3 25193 250
5 25193 250
0 25337 250
5 25337 250
2 25482 250
5 25482 250
3 25626 250
5 25626 250
2 25771 250
5 25771 250
3 25916 250
5 25916 250
4 25988 250
3 26060 250
2 26205 250
5 26205 250
3 26349 250
5 26349 250
1 26494 250
5 26494 250
2 26638 250
5 26638 250
3 26783 250
5 26783 250
2 26928 250
5 26928 250
3 27072 250
5 27072 250
4 27144 250
3 27217 250
2 27361 250
5 27361 250
3 27506 250
5 27506 250
0 27650 250
5 27650 250
2 27795 250
5 27795 250
3 27940 250
5 27940 250
2 28084 250
5 28084 250
3 28229 250
5 28229 250
4 28301 250
3 28373 250
2 28518 250
5 28518 250
3 28663 250
5 28663 250
0 28807 250
5 28807 250
1 28952 250
5 28952 250
2 29096 250
5 29096 250
1 29241 250
5 29241 250
2 29385 250
5 29385 250
3 29458 250
2 29530 250
1 29675 250
5 29675 250
2 29819 250
5 29819 250
0 29964 250
5 29964 250
2 30108 250
5 30108 250
3 30253 250
5 30253 250
2 30397 250
5 30397 250
3 30542 250
5 30542 250
4 30614 250
3 30687 250
2 30831 250
5 30831 250
3 30976 250
5 30976 250
1 31120 250
5 31120 250
2 31265 250
5 31265 250
3 31410 250
5 31410 250
2 31554 250
5 31554 250
3 31699 250
5 31699 250
4 31771 250
3 31843 250
2 31988 250
5 31988 250
3 32132 250
5 32132 250
0 32277 250
5 32277 250
1 32422 250
5 32422 250
2 32566 250
5 32566 250
1 32711 250
5 32711 250
2 32855 250
5 32855 250
3 32928 250
2 33000 250
1 33144 250
5 33144 250
2 33289 250
5 33289 250
0 33434 250
5 33434 250
1 33491 250
2 33578 250
5 33578 250
3 33723 250
5 33723 250
2 33867 250
5 33867 250
3 34012 250
5 34012 250
4 34084 250
3 34157 250
2 34301 250
5 34301 250
3 34446 250
5 34446 250
0 34590 250
5 34590 250
2 34590 1786
2 34735 250
5 34735 250
3 34879 250
5 34879 250
2 35024 250
5 35024 250
3 35169 250
5 35169 250
4 35241 250
3 35313 250
2 35458 250
5 35458 250
3 35602 250
5 35602 250
1 35747 250
5 35747 250
2 35890 250
5 35890 250
3 36033 250
5 36033 250
2 36177 250
5 36177 250
3 36320 250
5 36320 250
4 36391 250
3 36463 250
2 36606 250
5 36606 250
3 36749 250
5 36749 250
0 36893 250
5 36893 250
2 37036 250
5 37036 250
3 37179 250
5 37179 250
2 37322 250
5 37322 250
3 37466 250
5 37466 250
4 37537 250
3 37609 250
2 37752 250
5 37752 250
3 37895 250
5 37895 250
0 38038 250
5 38038 250
1 38182 250
5 38182 250
2 38325 250
5 38325 250
1 38468 250
5 38468 250
2 38611 250
5 38611 250
3 38683 250
2 38755 250
1 38898 250
5 38898 250
2 39041 250
5 39041 250
0 39184 250
5 39184 250
2 39328 250
5 39328 250
3 39473 250
5 39473 250
2 39617 250
5 39617 250
3 39761 250
5 39761 250
4 39833 250
3 39905 250
2 40050 250
5 40050 250
3 40194 250
5 40194 250
1 40338 250
5 40338 250
2 40482 250
5 40482 250
3 40627 250
5 40627 250
2 40771 250
5 40771 250
3 40915 250
5 40915 250
4 40987 250
3 41059 250
2 41203 250
5 41203 250
3 41348 250
5 41348 250
0 41492 250
5 41492 250
1 41636 250
5 41636 250
2 41780 250
5 41780 250
1 41925 250
5 41925 250
2 42069 250
5 42069 250
3 42141 250
2 42213 250
1 42357 250
5 42357 250
2 42502 250
5 42502 250
0 42646 250
5 42646 250
1 42703 250
2 42790 250
5 42790 250
3 42934 250
5 42934 250
2 43078 250
5 43078 250
3 43223 250
5 43223 250
4 43296 250
3 43369 250
2 43515 250
5 43515 250
3 43661 250
5 43661 250
0 43807 250
5 43807 250
2 43953 250
5 43953 250
3 44099 250
5 44099 250
2 44245 250
5 44245 250
3 44391 250
5 44391 250
4 44464 250
3 44537 250
2 44683 250
5 44683 250
3 44829 250
5 44829 250
1 44975 250
5 44975 250
2 45121 250
5 45121 250
3 45267 250
5 45267 250
2 45413 250
5 45413 250
3 45559 250
5 45559 250
4 45632 250
3 45705 250
2 45851 250
5 45851 250
3 45997 250
5 45997 250
0 46143 250
5 46143 250
2 46287 250
5 46287 250
3 46432 250
5 46432 250
2 46576 250
5 46576 250
3 46720 250
5 46720 250
4 46792 250
3 46864 250
2 47008 250
5 47008 250
3 47153 250
5 47153 250
0 47297 250
5 47297 250
1 47441 250
5 47441 250
2 47585 250
5 47585 250
1 47730 250
5 47730 250
2 47874 250
5 47874 250
3 47946 250
2 48018 250
1 48162 250
5 48162 250
2 48307 250
5 48307 250
0 48451 250
5 48451 250
2 48595 250
5 48595 250
3 48739 250
5 48739 250
2 48883 250
5 48883 250
3 49028 250
5 49028 250
4 49100 250
3 49172 250
2 49316 250
5 49316 250
3 49460 250
5 49460 250
1 49605 250
5 49605 250
2 49749 250
5 49749 250
3 49893 250
5 49893 250
2 50037 250
5 50037 250
3 50182 250
5 50182 250
4 50254 250
3 50326 250
2 50470 250
5 50470 250
3 50614 250
5 50614 250
0 50758 250
5 50758 250
1 50903 250
5 50903 250
2 51047 250
5 51047 250
1 51191 250
5 51191 250
2 51335 250
5 51335 250
3 51408 250
2 51480 250
1 51624 250
5 51624 250
2 51768 250
5 51768 250
0 51912 250
5 51912 250
1 51969 250
2 52057 250
5 52057 250
3 52201 250
5 52201 250
2 52345 250
5 52345 250
3 52489 250
5 52489 250
4 52561 250
3 52633 250
2 52778 250
5 52778 250
3 52922 250
5 52922 250
0 53066 250
5 53066 250
2 53210 250
5 53210 250
3 53355 250
5 53355 250
2 53499 250
5 53499 250
3 53643 250
5 53643 250
4 53715 250
3 53787 250
2 53932 250
5 53932 250
3 54076 250
5 54076 250
1 54220 250
5 54220 250
2 54364 250
5 54364 250
3 54508 250
5 54508 250
2 54653 250
5 54653 250
3 54797 250
5 54797 250
4 54869 250
3 54941 250
2 55085 250
5 55085 250
3 55230 250
5 55230 250
0 55374 250
5 55374 250
2 55518 250
5 55518 250
3 55662 250
5 55662 250
2 55807 250
5 55807 250
3 55951 250
5 55951 250
4 56023 250
3 56095 250
2 56239 250
5 56239 250
3 56383 250
5 56383 250
0 56528 250
5 56528 250
1 56667 250
5 56667 250
2 56807 250
5 56807 250
1 56946 250
5 56946 250
2 57085 250
5 57085 250
3 57155 250
2 57225 250
1 57364 250
5 57364 250
2 57504 250
5 57504 250
0 57643 250
5 57643 250
2 57643 1786
2 57789 250
5 57789 250
3 57935 250
5 57935 250
2 58081 250
5 58081 250
3 58227 250
5 58227 250
4 58300 250
3 58373 250
2 58519 250
5 58519 250
3 58665 250
5 58665 250
1 58811 250
5 58811 250
2 58957 250
5 58957 250
3 59103 250
5 59103 250
2 59249 250
5 59249 250
3 59395 250
5 59395 250
4 59468 250
3 59541 250
2 59687 250
5 59687 250
3 59833 250
5 59833 250
0 59979 250
5 59979 250
1 60125 250
5 60125 250
2 60271 250
5 60271 250
1 60416 250
5 60416 250
2 60562 250
5 60562 250
3 60635 250
2 60708 250
1 60853 250
5 60853 250
2 60999 250
5 60999 250
0 61145 250
5 61145 250
1 61202 250
2 61290 250
5 61290 250
3 61436 250
5 61436 250
2 61582 250
5 61582 250
3 61727 250
5 61727 250
4 61800 250
3 61873 250
2 62018 250
5 62018 250
3 62164 250
5 62164 250
0 62310 250
5 62310 250
2 62454 250
5 62454 250
3 62598 250
5 62598 250
2 62742 250
5 62742 250
3 62887 250
5 62887 250
4 62959 250
3 63031 250
2 63175 250
5 63175 250
3 63319 250
5 63319 250
1 63464 250
5 63464 250
2 63608 250
5 63608 250
3 63752 250
5 63752 250
2 63896 250
5 63896 250
3 64041 250
5 64041 250
4 64113 250
3 64185 250
2 64329 250
5 64329 250
3 64473 250
5 64473 250
0 64617 250
5 64617 250
2 64762 250
5 64762 250
3 64906 250
5 64906 250
2 65050 250
5 65050 250
3 65194 250
5 65194 250
4 65266 250
3 65339 250
2 65483 250
5 65483 250
3 65627 250
5 65627 250
0 65771 250
5 65771 250
1 65916 250
5 65916 250
2 66060 250
5 66060 250
1 66204 250
5 66204 250
2 66348 250
5 66348 250
3 66422 250
2 66496 250
1 66644 250
5 66644 250
2 66792 250
5 66792 250
0 66940 250
5 66940 250
2 67085 250
5 67085 250
3 67229 250
5 67229 250
2 67373 250
5 67373 250
3 67517 250
5 67517 250
4 67589 250
3 67662 250
2 67806 250
5 67806 250
3 67950 250
5 67950 250
1 68094 250
5 68094 250
2 68238 250
5 68238 250
3 68383 250
5 68383 250
2 68527 250
5 68527 250
3 68671 250
5 68671 250
4 68743 250
3 68815 250
2 68960 250
5 68960 250
3 69104 250
5 69104 250
0 69248 250
5 69248 250
1 69392 250
5 69392 250
2 69537 250
5 69537 250
1 69681 250
5 69681 250
2 69825 250
5 69825 250
3 69897 250
2 69969 250
1 70113 250
5 70113 250
2 70258 250
5 70258 250
0 70402 250
5 70402 250
1 70459 250
2 70546 250
5 70546 250
3 70690 250
5 70690 250
2 70835 250
5 70835 250
3 70979 250
5 70979 250
4 71051 250
3 71123 250
2 71267 250
5 71267 250
3 71412 250
5 71412 250
0 71556 250
5 71556 250
2 71700 250
5 71700 250
3 71844 250
5 71844 250
2 71988 250
5 71988 250
3 72133 250
5 72133 250
4 72205 250
3 72277 250
2 72421 250
5 72421 250
3 72565 250
5 72565 250
1 72710 250
5 72710 250
2 72854 250
5 72854 250
3 72998 250
5 72998 250
2 73142 250
5 73142 250
3 73287 250
5 73287 250
4 73359 250
3 73431 250
2 73575 250
5 73575 250
3 73719 250
5 73719 250
0 73863 250
5 73863 250
2 74008 250
5 74008 250
3 74152 250
5 74152 250
2 74296 250
5 74296 250
3 74440 250
5 74440 250
4 74512 250
3 74585 250
2 74729 250
5 74729 250
3 74873 250
5 74873 250
0 75017 250
5 75017 250
1 75159 250
5 75159 250
2 75302 250
5 75302 250
1 75444 250
5 75444 250
2 75586 250
5 75586 250
3 75657 250
2 75728 250
1 75870 250
5 75870 250
2 76013 250
5 76013 250
0 76155 250
5 76155 250
2 76300 250
5 76300 250
3 76446 250
5 76446 250
2 76592 250
5 76592 250
3 76738 250
5 76738 250
4 76811 250
3 76884 250
2 77029 250
5 77029 250
3 77175 250
5 77175 250
1 77321 250
5 77321 250
2 77467 250
5 77467 250
3 77612 250
5 77612 250
2 77758 250
5 77758 250
3 77904 250
5 77904 250
4 77977 250
3 78050 250
2 78196 250
5 78196 250
3 78341 250
5 78341 250
0 78487 250
5 78487 250
1 78633 250
5 78633 250
2 78779 250
5 78779 250
1 78924 250
5 78924 250
2 79070 250
5 79070 250
3 79143 250
2 79216 250
1 79362 250
5 79362 250
2 79507 250
5 79507 250
0 79653 250
5 79653 250
1 79711 250
2 79799 250
5 79799 250
3 79945 250
5 79945 250
2 80091 250
5 80091 250
3 80236 250
5 80236 250
4 80309 250
3 80382 250
2 80528 250
5 80528 250
3 80674 250
5 80674 250
0 80819 250
5 80819 250
2 80819 1786
2 80962 250
5 80962 250
3 81104 250
5 81104 250
2 81247 250
5 81247 250
3 81390 250
5 81390 250
4 81461 250
3 81532 250
2 81675 250
5 81675 250
3 81817 250
5 81817 250
1 81960 250
5 81960 250
2 82104 250
5 82104 250
3 82248 250
5 82248 250
2 82392 250
5 82392 250
3 82537 250
5 82537 250
4 82609 250
3 82681 250
2 82825 250
5 82825 250
3 82969 250
5 82969 250
0 83113 250
5 83113 250
2 83258 250
5 83258 250
3 83402 250
5 83402 250
2 83546 250
5 83546 250
3 83690 250
5 83690 250
4 83762 250
3 83835 250
2 83979 250
5 83979 250
3 84123 250
5 84123 250
0 84267 250
5 84267 250
1 84412 250
5 84412 250
2 84556 250
5 84556 250
1 84700 250
5 84700 250
2 84844 250
5 84844 250
3 84916 250
2 84988 250
1 85133 250
5 85133 250
2 85277 250
5 85277 250
0 85421 250
5 85421 250
2 85565 250
5 85565 250
3 85710 250
5 85710 250
2 85854 250
5 85854 250
3 85998 250
5 85998 250
4 86070 250
3 86142 250
2 86287 250
5 86287 250
3 86431 250
5 86431 250
1 86575 250
5 86575 250
2 86719 250
5 86719 250
3 86863 250
5 86863 250
2 87008 250
5 87008 250
3 87152 250
5 87152 250
4 87224 250
3 87296 250
2 87440 250
5 87440 250
3 87585 250
5 87585 250
0 87729 250
5 87729 250
1 87873 250
5 87873 250
2 88017 250
5 88017 250
1 88162 250
5 88162 250
2 88306 250
5 88306 250
3 88378 250
2 88450 250
1 88594 250
5 88594 250
2 88738 250
5 88738 250
0 88883 250
5 88883 250
1 88941 250
2 89030 250
5 89030 250
3 89177 250
5 89177 250
2 89324 250
5 89324 250
3 89472 250
5 89472 250
4 89545 250
3 89619 250
2 89766 250
5 89766 250
3 89913 250
5 89913 250
0 90061 250
5 90061 250
2 90204 250
5 90204 250
3 90347 250
5 90347 250
2 90490 250
5 90490 250
3 90633 250
5 90633 250
4 90705 250
3 90777 250
2 90920 250
5 90920 250
3 91063 250
5 91063 250
1 91206 250
5 91206 250
2 91349 250
5 91349 250
3 91492 250
5 91492 250
2 91636 250
5 91636 250
3 91779 250
5 91779 250
4 91850 250
3 91922 250
2 92065 250
5 92065 250
3 92208 250
5 92208 250
0 92351 250
5 92351 250
2 92495 250
5 92495 250
3 92638 250
5 92638 250
2 92781 250
5 92781 250
3 92924 250
5 92924 250
4 92996 250
3 93067 250
2 93211 250
5 93211 250
3 93354 250
5 93354 250
0 93497 250
5 93497 250
1 93641 250
5 93641 250
2 93785 250
5 93785 250
1 93930 250
5 93930 250
2 94074 250
5 94074 250
3 94146 250
2 94218 250
1 94362 250
5 94362 250
0 94651 320
2 94800 250
5 94800 250
0 94949 320
5 94949 250
2 95097 250
5 95097 250
0 95246 320
5 95246 250
2 95395 250
5 95395 250
0 95544 320
5 95544 250
2 95693 250
5 95693 250
0 95842 320
5 95842 250
2 95991 250
5 95991 250
0 96140 320
5 96140 250
2 96288 250
5 96288 250
0 96437 320
5 96437 250
2 96586 250
5 96586 250
0 96735 320
5 96735 250
2 96884 250
5 96884 250
0 97033 320
5 97033 250
2 97182 250
5 97182 250
0 97331 320
5 97331 250
2 97479 250
5 97479 250
0 97628 320
5 97628 250
2 97777 250
5 97777 250
0 97926 320
5 97926 250
2 98075 250
5 98075 250
0 98224 320
5 98224 250
2 98373 250
5 98373 250
1 98522 320
5 98522 250
3 98670 250
5 98670 250
1 98819 320
5 98819 250
3 98968 250
5 98968 250
2 99117 320
5 99117 250
4 99266 250
5 99266 250
2 99415 320
5 99415 250
4 99564 250
5 99564 250
2 99713 320
5 99713 250
4 99861 250
5 99861 250
2 100010 320
5 100010 250
4 100159 250
5 100159 250
2 100308 320
5 100308 250
4 100457 250
5 100457 250
2 100606 320
5 100606 250
4 100755 250
5 100755 250
2 100904 320
5 100904 250
4 101052 250
5 101052 250
2 101201 320
5 101201 250
4 101350 250
5 101350 250
2 101499 320
5 101499 250
4 101648 250
5 101648 250
2 101797 320
5 101797 250
4 101946 250
5 101946 250
2 102095 320
5 102095 250
4 102243 250
5 102243 250
2 102392 320
5 102392 250
4 102544 250
5 102544 250
3 102696 250
5 102696 250
4 102847 250
5 102847 250
2 102999 250
5 102999 250
3 103151 250
5 103151 250
1 103302 250
5 103302 250
3 103454 250
5 103454 250
1 103606 250
5 103606 250
2 103757 250
5 103757 250
0 103909 321
5 103909 250
2 104061 250
5 104061 250
0 104212 320
5 104212 250
2 104212 1882
2 104364 250
5 104364 250
0 104516 320
5 104516 250
2 104668 250
5 104668 250
0 104819 320
5 104819 250
2 104966 250
5 104966 250
0 105113 320
5 105113 250
2 105259 250
5 105259 250
0 105406 320
5 105406 250
2 105552 250
5 105552 250
0 105699 320
5 105699 250
2 105846 250
5 105846 250
0 105992 320
5 105992 250
2 106139 250
5 106139 250
0 106286 320
5 106286 250
2 106432 250
5 106432 250
0 106579 320
5 106579 250
2 106726 250
5 106726 250
0 106872 320
5 106872 250
2 107019 250
5 107019 250
0 107165 319
5 107165 250
2 107305 250
5 107305 250
0 107445 319
5 107445 250
2 107585 250
5 107585 250
0 107724 319
5 107724 250
2 107864 250
5 107864 250
0 108004 250
5 108004 250
0 108143 250
2 108143 250
0 108283 250
2 108283 250
0 108423 250
2 108423 250
7 108562 250
5 108562 250
7 108702 250
1 108842 319
2 108842 319
4 108842 319
1 109125 250
2 109125 250
4 109125 250
1 109267 250
2 109267 250
4 109267 250
1 109409 250
2 109409 250
4 109409 250
1 109551 250
2 109551 250
4 109551 250
1 109693 250
2 109693 250
4 109693 250
1 109834 250
2 109834 250
4 109834 250
1 109976 250
2 109976 250
4 109976 250
1 110118 250
2 110118 250
4 110118 250
1 110260 250
2 110260 250
4 110260 250
1 110402 250
2 110402 250
4 110402 250
1 110543 250
2 110543 250
4 110543 250
1 110685 250
2 110685 250
4 110685 250
7 110827 250
5 110827 250
7 110969 250
2 111111 250
3 111111 250
2 111252 250
3 111252 250
2 111394 250
3 111394 250
2 111536 250
3 111536 250
2 111678 250
3 111678 250
2 111820 250
3 111820 250
2 111961 250
3 111961 250
2 112103 250
3 112103 250
2 112245 250
3 112245 250
2 112387 250
3 112387 250
2 112529 250
3 112529 250
2 112670 250
3 112670 250
2 112812 250
3 112812 250
2 112954 250
3 112954 250
7 113096 250
5 113096 250
7 113238 250
0 113379 319
3 113379 319
4 113379 319
0 113663 250
3 113663 250
4 113663 250
0 113805 250
3 113805 250
4 113805 250
0 113947 319
3 113947 319
4 113947 319
0 114230 250
3 114230 250
4 114230 250
0 114372 250
3 114372 250
4 114372 250
0 114514 250
3 114514 250
4 114514 250
0 114656 250
3 114656 250
4 114656 250
0 114797 250
3 114797 250
4 114797 250
0 114939 250
3 114939 250
4 114939 250
0 115081 250
3 115081 250
4 115081 250
0 115223 250
3 115223 250
4 115223 250
0 115365 250
3 115365 250
4 115365 250
0 115506 250
3 115506 250
4 115506 250
0 115648 250
3 115648 250
4 115648 250
0 115787 250
3 115787 250
4 115787 250
0 115926 250
3 115926 250
4 115926 250
0 116065 250
3 116065 250
4 116065 250
0 116204 250
3 116204 250
4 116204 250
0 116342 250
3 116342 250
4 116342 250
0 116481 250
3 116481 250
4 116481 250
0 116620 250
3 116620 250
4 116620 250
0 116759 250
3 116759 250
4 116759 250
0 116898 250
3 116898 250
4 116898 250
0 117036 250
3 117036 250
4 117036 250
0 117175 250
3 117175 250
4 117175 250
0 117314 250
3 117314 250
4 117314 250
0 117453 250
3 117453 250
4 117453 250
7 117592 250
5 117592 250
7 117730 250
1 117869 250
2 117869 250
4 117869 250
1 118010 250
2 118010 250
4 118010 250
1 118152 250
2 118152 250
4 118152 250
1 118293 250
2 118293 250
4 118293 250
1 118434 250
2 118434 250
4 118434 250
1 118575 250
2 118575 250
4 118575 250
1 118717 250
2 118717 250
4 118717 250
1 118858 250
2 118858 250
4 118858 250
1 118999 250
2 118999 250
4 118999 250
1 119140 250
2 119140 250
4 119140 250
1 119282 250
2 119282 250
4 119282 250
1 119423 250
2 119423 250
4 119423 250
1 119564 250
2 119564 250
4 119564 250
1 119705 250
2 119705 250
4 119705 250
7 119847 250
5 119847 250
7 119988 250
2 120129 250
3 120129 250
2 120270 250
3 120270 250
2 120412 250
3 120412 250
2 120553 250
3 120553 250
2 120694 250
3 120694 250
2 120835 250
3 120835 250
2 120977 250
3 120977 250
2 121118 250
3 121118 250
2 121259 250
3 121259 250
2 121400 250
3 121400 250
2 121541 250
3 121541 250
2 121683 250
3 121683 250
2 121824 250
3 121824 250
2 121965 250
3 121965 250
7 122106 250
5 122106 250
7 122248 250
0 122389 250
3 122389 250
4 122389 250
0 122529 250
3 122529 250
4 122529 250
0 122668 250
3 122668 250
4 122668 250
0 122808 250
3 122808 250
4 122808 250
0 122948 250
3 122948 250
4 122948 250
0 123088 250
3 123088 250
4 123088 250
0 123227 250
3 123227 250
4 123227 250
0 123367 250
3 123367 250
4 123367 250
0 123507 250
3 123507 250
4 123507 250
0 123646 250
3 123646 250
4 123646 250
0 123786 250
3 123786 250
4 123786 250
0 123926 250
3 123926 250
4 123926 250
0 124066 250
3 124066 250
4 124066 250
0 124205 250
3 124205 250
4 124205 250
0 124345 250
3 124345 250
4 124345 250
0 124485 250
3 124485 250
4 124485 250
0 124625 250
3 124625 250
4 124625 250
0 124764 250
3 124764 250
4 124764 250
0 124904 250
3 124904 250
4 124904 250
0 125044 250
3 125044 250
4 125044 250
0 125184 250
3 125184 250
4 125184 250
0 125323 250
3 125323 250
4 125323 250
0 125463 250
3 125463 250
4 125463 250
0 125603 250
3 125603 250
4 125603 250
0 125742 250
3 125742 250
4 125742 250
0 125882 250
3 125882 250
4 125882 250
0 126022 250
3 126022 250
4 126022 250
0 126162 250
3 126162 250
4 126162 250
0 126301 250
3 126301 250
4 126301 250
0 126441 250
3 126441 250
4 126441 250
7 126581 250
5 126581 250
7 126721 250
1 126860 250
2 126860 250
4 126860 250
2 126860 1786
1 127002 250
2 127002 250
4 127002 250
1 127144 250
2 127144 250
4 127144 250
1 127286 250
2 127286 250
4 127286 250
1 127427 250
2 127427 250
4 127427 250
1 127569 250
2 127569 250
4 127569 250
1 127711 250
2 127711 250
4 127711 250
1 127853 250
2 127853 250
4 127853 250
1 127995 250
2 127995 250
4 127995 250
1 128136 250
2 128136 250
4 128136 250
1 128278 250
2 128278 250
4 128278 250
1 128420 250
2 128420 250
4 128420 250
1 128562 250
2 128562 250
4 128562 250
1 128704 250
2 128704 250
4 128704 250
7 128845 250
5 128845 250
7 128987 250
2 129129 250
3 129129 250
2 129271 250
3 129271 250
2 129413 250
3 129413 250
2 129554 250
3 129554 250
2 129696 250
3 129696 250
2 129838 250
3 129838 250
2 129980 250
3 129980 250
2 130122 250
3 130122 250
2 130263 250
3 130263 250
2 130405 250
3 130405 250
2 130547 250
3 130547 250
2 130689 250
3 130689 250
2 130831 250
3 130831 250
2 130969 250
3 130969 250
7 131108 250
5 131108 250
7 131246 250
0 131385 250
3 131385 250
4 131385 250
0 131524 250
3 131524 250
4 131524 250
0 131663 250
3 131663 250
4 131663 250
0 131803 250
3 131803 250
4 131803 250
0 131942 250
3 131942 250
4 131942 250
0 132081 250
3 132081 250
4 132081 250
0 132221 250
3 132221 250
4 132221 250
0 132360 250
3 132360 250
4 132360 250
0 132500 250
3 132500 250
4 132500 250
0 132639 250
3 132639 250
4 132639 250
0 132778 250
3 132778 250
4 132778 250
0 132918 250
3 132918 250
4 132918 250
0 133057 250
3 133057 250
4 133057 250
0 133196 250
3 133196 250
4 133196 250
0 133336 250
3 133336 250
4 133336 250
0 133475 250
3 133475 250
4 133475 250
0 133614 250
3 133614 250
4 133614 250
0 133755 250
3 133755 250
4 133755 250
0 133896 250
3 133896 250
4 133896 250
0 134037 250
3 134037 250
4 134037 250
0 134178 250
3 134178 250
4 134178 250
0 134318 250
3 134318 250
4 134318 250
0 134459 250
3 134459 250
4 134459 250
0 134600 250
3 134600 250
4 134600 250
0 134741 250
3 134741 250
4 134741 250
0 134878 250
3 134878 250
4 134878 250
0 135016 250
3 135016 250
4 135016 250
0 135153 250
3 135153 250
4 135153 250
0 135291 250
3 135291 250
4 135291 250
7 135428 250
5 135428 250
7 135566 250
7 135703 250
1 135841 319
2 135841 319
4 135841 319
1 136124 250
2 136124 250
4 136124 250
1 136266 250
2 136266 250
4 136266 250
1 136408 250
2 136408 250
4 136408 250
1 136550 250
2 136550 250
4 136550 250
1 136692 250
2 136692 250
4 136692 250
1 136833 250
2 136833 250
4 136833 250
1 136975 250
2 136975 250
4 136975 250
1 137114 250
2 137114 250
4 137114 250
1 137254 250
2 137254 250
4 137254 250
1 137393 250
2 137393 250
4 137393 250
1 137532 250
2 137532 250
4 137532 250
1 137672 250
2 137672 250
4 137672 250
7 137811 250
5 137811 250
7 137950 250
2 138089 318
3 138089 318
2 138368 250
3 138368 250
2 138507 250
3 138507 250
2 138647 250
3 138647 250
2 138786 250
3 138786 250
2 138925 250
3 138925 250
2 139064 250
3 139064 250
2 139204 250
3 139204 250
2 139343 250
3 139343 250
2 139482 250
3 139482 250
2 139622 250
3 139622 250
2 139761 250
3 139761 250
2 139900 250
3 139900 250
2 140039 250
3 140039 250
2 140179 250
3 140179 250
0 140318 250
3 140318 250
4 140318 250
0 140457 250
3 140457 250
4 140457 250
0 140597 318
3 140597 318
4 140597 318
0 140875 318
3 140875 318
4 140875 318
0 141154 250
3 141154 250
4 141154 250
0 141293 250
3 141293 250
4 141293 250
0 141432 250
3 141432 250
4 141432 250
0 141572 250
3 141572 250
4 141572 250
0 141711 318
3 141711 318
4 141711 318
0 141989 318
3 141989 318
4 141989 318
0 142268 250
3 142268 250
4 142268 250
0 142407 250
3 142407 250
4 142407 250
0 142547 250
3 142547 250
4 142547 250
0 142686 250
3 142686 250
4 142686 250
0 142825 318
3 142825 318
4 142825 318
0 143104 318
3 143104 318
4 143104 318
0 143382 250
3 143382 250
4 143382 250
0 143522 250
3 143522 250
4 143522 250
0 143661 250
3 143661 250
4 143661 250
0 143801 250
3 143801 250
4 143801 250
0 143941 319
3 143941 319
4 143941 319
0 144220 319
3 144220 319
4 144220 319
7 144502 250
7 144643 250
0 144784 250
5 144784 250
2 144929 250
5 144929 250
3 145075 250
5 145075 250
2 145221 250
5 145221 250
3 145366 250
5 145366 250
4 145439 250
3 145512 250
2 145658 250
5 145658 250
3 145803 250
5 145803 250
1 145949 250
5 145949 250
2 146095 250
5 146095 250
3 146240 250
5 146240 250
2 146386 250
5 146386 250
3 146532 250
5 146532 250
4 146605 250
3 146678 250
2 146823 250
5 146823 250
3 146969 250
5 146969 250
0 147115 250
5 147115 250
1 147260 250
5 147260 250
2 147406 250
5 147406 250
1 147552 250
5 147552 250
2 147697 250
5 147697 250
3 147770 250
2 147843 250
1 147989 250
5 147989 250
2 148134 250
5 148134 250
0 148280 250
5 148280 250
1 148338 250
2 148426 250
5 148426 250
3 148572 250
5 148572 250
2 148717 250
5 148717 250
3 148863 250
5 148863 250
4 148936 250
3 149009 250
2 149154 250
5 149154 250
3 149300 250
5 149300 250
0 149446 250
5 149446 250
2 149446 1786
2 149590 250
5 149590 250
3 149735 250
5 149735 250
2 149880 250
5 149880 250
3 150025 250
5 150025 250
4 150097 250
3 150169 250
2 150314 250
5 150314 250
3 150459 250
5 150459 250
1 150603 250
5 150603 250
2 150748 250
5 150748 250
3 150893 250
5 150893 250
2 151037 250
5 151037 250
3 151182 250
5 151182 250
4 151255 250
3 151327 250
2 151472 250
5 151472 250
3 151616 250
5 151616 250
0 151761 250
5 151761 250
2 151901 250
5 151901 250
3 152042 250
5 152042 250
2 152182 250
5 152182 250
3 152322 250
5 152322 250
4 152392 250
3 152462 250
2 152602 250
5 152602 250
3 152743 250
5 152743 250
0 152883 250
5 152883 250
1 153023 250
5 153023 250
2 153163 250
5 153163 250
1 153304 250
5 153304 250
2 153444 250
5 153444 250
3 153514 250
2 153584 250
1 153724 250
5 153724 250
2 153865 250
5 153865 250
0 154005 250
5 154005 250
2 154149 250
5 154149 250
3 154293 250
5 154293 250
2 154437 250
5 154437 250
3 154581 250
5 154581 250
4 154653 250
3 154725 250
2 154869 250
5 154869 250
3 155013 250
5 155013 250
1 155157 250
5 155157 250
2 155301 250
5 155301 250
3 155445 250
5 155445 250
2 155589 250
5 155589 250
3 155733 250
5 155733 250
4 155805 250
3 155877 250
2 156021 250
5 156021 250
3 156165 250
5 156165 250
0 156309 250
5 156309 250
1 156453 250
5 156453 250
2 156597 250
5 156597 250
1 156741 250
5 156741 250
2 156885 250
5 156885 250
3 156957 250
2 157029 250
1 157173 250
5 157173 250
2 157317 250
5 157317 250
0 157461 250
5 157461 250
1 157518 250
2 157605 250
5 157605 250
3 157750 250
5 157750 250
2 157894 250
5 157894 250
3 158038 250
5 158038 250
4 158110 250
3 158182 250
2 158326 250
5 158326 250
3 158470 250
5 158470 250
0 158614 250
5 158614 250
2 158755 250
5 158755 250
3 158897 250
5 158897 250
2 159038 250
5 159038 250
3 159180 250
5 159180 250
4 159250 250
3 159321 250
2 159462 250
5 159462 250
3 159604 250
5 159604 250
1 159745 250
5 159745 250
2 159887 250
5 159887 250
3 160028 250
5 160028 250
2 160170 250
5 160170 250
3 160311 250
5 160311 250
4 160382 250
3 160453 250
2 160594 250
5 160594 250
3 160736 250
5 160736 250
0 160877 250
5 160877 250
2 161020 250
5 161020 250
3 161163 250
5 161163 250
2 161306 250
5 161306 250
3 161449 250
5 161449 250
4 161521 250
3 161592 250
2 161735 250
5 161735 250
3 161878 250
5 161878 250
0 162021 250
5 162021 250
1 162164 250
5 162164 250
2 162307 250
5 162307 250
1 162450 250
5 162450 250
2 162593 250
5 162593 250
3 162664 250
2 162736 250
1 162879 250
5 162879 250
2 163022 250
5 163022 250
0 163165 250
5 163165 250
2 163308 250
5 163308 250
3 163451 250
5 163451 250
2 163594 250
5 163594 250
3 163737 250
5 163737 250
4 163808 250
3 163880 250
2 164023 250
5 164023 250
3 164166 250
5 164166 250
1 164309 250
5 164309 250
2 164452 250
5 164452 250
3 164594 250
5 164594 250
2 164737 250
5 164737 250
3 164880 250
5 164880 250
4 164952 250
3 165023 250
2 165166 250
5 165166 250
3 165309 250
5 165309 250
0 165452 250
5 165452 250
1 165595 250
5 165595 250
2 165738 250
5 165738 250
1 165881 250
5 165881 250
2 166024 250
5 166024 250
3 166096 250
2 166167 250
1 166310 250
5 166310 250
2 166453 250
5 166453 250
0 166596 250
5 166596 250
1 166653 250
2 166739 250
5 166739 250
3 166882 250
5 166882 250
2 167025 250
5 167025 250
3 167168 250
5 167168 250
4 167240 250
3 167311 250
2 167454 250
5 167454 250
3 167597 250
5 167597 250
0 167740 250
5 167740 250
2 167883 250
5 167883 250
3 168026 250
5 168026 250
2 168169 250
5 168169 250
3 168312 250
5 168312 250
4 168383 250
3 168455 250
2 168598 250
5 168598 250
3 168741 250
5 168741 250
1 168884 250
5 168884 250
2 169027 250
5 169027 250
3 169170 250
5 169170 250
2 169313 250
5 169313 250
3 169456 250
5 169456 250
4 169527 250
3 169599 250
2 169742 250
5 169742 250
3 169885 250
5 169885 250
0 170028 250
5 170028 250
2 170169 250
5 170169 250
3 170310 250
5 170310 250
2 170451 250
5 170451 250
3 170592 250
5 170592 250
4 170662 250
3 170733 250
2 170874 250
5 170874 250
3 171015 250
5 171015 250
0 171156 250
5 171156 250
1 171297 250
5 171297 250
2 171438 250
5 171438 250
1 171579 250
5 171579 250
2 171721 250
5 171721 250
3 171791 250
2 171862 250
1 172003 250
5 172003 250
2 172144 250
5 172144 250
0 172285 250
5 172285 250
2 172285 1786
2 172430 250
5 172430 250
3 172575 250
5 172575 250
2 172719 250
5 172719 250
3 172864 250
5 172864 250
4 172937 250
3 173009 250
2 173154 250
5 173154 250
3 173299 250
5 173299 250
1 173444 250
5 173444 250
2 173588 250
5 173588 250
3 173733 250
5 173733 250
2 173878 250
5 173878 250
3 174023 250
5 174023 250
4 174095 250
3 174168 250
2 174313 250
5 174313 250
3 174458 250
5 174458 250
0 174602 250
5 174602 250
1 174747 250
5 174747 250
2 174891 250
5 174891 250
1 175036 250
5 175036 250
2 175180 250
5 175180 250
3 175252 250
2 175324 250
1 175469 250
5 175469 250
2 175613 250
5 175613 250
0 175757 250
5 175757 250
1 175815 250
2 175902 250
5 175902 250
3 176046 250
5 176046 250
2 176191 250
5 176191 250
3 176335 250
5 176335 250
4 176407 250
3 176479 250
2 176624 250
5 176624 250
3 176768 250
5 176768 250
0 176912 250
5 176912 250
2 177056 250
5 177056 250
3 177200 250
5 177200 250
2 177343 250
5 177343 250
3 177487 250
5 177487 250
4 177559 250
3 177631 250
2 177775 250
5 177775 250
3 177918 250
5 177918 250
1 178062 250
5 178062 250
2 178206 250
5 178206 250
3 178349 250
5 178349 250
2 178493 250
5 178493 250
3 178637 250
5 178637 250
4 178708 250
3 178780 250
2 178924 250
5 178924 250
3 179068 250
5 179068 250
0 179211 250
5 179211 250
2 179355 250
5 179355 250
3 179499 250
5 179499 250
2 179642 250
5 179642 250
3 179786 250
5 179786 250
4 179858 250
3 179930 250
2 180073 250
5 180073 250
3 180217 250
5 180217 250
0 180361 250
5 180361 250
1 180504 250
5 180504 250
2 180648 250
5 180648 250
1 180792 250
5 180792 250
2 180935 250
5 180935 250
3 181007 250
2 181079 250
1 181223 250
5 181223 250
2 181367 250
5 181367 250
0 181510 250
5 181510 250
2 181655 250
5 181655 250
3 181801 250
5 181801 250
2 181946 250
5 181946 250
3 182091 250
5 182091 250
4 182164 250
3 182237 250
2 182382 250
5 182382 250
3 182527 250
5 182527 250
1 182672 250
5 182672 250
2 182818 250
5 182818 250
3 182963 250
5 182963 250
2 183108 250
5 183108 250
3 183253 250
5 183253 250
4 183326 250
3 183399 250
2 183544 250
5 183544 250
3 183689 250
5 183689 250
0 183834 250
5 183834 250
1 183979 250
5 183979 250
2 184124 250
5 184124 250
1 184268 250
5 184268 250
2 184413 250
5 184413 250
3 184485 250
2 184558 250
1 184702 250
5 184702 250
2 184847 250
5 184847 250
0 184991 250
5 184991 250
1 185049 250
2 185136 250
5 185136 250
3 185281 250
5 185281 250
2 185425 250
5 185425 250
3 185570 250
5 185570 250
4 185642 250
3 185715 250
2 185859 250
5 185859 250
3 186004 250
5 186004 250
0 186149 250
5 186149 250
2 186293 250
5 186293 250
3 186438 250
5 186438 250
2 186582 250
5 186582 250
3 186727 250
5 186727 250
4 186799 250
3 186872 250
2 187016 250
5 187016 250
3 187161 250
5 187161 250
1 187306 250
5 187306 250
2 187450 250
5 187450 250
3 187595 250
5 187595 250
2 187739 250
5 187739 250
3 187884 250
5 187884 250
4 187956 250
3 188029 250
2 188173 250
5 188173 250
3 188318 250
5 188318 250
0 188463 250
5 188463 250
2 188603 250
5 188603 250
3 188744 250
5 188744 250
2 188884 250
5 188884 250
3 189025 250
5 189025 250
4 189095 250
3 189165 250
2 189306 250
5 189306 250
3 189446 250
5 189446 250
0 189587 250
5 189587 250
1 189730 250
5 189730 250
2 189873 250
5 189873 250
1 190016 250
5 190016 250
2 190159 250
5 190159 250
3 190230 250
2 190302 250
1 190445 250
5 190445 250
1 191257 250
2 191332 992
2 193737 608
3 194939 608
2 194939 1882
4 196134 1184
2 199104 368
3 199552 250
4 199851 250
1 200149 1040
0 202688 250
2 202688 250
0 202828 250
2 202828 250
0 202969 250
2 202969 250
0 203109 250
2 203109 250
0 203249 250
2 203249 250
0 203389 250
2 203389 250
0 203530 250
2 203530 250
0 203670 250
2 203670 250
0 203810 250
2 203810 250
0 203950 250
2 203950 250
0 204091 250
2 204091 250
0 204231 250
2 204231 250
0 204371 250
2 204371 250
7 204511 250
5 204511 250
7 204652 250
7 204792 250
1 204932 319
2 204932 319
4 204932 319
1 205215 250
2 205215 250
4 205215 250
1 205357 250
2 205357 250
4 205357 250
1 205498 250
2 205498 250
4 205498 250
1 205640 250
2 205640 250
4 205640 250
1 205781 250
2 205781 250
4 205781 250
1 205923 250
2 205923 250
4 205923 250
1 206065 250
2 206065 250
4 206065 250
1 206206 250
2 206206 250
4 206206 250
1 206348 250
2 206348 250
4 206348 250
1 206489 250
2 206489 250
4 206489 250
1 206631 250
2 206631 250
4 206631 250
1 206772 250
2 206772 250
4 206772 250
7 206914 250
5 206914 250
7 207055 250
2 207197 250
3 207197 250
2 207338 250
3 207338 250
2 207480 250
3 207480 250
2 207621 250
3 207621 250
2 207763 250
3 207763 250
2 207905 250
3 207905 250
2 208046 250
3 208046 250
2 208188 250
3 208188 250
2 208329 250
3 208329 250
2 208471 250
3 208471 250
2 208612 250
3 208612 250
2 208754 250
3 208754 250
2 208895 250
3 208895 250
2 209035 250
3 209035 250
7 209174 250
5 209174 250
7 209313 250
0 209453 250
3 209453 250
4 209453 250
0 209592 250
3 209592 250
4 209592 250
0 209731 250
3 209731 250
4 209731 250
0 209871 250
3 209871 250
4 209871 250
0 210010 250
3 210010 250
4 210010 250
0 210150 250
3 210150 250
4 210150 250
0 210289 250
3 210289 250
4 210289 250
0 210428 250
3 210428 250
4 210428 250
0 210568 250
3 210568 250
4 210568 250
0 210707 250
3 210707 250
4 210707 250
0 210846 250
3 210846 250
4 210846 250
0 210986 250
3 210986 250
4 210986 250
0 211125 250
3 211125 250
4 211125 250
0 211264 250
3 211264 250
4 211264 250
0 211404 250
3 211404 250
4 211404 250
0 211543 250
3 211543 250
4 211543 250
0 211682 250
3 211682 250
4 211682 250
0 211823 250
3 211823 250
4 211823 250
0 211963 250
3 211963 250
4 211963 250
0 212103 250
3 212103 250
4 212103 250
0 212243 250
3 212243 250
4 212243 250
0 212384 250
3 212384 250
4 212384 250
0 212524 250
3 212524 250
4 212524 250
0 212664 250
3 212664 250
4 212664 250
0 212804 250
3 212804 250
4 212804 250
0 212944 250
3 212944 250
4 212944 250
0 213085 250
3 213085 250
4 213085 250
0 213225 250
3 213225 250
4 213225 250
0 213365 250
3 213365 250
4 213365 250
7 213505 250
5 213505 250
7 213646 250
7 213786 250
1 213926 250
2 213926 250
4 213926 250
1 214066 250
2 214066 250
4 214066 250
1 214206 250
2 214206 250
4 214206 250
1 214347 250
2 214347 250
4 214347 250
1 214487 250
2 214487 250
4 214487 250
1 214627 250
2 214627 250
4 214627 250
1 214767 250
2 214767 250
4 214767 250
1 214907 250
2 214907 250
4 214907 250
1 215048 250
2 215048 250
4 215048 250
1 215188 250
2 215188 250
4 215188 250
1 215328 250
2 215328 250
4 215328 250
1 215468 250
2 215468 250
4 215468 250
1 215609 250
2 215609 250
4 215609 250
1 215749 250
2 215749 250
4 215749 250
7 215889 250
5 215889 250
7 216029 250
2 216169 250
3 216169 250
2 216310 250
3 216310 250
2 216450 250
3 216450 250
2 216590 250
3 216590 250
2 216730 250
3 216730 250
2 216871 250
3 216871 250
2 217011 250
3 217011 250
2 217151 250
3 217151 250
2 217291 250
3 217291 250
2 217431 250
3 217431 250
2 217572 250
3 217572 250
2 217712 250
3 217712 250
2 217852 250
3 217852 250
2 217992 250
3 217992 250
2 218132 250
3 218132 250
7 218273 250
5 218273 250
0 218413 250
3 218413 250
4 218413 250
2 218413 1882
0 218553 250
3 218553 250
4 218553 250
0 218693 250
3 218693 250
4 218693 250
0 218834 250
3 218834 250
4 218834 250
0 218974 250
3 218974 250
4 218974 250
0 219114 250
3 219114 250
4 219114 250
0 219254 250
3 219254 250
4 219254 250
0 219394 250
3 219394 250
4 219394 250
0 219535 250
3 219535 250
4 219535 250
0 219675 250
3 219675 250
4 219675 250
0 219815 250
3 219815 250
4 219815 250
0 219955 250
3 219955 250
4 219955 250
0 220096 250
3 220096 250
4 220096 250
0 220236 250
3 220236 250
4 220236 250
0 220376 250
3 220376 250
4 220376 250
0 220516 250
3 220516 250
4 220516 250
0 220656 250
3 220656 250
4 220656 250
0 220795 250
3 220795 250
4 220795 250
0 220933 250
3 220933 250
4 220933 250
0 221071 250
3 221071 250
4 221071 250
0 221209 250
3 221209 250
4 221209 250
0 221348 250
3 221348 250
4 221348 250
0 221486 250
3 221486 250
4 221486 250
0 221624 250
3 221624 250
4 221624 250
0 221763 250
3 221763 250
4 221763 250
0 221901 250
3 221901 250
4 221901 250
0 222039 250
3 222039 250
4 222039 250
0 222177 250
3 222177 250
4 222177 250
0 222316 250
3 222316 250
4 222316 250
0 222454 250
3 222454 250
4 222454 250
7 222592 250
5 222592 250
7 222730 250
1 222869 318
2 222869 318
4 222869 318
1 223148 250
2 223148 250
4 223148 250
1 223287 250
2 223287 250
4 223287 250
1 223427 250
2 223427 250
4 223427 250
1 223567 250
2 223567 250
4 223567 250
1 223706 250
2 223706 250
4 223706 250
1 223846 250
2 223846 250
4 223846 250
1 223986 250
2 223986 250
4 223986 250
1 224125 250
2 224125 250
4 224125 250
1 224265 250
2 224265 250
4 224265 250
1 224404 250
2 224404 250
4 224404 250
1 224544 250
2 224544 250
4 224544 250
1 224684 250
2 224684 250
4 224684 250
7 224823 250
5 224823 250
7 224963 250
2 225103 250
3 225103 250
2 225242 250
3 225242 250
2 225382 250
3 225382 250
2 225521 250
3 225521 250
2 225661 250
3 225661 250
2 225801 250
3 225801 250
2 225940 250
3 225940 250
2 226080 250
3 226080 250
2 226220 250
3 226220 250
2 226359 250
3 226359 250
2 226499 250
3 226499 250
2 226638 250
3 226638 250
2 226778 250
3 226778 250
2 226918 250
3 226918 250
2 227057 250
3 227057 250
7 227197 250
5 227197 250
0 227337 250
3 227337 250
4 227337 250
0 227476 250
3 227476 250
4 227476 250
0 227616 250
3 227616 250
4 227616 250
0 227755 250
3 227755 250
4 227755 250
0 227895 250
3 227895 250
4 227895 250
0 228035 250
3 228035 250
4 228035 250
0 228174 250
3 228174 250
4 228174 250
0 228314 250
3 228314 250
4 228314 250
0 228454 250
3 228454 250
4 228454 250
0 228593 250
3 228593 250
4 228593 250
0 228733 250
3 228733 250
4 228733 250
0 228872 250
3 228872 250
4 228872 250
0 229012 250
3 229012 250
4 229012 250
0 229152 250
3 229152 250
4 229152 250
0 229291 250
3 229291 250
4 229291 250
0 229431 250
3 229431 250
4 229431 250
0 229570 250
3 229570 250
4 229570 250
0 229710 250
3 229710 250
4 229710 250
0 229849 250
3 229849 250
4 229849 250
0 229988 250
3 229988 250
4 229988 250
0 230127 250
3 230127 250
4 230127 250
0 230266 250
3 230266 250
4 230266 250
0 230405 250
3 230405 250
4 230405 250
0 230544 250
3 230544 250
4 230544 250
0 230683 250
3 230683 250
4 230683 250
0 230822 250
3 230822 250
4 230822 250
0 230961 250
3 230961 250
4 230961 250
0 231100 250
3 231100 250
4 231100 250
0 231240 250
3 231240 250
4 231240 250
7 231379 250
5 231379 250
7 231518 250
7 231657 250
1 231796 250
2 231796 250
4 231796 250
1 231935 250
2 231935 250
4 231935 250
1 232074 250
2 232074 250
4 232074 250
1 232213 250
2 232213 250
4 232213 250
1 232352 250
2 232352 250
4 232352 250
1 232491 250
2 232491 250
4 232491 250
1 232630 250
2 232630 250
4 232630 250
1 232770 250
2 232770 250
4 232770 250
1 232909 250
2 232909 250
4 232909 250
1 233048 250
2 233048 250
4 233048 250
1 233187 250
2 233187 250
4 233187 250
1 233326 250
2 233326 250
4 233326 250
1 233465 250
2 233465 250
4 233465 250
1 233604 250
2 233604 250
4 233604 250
7 233743 250
5 233743 250
7 233882 250
2 234021 250
3 234021 250
2 234162 250
3 234162 250
2 234302 250
3 234302 250
2 234442 250
3 234442 250
2 234582 250
3 234582 250
2 234722 250
3 234722 250
2 234863 250
3 234863 250
2 235003 250
3 235003 250
2 235143 250
3 235143 250
2 235283 250
3 235283 250
2 235424 250
3 235424 250
2 235564 250
3 235564 250
2 235704 250
3 235704 250
2 235844 250
3 235844 250
2 235984 250
3 235984 250
7 236125 250
5 236125 250
0 236265 250
3 236265 250
4 236265 250
0 236405 250
3 236405 250
4 236405 250
0 236545 250
3 236545 250
4 236545 250
0 236686 250
3 236686 250
4 236686 250
0 236826 250
3 236826 250
4 236826 250
0 236966 250
3 236966 250
4 236966 250
0 237106 250
3 237106 250
4 237106 250
0 237246 250
3 237246 250
4 237246 250
0 237387 250
3 237387 250
4 237387 250
0 237524 250
3 237524 250
4 237524 250
0 237660 250
3 237660 250
4 237660 250
0 237797 250
3 237797 250
4 237797 250
0 237934 250
3 237934 250
4 237934 250
0 238071 250
3 238071 250
4 238071 250
0 238208 250
3 238208 250
4 238208 250
0 238345 250
3 238345 250
4 238345 250
0 238482 250
3 238482 250
4 238482 250
0 238619 250
3 238619 250
4 238619 250
0 238756 250
3 238756 250
4 238756 250
0 238893 250
3 238893 250
4 238893 250
0 239030 250
3 239030 250
4 239030 250
0 239166 250
3 239166 250
4 239166 250
0 239303 250
3 239303 250
4 239303 250
0 239440 250
3 239440 250
4 239440 250
0 239577 250
3 239577 250
4 239577 250
0 239717 250
3 239717 250
4 239717 250
0 239858 250
3 239858 250
4 239858 250
0 239998 250
3 239998 250
4 239998 250
0 240138 250
3 240138 250
4 240138 250
0 240278 250
3 240278 250
4 240278 250
7 240418 250
5 240418 250
7 240559 250
1 240699 250
2 240699 250
4 240699 250
2 240699 1786
1 240837 250
2 240837 250
4 240837 250
1 240975 250
2 240975 250
4 240975 250
1 241113 250
2 241113 250
4 241113 250
1 241251 250
2 241251 250
4 241251 250
1 241389 250
2 241389 250
4 241389 250
1 241527 250
2 241527 250
4 241527 250
1 241665 250
2 241665 250
4 241665 250
1 241803 250
2 241803 250
4 241803 250
1 241941 250
2 241941 250
4 241941 250
1 242079 250
2 242079 250
4 242079 250
1 242217 250
2 242217 250
4 242217 250
1 242355 250
2 242355 250
4 242355 250
1 242493 250
2 242493 250
4 242493 250
7 242631 250
5 242631 250
7 242769 250
2 242907 250
3 242907 250
2 243046 250
3 243046 250
2 243185 250
3 243185 250
2 243324 250
3 243324 250
2 243463 250
3 243463 250
2 243602 250
3 243602 250
2 243741 250
3 243741 250
2 243880 250
3 243880 250
2 244019 250
3 244019 250
2 244158 250
3 244158 250
2 244297 250
3 244297 250
2 244436 250
3 244436 250
2 244575 250
3 244575 250
2 244714 250
3 244714 250
2 244853 250
3 244853 250
7 244992 250
5 244992 250
0 245131 250
3 245131 250
4 245131 250
0 245270 250
3 245270 250
4 245270 250
0 245409 250
3 245409 250
4 245409 250
0 245548 250
3 245548 250
4 245548 250
0 245687 250
3 245687 250
4 245687 250
0 245826 250
3 245826 250
4 245826 250
0 245965 250
3 245965 250
4 245965 250
0 246104 250
3 246104 250
4 246104 250
0 246243 250
3 246243 250
4 246243 250
0 246382 250
3 246382 250
4 246382 250
0 246521 250
3 246521 250
4 246521 250
0 246660 250
3 246660 250
4 246660 250
0 246799 250
3 246799 250
4 246799 250
0 246938 250
3 246938 250
4 246938 250
0 247077 250
3 247077 250
4 247077 250
0 247216 250
3 247216 250
4 247216 250
0 247355 250
3 247355 250
4 247355 250
0 247492 250
3 247492 250
4 247492 250
0 247629 250
3 247629 250
4 247629 250
0 247766 250
3 247766 250
4 247766 250
0 247903 250
3 247903 250
4 247903 250
0 248040 250
3 248040 250
4 248040 250
0 248177 250
3 248177 250
4 248177 250
0 248314 250
3 248314 250
4 248314 250
0 248451 250
3 248451 250
4 248451 250
0 248588 250
3 248588 250
4 248588 250
0 248725 250
3 248725 250
4 248725 250
0 248861 250
3 248861 250
4 248861 250
0 248998 250
3 248998 250
4 248998 250
7 249135 250
5 249135 250
7 249272 250
7 249409 250
1 249546 250
2 249546 250
4 249546 250
1 249686 250
2 249686 250
4 249686 250
1 249825 250
2 249825 250
4 249825 250
1 249965 250
2 249965 250
4 249965 250
1 250105 250
2 250105 250
4 250105 250
1 250244 250
2 250244 250
4 250244 250
1 250384 250
2 250384 250
4 250384 250
1 250524 250
2 250524 250
4 250524 250
1 250663 250
2 250663 250
4 250663 250
1 250803 250
2 250803 250
4 250803 250
1 250943 250
2 250943 250
4 250943 250
1 251082 250
2 251082 250
4 251082 250
1 251222 250
2 251222 250
4 251222 250
1 251362 250
2 251362 250
4 251362 250
7 251501 250
5 251501 250
7 251641 250
2 251781 250
3 251781 250
2 251920 250
3 251920 250
2 252060 250
3 252060 250
2 252200 250
3 252200 250
2 252339 250
3 252339 250
2 252479 250
3 252479 250
2 252619 250
3 252619 250
2 252758 250
3 252758 250
2 252898 250
3 252898 250
2 253038 250
3 253038 250
2 253177 250
3 253177 250
2 253317 250
3 253317 250
2 253457 250
3 253457 250
2 253596 250
3 253596 250
2 253736 250
3 253736 250
7 253876 250
5 253876 250
0 254015 250
3 254015 250
4 254015 250
0 254154 250
3 254154 250
4 254154 250
0 254292 250
3 254292 250
4 254292 250
0 254431 250
3 254431 250
4 254431 250
0 254569 250
3 254569 250
4 254569 250
0 254708 250
3 254708 250
4 254708 250
0 254846 250
3 254846 250
4 254846 250
0 254984 250
3 254984 250
4 254984 250
0 255123 250
3 255123 250
4 255123 250
0 255261 250
3 255261 250
4 255261 250
0 255400 250
3 255400 250
4 255400 250
0 255538 250
3 255538 250
4 255538 250
0 255677 250
3 255677 250
4 255677 250
0 255815 250
3 255815 250
4 255815 250
0 255954 250
3 255954 250
4 255954 250
0 256092 250
3 256092 250
4 256092 250
0 256230 250
3 256230 250
4 256230 250
0 256369 250
3 256369 250
4 256369 250
0 256507 250
3 256507 250
4 256507 250
0 256646 250
3 256646 250
4 256646 250
0 256784 250
3 256784 250
4 256784 250
0 256923 250
3 256923 250
4 256923 250
0 257061 250
3 257061 250
4 257061 250
0 257200 250
3 257200 250
4 257200 250
0 257338 250
3 257338 250
4 257338 250
0 257476 250
3 257476 250
4 257476 250
0 257615 250
3 257615 250
4 257615 250
0 257753 250
3 257753 250
4 257753 250
0 257892 250
3 257892 250
4 257892 250
0 258030 250
3 258030 250
4 258030 250
7 258169 250
5 258169 250
7 258307 250
1 258445 250
2 258445 250
4 258445 250
1 258586 250
2 258586 250
4 258586 250
1 258726 250
2 258726 250
4 258726 250
1 258866 250
2 258866 250
4 258866 250
1 259006 250
2 259006 250
4 259006 250
1 259147 250
2 259147 250
4 259147 250
1 259287 250
2 259287 250
4 259287 250
1 259427 250
2 259427 250
4 259427 250
1 259567 250
2 259567 250
4 259567 250
1 259707 250
2 259707 250
4 259707 250
1 259848 250
2 259848 250
4 259848 250
1 259988 250
2 259988 250
4 259988 250
1 260128 250
2 260128 250
4 260128 250
1 260268 250
2 260268 250
4 260268 250
7 260408 250
5 260408 250
7 260549 250
2 260689 250
3 260689 250
2 260829 250
3 260829 250
2 260969 250
3 260969 250
2 261110 250
3 261110 250
2 261250 250
3 261250 250
2 261390 250
3 261390 250
2 261530 250
3 261530 250
2 261670 250
3 261670 250
2 261811 250
3 261811 250
2 261951 250
3 261951 250
2 262091 250
3 262091 250
2 262231 250
3 262231 250
2 262372 250
3 262372 250
2 262512 250
3 262512 250
2 262652 250
3 262652 250
7 262792 250
5 262792 250
0 262932 250
3 262932 250
4 262932 250
2 262932 1786
0 263069 250
3 263069 250
4 263069 250
0 263206 250
3 263206 250
4 263206 250
0 263343 250
3 263343 250
4 263343 250
0 263480 250
3 263480 250
4 263480 250
0 263617 250
3 263617 250
4 263617 250
0 263754 250
3 263754 250
4 263754 250
0 263891 250
3 263891 250
4 263891 250
0 264028 250
3 264028 250
4 264028 250
0 264165 250
3 264165 250
4 264165 250
0 264302 250
3 264302 250
4 264302 250
0 264439 250
3 264439 250
4 264439 250
0 264576 250
3 264576 250
4 264576 250
0 264713 250
3 264713 250
4 264713 250
0 264850 250
3 264850 250
4 264850 250
0 264987 250
3 264987 250
4 264987 250
0 265124 250
3 265124 250
4 265124 250
0 265263 250
3 265263 250
4 265263 250
0 265402 250
3 265402 250
4 265402 250
0 265541 250
3 265541 250
4 265541 250
0 265679 250
3 265679 250
4 265679 250
0 265818 250
3 265818 250
4 265818 250
0 265957 250
3 265957 250
4 265957 250
0 266096 250
3 266096 250
4 266096 250
0 266235 250
3 266235 250
4 266235 250
0 266374 250
3 266374 250
4 266374 250
0 266512 250
3 266512 250
4 266512 250
0 266651 250
3 266651 250
4 266651 250
0 266790 250
3 266790 250
4 266790 250
0 266929 250
3 266929 250
4 266929 250
7 267068 250
5 267068 250
7 267206 250
1 267345 250
2 267345 250
4 267345 250
1 267484 250
2 267484 250
4 267484 250
1 267623 250
2 267623 250
4 267623 250
1 267762 250
2 267762 250
4 267762 250
1 267900 250
2 267900 250
4 267900 250
1 268039 250
2 268039 250
4 268039 250
1 268178 250
2 268178 250
4 268178 250
1 268317 250
2 268317 250
4 268317 250
1 268456 250
2 268456 250
4 268456 250
1 268595 250
2 268595 250
4 268595 250
1 268733 250
2 268733 250
4 268733 250
1 268872 250
2 268872 250
4 268872 250
1 269011 250
2 269011 250
4 269011 250
1 269150 250
2 269150 250
4 269150 250
7 269289 250
5 269289 250
7 269427 250
2 269566 250
3 269566 250
2 269703 250
3 269703 250
2 269841 250
3 269841 250
2 269978 250
3 269978 250
2 270115 250
3 270115 250
2 270252 250
3 270252 250
2 270389 250
3 270389 250
2 270527 250
3 270527 250
2 270664 250
3 270664 250
2 270801 250
3 270801 250
2 270938 250
3 270938 250
2 271075 250
3 271075 250
2 271212 250
3 271212 250
2 271350 250
3 271350 250
2 271487 250
3 271487 250
7 271624 250
5 271624 250
0 271761 250
3 271761 250
4 271761 250
0 271898 250
3 271898 250
4 271898 250
0 272036 250
3 272036 250
4 272036 250
0 272173 250
3 272173 250
4 272173 250
0 272310 250
3 272310 250
4 272310 250
0 272447 250
3 272447 250
4 272447 250
0 272584 250
3 272584 250
4 272584 250
0 272721 250
3 272721 250
4 272721 250
0 272859 250
3 272859 250
4 272859 250
0 272996 250
3 272996 250
4 272996 250
0 273133 250
3 273133 250
4 273133 250
0 273270 250
3 273270 250
4 273270 250
0 273407 250
3 273407 250
4 273407 250
0 273545 250
3 273545 250
4 273545 250
0 273682 250
3 273682 250
4 273682 250
0 273819 250
3 273819 250
4 273819 250
0 273956 250
3 273956 250
4 273956 250
0 274092 250
3 274092 250
4 274092 250
0 274229 250
3 274229 250
4 274229 250
0 274365 250
3 274365 250
4 274365 250
0 274502 250
3 274502 250
4 274502 250
0 274638 250
3 274638 250
4 274638 250
0 274774 250
3 274774 250
4 274774 250
0 274911 250
3 274911 250
4 274911 250
0 275047 250
3 275047 250
4 275047 250
0 275183 250
3 275183 250
4 275183 250
0 275320 250
3 275320 250
4 275320 250
0 275456 250
3 275456 250
4 275456 250
0 275592 250
3 275592 250
4 275592 250
7 275729 250
5 275729 250
7 275865 250
7 276001 250
1 276138 318
2 276138 318
4 276138 318
1 276415 250
2 276415 250
4 276415 250
1 276554 250
2 276554 250
4 276554 250
1 276693 250
2 276693 250
4 276693 250
1 276832 250
2 276832 250
4 276832 250
1 276971 250
2 276971 250
4 276971 250
1 277110 250
2 277110 250
4 277110 250
1 277248 250
2 277248 250
4 277248 250
1 277387 250
2 277387 250
4 277387 250
1 277526 250
2 277526 250
4 277526 250
1 277665 250
2 277665 250
4 277665 250
1 277804 250
2 277804 250
4 277804 250
1 277943 250
2 277943 250
4 277943 250
7 278082 250
5 278082 250
7 278220 250
2 278359 250
3 278359 250
2 278498 250
3 278498 250
2 278637 250
3 278637 250
2 278776 250
3 278776 250
2 278915 250
3 278915 250
2 279053 250
3 279053 250
2 279192 250
3 279192 250
2 279331 250
3 279331 250
2 279470 250
3 279470 250
2 279609 250
3 279609 250
2 279748 250
3 279748 250
2 279886 250
3 279886 250
2 280025 250
3 280025 250
2 280164 250
3 280164 250
2 280303 250
3 280303 250
7 280442 250
5 280442 250
0 280581 250
3 280581 250
4 280581 250
0 280718 250
3 280718 250
4 280718 250
0 280855 250
3 280855 250
4 280855 250
0 280993 250
3 280993 250
4 280993 250
0 281130 250
3 281130 250
4 281130 250
0 281268 250
3 281268 250
4 281268 250
0 281405 250
3 281405 250
4 281405 250
0 281542 250
3 281542 250
4 281542 250
0 281680 250
3 281680 250
4 281680 250
0 281817 250
3 281817 250
4 281817 250
0 281955 250
3 281955 250
4 281955 250
0 282092 250
3 282092 250
4 282092 250
0 282229 250
3 282229 250
4 282229 250
0 282367 250
3 282367 250
4 282367 250
0 282504 250
3 282504 250
4 282504 250
0 282642 250
3 282642 250
4 282642 250
0 282779 250
3 282779 250
4 282779 250
0 282915 250
3 282915 250
4 282915 250
0 283051 250
3 283051 250
4 283051 250
0 283188 250
3 283188 250
4 283188 250
0 283324 250
3 283324 250
4 283324 250
0 283460 250
3 283460 250
4 283460 250
0 283596 250
3 283596 250
4 283596 250
0 283732 250
3 283732 250
4 283732 250
0 283869 250
3 283869 250
4 283869 250
0 284005 250
3 284005 250
4 284005 250
0 284141 250
3 284141 250
4 284141 250
0 284277 250
3 284277 250
4 284277 250
0 284413 250
3 284413 250
4 284413 250
0 284550 250
3 284550 250
4 284550 250
7 284686 250
5 284686 250
7 284822 250
1 284958 250
2 284958 250
4 284958 250
2 284958 1786
1 285098 250
2 285098 250
4 285098 250
1 285237 250
2 285237 250
4 285237 250
1 285376 250
2 285376 250
4 285376 250
1 285516 250
2 285516 250
4 285516 250
1 285655 250
2 285655 250
4 285655 250
1 285795 250
2 285795 250
4 285795 250
1 285934 250
2 285934 250
4 285934 250
1 286073 250
2 286073 250
4 286073 250
1 286213 250
2 286213 250
4 286213 250
1 286352 250
2 286352 250
4 286352 250
1 286492 250
2 286492 250
4 286492 250
1 286631 250
2 286631 250
4 286631 250
1 286771 250
2 286771 250
4 286771 250
7 286910 250
5 286910 250
7 287049 250
2 287189 250
3 287189 250
2 287328 250
3 287328 250
2 287466 250
3 287466 250
2 287605 250
3 287605 250
2 287744 250
3 287744 250
2 287883 250
3 287883 250
2 288022 250
3 288022 250
2 288161 250
3 288161 250
2 288299 250
3 288299 250
2 288438 250
3 288438 250
2 288577 250
3 288577 250
2 288716 250
3 288716 250
2 288855 250
3 288855 250
2 288994 250
3 288994 250
2 289133 250
3 289133 250
7 289271 250
5 289271 250
0 289410 250
3 289410 250
4 289410 250
0 289549 250
3 289549 250
4 289549 250
0 289688 250
3 289688 250
4 289688 250
0 289827 250
3 289827 250
4 289827 250
0 289966 250
3 289966 250
4 289966 250
0 290103 250
3 290103 250
4 290103 250
0 290240 250
3 290240 250
4 290240 250
0 290377 250
3 290377 250
4 290377 250
0 290514 250
3 290514 250
4 290514 250
0 290651 250
3 290651 250
4 290651 250
0 290788 250
3 290788 250
4 290788 250
0 290925 250
3 290925 250
4 290925 250
0 291062 250
3 291062 250
4 291062 250
0 291199 250
3 291199 250
4 291199 250
0 291336 250
3 291336 250
4 291336 250
0 291473 250
3 291473 250
4 291473 250
0 291610 250
3 291610 250
4 291610 250
0 291747 250
3 291747 250
4 291747 250
0 291884 250
3 291884 250
4 291884 250
0 292021 250
3 292021 250
4 292021 250
0 292158 250
3 292158 250
4 292158 250
0 292295 250
3 292295 250
4 292295 250
0 292432 250
3 292432 250
4 292432 250
0 292569 250
3 292569 250
4 292569 250
0 292706 250
3 292706 250
4 292706 250
0 292843 250
3 292843 250
4 292843 250
0 292980 250
3 292980 250
4 292980 250
0 293117 250
3 293117 250
4 293117 250
0 293254 250
3 293254 250
4 293254 250
7 293391 250
5 293391 250
7 293528 250
7 293665 250
1 293802 250
2 293802 250
4 293802 250
1 293941 250
2 293941 250
4 293941 250
1 294079 250
2 294079 250
4 294079 250
1 294218 250
2 294218 250
4 294218 250
1 294356 250
2 294356 250
4 294356 250
1 294494 250
2 294494 250
4 294494 250
1 294633 250
2 294633 250
4 294633 250
1 294771 250
2 294771 250
4 294771 250
1 294910 250
2 294910 250
4 294910 250
1 295048 250
2 295048 250
4 295048 250
1 295187 250
2 295187 250
4 295187 250
1 295325 250
2 295325 250
4 295325 250
1 295464 250
2 295464 250
4 295464 250
1 295602 250
2 295602 250
4 295602 250
7 295741 250
5 295741 250
7 295879 250
2 296018 250
3 296018 250
2 296156 250
3 296156 250
2 296295 250
3 296295 250
2 296433 250
3 296433 250
2 296572 250
3 296572 250
2 296710 250
3 296710 250
2 296848 250
3 296848 250
2 296987 250
3 296987 250
2 297125 250
3 297125 250
2 297264 250
3 297264 250
2 297402 250
3 297402 250
2 297541 250
3 297541 250
2 297679 250
3 297679 250
2 297818 250
3 297818 250
2 297956 250
3 297956 250
7 298095 250
5 298095 250
0 298233 250
3 298233 250
4 298233 250
0 298372 250
3 298372 250
4 298372 250
0 298510 250
3 298510 250
4 298510 250
0 298649 250
3 298649 250
4 298649 250
0 298787 250
3 298787 250
4 298787 250
0 298926 250
3 298926 250
4 298926 250
0 299064 250
3 299064 250
4 299064 250
0 299202 250
3 299202 250
4 299202 250
0 299341 250
3 299341 250
4 299341 250
0 299479 250
3 299479 250
4 299479 250
0 299618 250
3 299618 250
4 299618 250
0 299756 250
3 299756 250
4 299756 250
0 299895 250
3 299895 250
4 299895 250
0 300029 250
3 300029 250
4 300029 250
0 300163 250
3 300163 250
4 300163 250
0 300297 250
3 300297 250
4 300297 250
0 300431 250
3 300431 250
4 300431 250
0 300568 250
3 300568 250
4 300568 250
0 300705 250
3 300705 250
4 300705 250
0 300841 250
3 300841 250
4 300841 250
0 300978 250
3 300978 250
4 300978 250
0 301115 250
3 301115 250
4 301115 250
0 301252 250
3 301252 250
4 301252 250
0 301389 250
3 301389 250
4 301389 250
0 301525 250
3 301525 250
4 301525 250
0 301662 250
3 301662 250
4 301662 250
0 301799 250
3 301799 250
4 301799 250
0 301936 250
3 301936 250
4 301936 250
0 302073 250
3 302073 250
4 302073 250
7 302210 250
5 302210 250
7 302346 250
7 302483 250
1 302620 250
2 302620 250
4 302620 250
1 302759 250
2 302759 250
4 302759 250
1 302898 250
2 302898 250
4 302898 250
1 303036 250
2 303036 250
4 303036 250
1 303175 250
2 303175 250
4 303175 250
1 303314 250
2 303314 250
4 303314 250
1 303453 250
2 303453 250
4 303453 250
1 303592 250
2 303592 250
4 303592 250
1 303731 250
2 303731 250
4 303731 250
1 303870 250
2 303870 250
4 303870 250
1 304008 250
2 304008 250
4 304008 250
1 304147 250
2 304147 250
4 304147 250
1 304286 250
2 304286 250
4 304286 250
1 304425 250
2 304425 250
4 304425 250
7 304564 250
5 304564 250
7 304703 250
2 304841 250
3 304841 250
2 304980 250
3 304980 250
2 305119 250
3 305119 250
2 305258 250
3 305258 250
2 305397 250
3 305397 250
2 305536 250
3 305536 250
2 305675 250
3 305675 250
2 305813 250
3 305813 250
2 305952 250
3 305952 250
2 306091 250
3 306091 250
2 306230 250
3 306230 250
2 306369 250
3 306369 250
2 306508 250
3 306508 250
2 306646 250
3 306646 250
2 306785 250
3 306785 250
7 306924 250
5 306924 250
0 307063 250
3 307063 250
4 307063 250
2 307063 1882
0 307202 250
3 307202 250
4 307202 250
0 307341 250
3 307341 250
4 307341 250
0 307479 250
3 307479 250
4 307479 250
0 307618 250
3 307618 250
4 307618 250
0 307756 250
3 307756 250
4 307756 250
0 307893 250
3 307893 250
4 307893 250
0 308030 250
3 308030 250
4 308030 250
0 308167 250
3 308167 250
4 308167 250
0 308305 250
3 308305 250
4 308305 250
0 308442 250
3 308442 250
4 308442 250
0 308579 250
3 308579 250
4 308579 250
0 308716 250
3 308716 250
4 308716 250
0 308854 250
3 308854 250
4 308854 250
0 308991 250
3 308991 250
4 308991 250
0 309128 250
3 309128 250
4 309128 250
0 309265 250
3 309265 250
4 309265 250
0 309403 250
3 309403 250
4 309403 250
0 309540 250
3 309540 250
4 309540 250
0 309677 250
3 309677 250
4 309677 250
0 309815 250
3 309815 250
4 309815 250
0 309952 250
3 309952 250
4 309952 250
0 310089 250
3 310089 250
4 310089 250
0 310226 250
3 310226 250
4 310226 250
0 310364 250
3 310364 250
4 310364 250
0 310501 250
3 310501 250
4 310501 250
0 310638 250
3 310638 250
4 310638 250
0 310775 250
3 310775 250
4 310775 250
0 310913 250
3 310913 250
4 310913 250
0 311050 250
3 311050 250
4 311050 250
7 311187 250
5 311187 250
7 311324 250
1 311462 318
2 311462 318
4 311462 318
1 311737 250
2 311737 250
4 311737 250
1 311875 250
2 311875 250
4 311875 250
1 312012 250
2 312012 250
4 312012 250
1 312150 250
2 312150 250
4 312150 250
1 312288 250
2 312288 250
4 312288 250
1 312426 250
2 312426 250
4 312426 250
1 312563 250
2 312563 250
4 312563 250
1 312701 250
2 312701 250
4 312701 250
1 312839 250
2 312839 250
4 312839 250
1 312976 250
2 312976 250
4 312976 250
1 313114 250
2 313114 250
4 313114 250
1 313252 250
2 313252 250
4 313252 250
7 313389 250
5 313389 250
7 313527 250
2 313665 250
3 313665 250
2 313802 250
3 313802 250
2 313940 250
3 313940 250
2 314078 250
3 314078 250
2 314215 250
3 314215 250
2 314353 250
3 314353 250
2 314491 250
3 314491 250
2 314629 250
3 314629 250
2 314766 250
3 314766 250
2 314904 250
3 314904 250
2 315042 250
3 315042 250
2 315179 250
3 315179 250
2 315317 250
3 315317 250
2 315455 250
3 315455 250
2 315592 250
3 315592 250
7 315730 250
5 315730 250
0 315868 250
3 315868 250
4 315868 250
0 316004 250
3 316004 250
4 316004 250
0 316140 250
3 316140 250
4 316140 250
0 316277 250
3 316277 250
4 316277 250
0 316413 250
3 316413 250
4 316413 250
0 316549 250
3 316549 250
4 316549 250
0 316686 250
3 316686 250
4 316686 250
0 316822 250
3 316822 250
4 316822 250
0 316958 250
3 316958 250
4 316958 250
0 317095 250
3 317095 250
4 317095 250
0 317231 250
3 317231 250
4 317231 250
0 317367 250
3 317367 250
4 317367 250
0 317504 250
3 317504 250
4 317504 250
0 317640 250
3 317640 250
4 317640 250
0 317777 250
3 317777 250
4 317777 250
0 317913 250
3 317913 250
4 317913 250
0 318049 250
3 318049 250
4 318049 250
0 318186 250
3 318186 250
4 318186 250
0 318323 250
3 318323 250
4 318323 250
0 318459 250
3 318459 250
4 318459 250
0 318596 250
3 318596 250
4 318596 250
0 318733 250
3 318733 250
4 318733 250
0 318869 250
3 318869 250
4 318869 250
0 319006 250
3 319006 250
4 319006 250
0 319143 250
3 319143 250
4 319143 250
0 319279 250
3 319279 250
4 319279 250
0 319416 250
3 319416 250
4 319416 250
0 319553 250
3 319553 250
4 319553 250
0 319689 250
3 319689 250
4 319689 250
7 319826 250
5 319826 250
7 319963 250
7 320099 250
1 320236 250
2 320236 250
4 320236 250
1 320375 250
2 320375 250
4 320375 250
1 320514 250
2 320514 250
4 320514 250
1 320653 250
2 320653 250
4 320653 250
1 320792 250
2 320792 250
4 320792 250
1 320930 250
2 320930 250
4 320930 250
1 321069 250
2 321069 250
4 321069 250
1 321208 250
2 321208 250
4 321208 250
1 321347 250
2 321347 250
4 321347 250
1 321486 250
2 321486 250
4 321486 250
1 321625 250
2 321625 250
4 321625 250
1 321763 250
2 321763 250
4 321763 250
1 321902 250
2 321902 250
4 321902 250
1 322041 250
2 322041 250
4 322041 250
7 322180 250
5 322180 250
7 322319 250
2 322458 250
3 322458 250
2 322596 250
3 322596 250
2 322735 250
3 322735 250
2 322874 250
3 322874 250
2 323013 250
3 323013 250
2 323152 250
3 323152 250
2 323291 250
3 323291 250
2 323430 250
3 323430 250
2 323568 250
3 323568 250
2 323707 250
3 323707 250
2 323846 250
3 323846 250
2 323985 250
3 323985 250
2 324124 421
3 324124 421
1 324765 602
2 324858 2878
4 329972 486
5 329972 250
3 330735 462
5 330735 250
1 331430 802
5 331430 250
3 332540 750
5 332540 250
2 333096 418
5 333096 250
1 334068 250
5 334068 250
