1 1500 514
2 1500 514
6 1500 250
2 1500 490
2 2292 514
3 2292 514
6 2292 250
0 3084 418
6 3084 250
2 3612 514
3 3612 514
6 3612 250
3 4404 514
4 4404 514
6 4404 250
4 5197 250
6 5197 250
3 5329 250
6 5329 250
2 5461 250
6 5461 250
1 5593 250
6 5593 250
1 5725 514
2 5725 514
6 5725 250
2 6517 514
3 6517 514
6 6517 250
0 7309 898
6 7309 250
3 7837 514
6 7837 250
2 8629 418
6 8629 250
1 9157 250
6 9157 250
1 9289 250
6 9289 250
2 9421 250
6 9421 250
3 9553 250
6 9553 250
2 9685 250
6 9685 250
3 9817 250
6 9817 250
1 9949 514
2 9949 514
6 9949 250
2 10741 514
3 10741 514
6 10741 250
0 11533 418
6 11533 250
2 12062 514
3 12062 514
6 12062 250
3 12854 514
4 12854 514
6 12854 250
4 13646 250
6 13646 250
3 13778 250
6 13778 250
2 13910 250
6 13910 250
1 14042 250
6 14042 250
1 14174 514
2 14174 514
6 14174 250
2 14966 514
3 14966 514
6 14966 250
0 15758 802
6 15758 250
2 16550 250
6 16550 250
2 16814 418
6 16814 250
2 17342 250
3 17342 250
4 17342 250
6 17342 250
2 17474 250
3 17474 250
4 17474 250
6 17474 250
2 17870 250
3 17870 250
4 17870 250
6 17870 250
2 18002 250
3 18002 250
4 18002 250
6 18002 250
2 18266 250
3 18266 250
4 18266 250
6 18266 250
0 18398 922
3 18398 922
6 18398 250
0 20511 922
2 20511 922
6 20511 250
0 22623 922
3 22623 922
6 22623 250
1 24735 442
2 24735 442
3 24735 442
6 24735 250
0 25527 634
1 25527 634
2 25527 634
6 25527 250
0 26848 922
3 26848 922
6 26848 250
0 28960 922
2 28960 922
6 28960 250
4 31072 1090
6 31072 250
3 33449 250
6 33449 250
2 33977 250
6 33977 250
1 34505 250
6 34505 250
0 35033 250
6 35033 250
1 35297 922
4 35297 922
6 35297 250
1 37409 922
3 37409 922
6 37409 250
1 39521 922
4 39521 922
6 39521 250
2 39521 1402
1 41634 250
4 41634 250
6 41634 250
1 42030 250
4 42030 250
6 42030 250
1 42426 250
3 42426 250
6 42426 250
1 42954 250
6 42954 250
1 43086 250
6 43086 250
2 43218 250
6 43218 250
3 43350 250
6 43350 250
2 43482 250
6 43482 250
3 43614 250
6 43614 250
1 43746 514
2 43746 514
6 43746 250
2 44538 514
3 44538 514
6 44538 250
0 45330 418
6 45330 250
2 45858 514
3 45858 514
6 45858 250
3 46651 514
4 46651 514
6 46651 250
4 47443 250
6 47443 250
3 47575 250
6 47575 250
2 47707 250
6 47707 250
1 47839 250
6 47839 250
1 47971 514
2 47971 514
6 47971 250
2 48763 514
3 48763 514
6 48763 250
0 49555 898
6 49555 250
3 50083 514
6 50083 250
2 50875 418
6 50875 250
1 51403 250
6 51403 250
1 51535 250
6 51535 250
4 51667 250
6 51667 250
3 51799 250
6 51799 250
2 51931 250
6 51931 250
1 52063 250
6 52063 250
1 52195 514
2 52195 514
6 52195 250
2 52987 514
3 52987 514
6 52987 250
0 53780 418
6 53780 250
2 54308 514
3 54308 514
6 54308 250
3 55100 514
4 55100 514
6 55100 250
4 55892 250
6 55892 250
3 56024 250
6 56024 250
2 56156 250
6 56156 250
1 56288 250
6 56288 250
1 56420 514
2 56420 514
6 56420 250
2 57212 514
3 57212 514
6 57212 250
0 58004 802
6 58004 250
2 58796 250
6 58796 250
2 59060 418
6 59060 250
2 59588 250
3 59588 250
4 59588 250
6 59588 250
2 59588 1306
2 59720 250
3 59720 250
4 59720 250
6 59720 250
2 60116 250
3 60116 250
4 60116 250
6 60116 250
2 60248 250
3 60248 250
4 60248 250
6 60248 250
2 60380 250
3 60380 250
4 60380 250
6 60380 250
2 60512 250
3 60512 250
4 60512 250
6 60512 250
0 60645 922
3 60645 922
6 60645 250
0 62757 922
2 62757 922
6 62757 250
0 64869 922
3 64869 922
6 64869 250
1 66981 442
2 66981 442
3 66981 442
6 66981 250
0 67774 634
1 67774 634
2 67774 634
6 67774 250
0 69094 922
3 69094 922
6 69094 250
0 71206 922
2 71206 922
6 71206 250
4 73318 1090
6 73318 250
3 75695 250
6 75695 250
2 76223 250
6 76223 250
1 76751 250
6 76751 250
0 77279 250
6 77279 250
1 77543 922
4 77543 922
6 77543 250
1 79655 922
3 79655 922
6 79655 250
1 81768 922
4 81768 922
6 81768 250
1 83880 250
4 83880 250
6 83880 250
1 84276 250
4 84276 250
6 84276 250
1 84672 250
3 84672 250
6 84672 250
1 85200 250
6 85200 250
1 85332 250
6 85332 250
2 85464 250
6 85464 250
3 85596 250
6 85596 250
2 85728 250
6 85728 250
3 85860 250
6 85860 250
1 85992 514
2 85992 514
6 85992 250
2 86784 514
3 86784 514
6 86784 250
0 87576 418
6 87576 250
2 88104 514
3 88104 514
6 88104 250
3 88897 514
4 88897 514
6 88897 250
4 89689 250
6 89689 250
2 89689 1642
3 89821 250
6 89821 250
2 89953 250
6 89953 250
1 90085 250
6 90085 250
1 90217 514
2 90217 514
6 90217 250
2 91009 514
3 91009 514
6 91009 250
0 91801 898
6 91801 250
3 92329 514
6 92329 250
2 93121 418
6 93121 250
1 93649 250
6 93649 250
1 93781 250
6 93781 250
4 93913 250
6 93913 250
3 94045 250
6 94045 250
2 94177 250
6 94177 250
1 94309 250
6 94309 250
1 94441 514
2 94441 514
6 94441 250
2 95233 514
3 95233 514
6 95233 250
0 96026 418
6 96026 250
2 96554 514
3 96554 514
6 96554 250
3 97346 514
4 97346 514
6 97346 250
4 98138 250
6 98138 250
3 98270 250
6 98270 250
2 98402 250
6 98402 250
1 98534 250
6 98534 250
1 98666 514
2 98666 514
6 98666 250
2 99458 514
3 99458 514
6 99458 250
0 100250 802
6 100250 250
2 101042 250
6 101042 250
2 101306 418
6 101306 250
2 101834 250
3 101834 250
4 101834 250
6 101834 250
2 101966 250
3 101966 250
4 101966 250
6 101966 250
2 102363 250
3 102363 250
4 102363 250
6 102363 250
2 102495 250
3 102495 250
4 102495 250
6 102495 250
1 102891 514
2 102891 514
6 102891 250
2 103683 514
3 103683 514
6 103683 250
0 104475 418
6 104475 250
2 105003 514
3 105003 514
6 105003 250
3 105795 514
4 105795 514
6 105795 250
4 106587 250
6 106587 250
3 106719 250
6 106719 250
2 106851 250
6 106851 250
1 106983 250
6 106983 250
1 107115 514
2 107115 514
6 107115 250
2 107907 514
3 107907 514
6 107907 250
0 108699 898
6 108699 250
3 109228 514
6 109228 250
2 110020 418
6 110020 250
1 110548 250
6 110548 250
1 110680 250
6 110680 250
4 110812 250
6 110812 250
3 110944 250
6 110944 250
2 111076 250
6 111076 250
1 111208 250
6 111208 250
1 111340 514
2 111340 514
6 111340 250
2 112132 514
3 112132 514
6 112132 250
0 112924 418
6 112924 250
2 113452 514
3 113452 514
6 113452 250
3 114244 514
4 114244 514
6 114244 250
4 115036 250
6 115036 250
3 115168 250
6 115168 250
2 115300 250
6 115300 250
1 115432 250
6 115432 250
1 115564 514
2 115564 514
6 115564 250
2 116357 514
3 116357 514
6 116357 250
0 117149 802
6 117149 250
2 117941 250
6 117941 250
2 118205 418
6 118205 250
2 118733 250
3 118733 250
4 118733 250
6 118733 250
2 118733 1786
2 118865 250
3 118865 250
4 118865 250
6 118865 250
2 119129 250
3 119129 250
6 119129 250
2 119261 250
3 119261 250
4 119261 250
6 119261 250
2 119393 250
3 119393 250
4 119393 250
6 119393 250
2 119525 250
3 119525 250
4 119525 250
6 119525 250
2 119657 250
3 119657 250
4 119657 250
6 119657 250
1 119789 370
4 119789 370
2 120185 250
3 120185 250
2 120581 250
3 120581 250
1 120845 370
4 120845 370
2 121241 250
3 121241 250
2 121637 250
3 121637 250
1 122165 250
2 122165 250
0 122693 250
1 122693 250
1 124014 370
4 124014 370
2 124410 250
3 124410 250
2 124806 250
3 124806 250
1 125070 370
4 125070 370
2 125466 250
3 125466 250
2 125862 250
3 125862 250
1 126390 250
2 126390 250
0 126918 250
1 126918 250
1 128238 370
4 128238 370
2 128634 250
3 128634 250
2 129030 250
3 129030 250
1 129294 370
4 129294 370
2 129690 250
3 129690 250
2 130087 250
3 130087 250
1 130615 250
2 130615 250
0 131143 250
1 131143 250
1 132463 370
4 132463 370
2 132859 250
3 132859 250
2 133255 250
3 133255 250
1 133519 370
4 133519 370
2 133915 250
3 133915 250
2 134311 250
3 134311 250
1 134839 250
2 134839 250
0 135367 250
1 135367 250
0 143090 418
3 143090 418
6 143090 250
0 143816 634
2 143816 634
6 143816 250
2 151474 1738
0 151540 418
3 151540 418
6 151540 250
0 152266 634
2 152266 634
6 152266 250
1 153586 994
4 153586 994
6 153586 250
2 155698 610
6 155698 250
3 156754 610
6 156754 250
1 157811 994
6 157811 250
1 159923 250
4 159923 250
6 159923 250
1 160319 250
4 160319 250
6 160319 250
1 160715 250
3 160715 250
6 160715 250
1 161243 250
6 161243 250
1 161375 250
6 161375 250
2 161507 250
6 161507 250
3 161639 250
6 161639 250
2 161771 250
6 161771 250
3 161903 250
6 161903 250
1 162035 514
2 162035 514
6 162035 250
2 162827 514
3 162827 514
6 162827 250
0 163619 418
6 163619 250
2 164147 514
3 164147 514
6 164147 250
3 164940 514
4 164940 514
6 164940 250
4 165732 250
6 165732 250
3 165864 250
6 165864 250
2 165996 250
6 165996 250
1 166128 250
6 166128 250
1 166260 514
2 166260 514
6 166260 250
2 167052 514
3 167052 514
6 167052 250
0 167844 898
6 167844 250
3 168372 514
6 168372 250
2 169164 418
6 169164 250
1 169692 250
6 169692 250
1 169824 250
6 169824 250
4 169956 250
6 169956 250
3 170088 250
6 170088 250
2 170220 250
6 170220 250
1 170352 250
6 170352 250
1 170484 514
2 170484 514
6 170484 250
2 171276 514
3 171276 514
6 171276 250
0 172069 418
6 172069 250
2 172597 514
3 172597 514
6 172597 250
3 173389 514
4 173389 514
6 173389 250
4 174181 250
6 174181 250
3 174313 250
6 174313 250
2 174445 250
6 174445 250
1 174577 250
6 174577 250
1 174709 514
2 174709 514
6 174709 250
2 175501 514
3 175501 514
6 175501 250
0 176293 802
6 176293 250
2 177085 250
6 177085 250
2 177349 418
6 177349 250
2 177877 250
3 177877 250
4 177877 250
6 177877 250
2 178009 250
3 178009 250
4 178009 250
6 178009 250
2 178273 250
3 178273 250
6 178273 250
2 178405 250
3 178405 250
4 178405 250
6 178405 250
2 178537 250
3 178537 250
4 178537 250
6 178537 250
1 178934 514
2 178934 514
6 178934 250
2 178934 1546
2 179726 514
3 179726 514
6 179726 250
0 180518 418
6 180518 250
2 181046 514
3 181046 514
6 181046 250
3 181838 514
4 181838 514
6 181838 250
4 182630 250
6 182630 250
3 182762 250
6 182762 250
2 182894 250
6 182894 250
1 183026 250
6 183026 250
1 183158 514
2 183158 514
6 183158 250
2 183950 514
3 183950 514
6 183950 250
0 184742 898
6 184742 250
3 185270 514
6 185270 250
2 186063 418
6 186063 250
1 186591 250
6 186591 250
1 186723 250
6 186723 250
4 186855 250
6 186855 250
3 186987 250
6 186987 250
2 187119 250
6 187119 250
1 187251 250
6 187251 250
1 187383 514
2 187383 514
6 187383 250
2 188175 514
3 188175 514
6 188175 250
0 188967 418
6 188967 250
2 189495 514
3 189495 514
6 189495 250
3 190287 514
4 190287 514
6 190287 250
4 191079 250
6 191079 250
3 191211 250
6 191211 250
2 191343 250
6 191343 250
1 191475 250
6 191475 250
1 191607 514
2 191607 514
6 191607 250
2 192399 514
3 192399 514
6 192399 250
0 193192 802
6 193192 250
2 193984 250
6 193984 250
2 194248 418
6 194248 250
2 194776 250
3 194776 250
4 194776 250
6 194776 250
2 194908 250
3 194908 250
4 194908 250
6 194908 250
2 195304 250
3 195304 250
4 195304 250
6 195304 250
2 195436 250
3 195436 250
4 195436 250
6 195436 250
1 195832 514
2 195832 514
6 195832 250
2 196624 514
3 196624 514
6 196624 250
0 197416 418
6 197416 250
2 197944 514
3 197944 514
6 197944 250
3 198736 514
4 198736 514
6 198736 250
4 199529 250
6 199529 250
3 199661 250
6 199661 250
2 199793 250
6 199793 250
1 199925 250
6 199925 250
1 200057 514
2 200057 514
6 200057 250
2 200849 514
3 200849 514
6 200849 250
0 201641 898
6 201641 250
3 202169 514
6 202169 250
2 202961 418
6 202961 250
1 203489 250
6 203489 250
1 203621 250
6 203621 250
4 203753 250
6 203753 250
3 203885 250
6 203885 250
2 204017 250
6 204017 250
1 204149 250
6 204149 250
1 204281 514
2 204281 514
6 204281 250
2 205073 514
3 205073 514
6 205073 250
0 205865 418
6 205865 250
2 206394 514
3 206394 514
6 206394 250
3 207186 514
4 207186 514
6 207186 250
4 207978 250
6 207978 250
3 208110 250
6 208110 250
2 208242 250
6 208242 250
1 208374 250
6 208374 250
1 208506 514
2 208506 514
6 208506 250
2 209298 514
3 209298 514
6 209298 250
0 210090 634
6 210090 250
