0 2000 418
2 2000 250
6 2000 250
1 2129 250
6 2129 250
2 2258 250
6 2258 250
1 2387 250
3 2387 250
6 2387 250
2 2774 250
4 2774 250
6 2774 250
2 3355 298
7 3391 376
1 5115 250
6 5115 250
7 5156 250
1 5196 250
6 5196 250
7 5237 250
1 5277 250
6 5277 250
7 5318 250
1 5358 250
6 5358 250
7 5399 250
1 5439 250
6 5439 250
7 5480 250
1 5520 250
6 5520 250
7 5561 250
1 5602 250
6 5602 250
7 5642 250
1 5683 250
6 5683 250
7 5723 250
1 5764 250
2 5764 250
6 5764 250
7 5804 250
1 5845 250
2 5845 250
6 5845 250
7 5885 250
1 5926 250
2 5926 250
6 5926 250
7 5966 250
1 6007 250
2 6007 250
6 6007 250
7 6048 250
1 6088 250
2 6088 250
6 6088 250
7 6129 250
1 6169 250
2 6169 250
6 6169 250
7 6210 250
1 6250 250
2 6250 250
6 6250 250
7 6291 250
1 6331 250
2 6331 250
6 6331 250
0 6412 250
6 6412 250
0 6493 250
6 6493 250
0 6575 250
6 6575 250
0 6656 250
6 6656 250
0 6737 250
1 6737 250
6 6737 250
0 6818 250
1 6818 250
6 6818 250
0 6899 250
1 6899 250
6 6899 250
0 6980 250
1 6980 250
6 6980 250
0 7061 250
1 7061 250
2 7061 250
6 7061 250
0 7142 250
1 7142 250
2 7142 250
6 7142 250
0 7223 250
1 7223 250
2 7223 250
6 7223 250
0 7304 250
1 7304 250
2 7304 250
6 7304 250
0 7385 250
1 7385 250
2 7385 250
3 7385 250
6 7385 250
0 7466 250
1 7466 250
2 7466 250
3 7466 250
6 7466 250
0 7548 250
1 7548 250
2 7548 250
3 7548 250
6 7548 250
0 7629 250
1 7629 250
2 7629 250
3 7629 250
6 7629 250
1 7710 250
3 7710 250
6 7710 250
0 7872 250
1 7872 250
6 7872 250
0 7953 250
1 7953 250
6 7953 250
0 8034 250
1 8034 250
6 8034 250
3 8196 250
6 8196 250
4 8358 250
6 8358 250
0 8520 250
1 8520 250
6 8520 250
0 8602 250
1 8602 250
6 8602 250
0 8683 250
6 8683 250
1 8723 250
6 8723 250
2 8764 250
6 8764 250
3 8804 250
6 8804 250
1 8845 250
6 8845 250
2 8885 250
6 8885 250
3 8926 250
6 8926 250
4 8966 250
6 8966 250
3 9007 250
6 9007 250
4 9088 250
6 9088 250
3 9169 250
6 9169 250
2 9250 250
6 9250 250
1 9331 250
6 9331 250
3 9412 250
6 9412 250
2 9493 250
6 9493 250
1 9575 250
6 9575 250
0 9656 250
2 9656 250
6 9656 250
1 9899 250
6 9899 250
0 9980 250
1 9980 250
3 9980 250
6 9980 250
1 10304 250
6 10304 250
7 10345 250
1 10385 250
6 10385 250
7 10426 250
1 10466 250
6 10466 250
7 10507 250
1 10548 250
6 10548 250
7 10588 250
1 10629 250
6 10629 250
7 10669 250
1 10710 250
6 10710 250
7 10750 250
1 10791 250
6 10791 250
7 10831 250
1 10872 250
6 10872 250
7 10912 250
1 10953 250
6 10953 250
7 10993 250
1 11034 250
6 11034 250
7 11075 250
1 11115 250
6 11115 250
7 11156 250
1 11196 250
6 11196 250
7 11237 250
1 11277 250
6 11277 250
7 11318 250
1 11358 250
6 11358 250
7 11399 250
1 11439 250
6 11439 250
7 11480 250
1 11520 250
6 11520 250
7 11561 250
1 11602 250
6 11602 250
2 11602 682
7 11642 250
1 11683 250
6 11683 250
7 11723 250
1 11764 250
6 11764 250
7 11804 250
1 11845 250
6 11845 250
7 11885 250
1 11926 250
6 11926 250
2 12007 250
6 12007 250
1 12088 250
6 12088 250
0 12169 250
6 12169 250
1 12250 250
2 12250 250
6 12250 250
0 12412 250
6 12412 250
2 12493 250
6 12493 250
1 12575 250
6 12575 250
2 12656 250
6 12656 250
3 12737 250
6 12737 250
4 12818 250
6 12818 250
3 12899 250
6 12899 250
7 12939 250
3 12980 250
6 12980 250
7 13020 250
3 13061 250
6 13061 250
7 13102 250
3 13142 250
6 13142 250
7 13183 250
3 13223 250
6 13223 250
2 13304 250
6 13304 250
0 13385 250
6 13385 250
1 13466 250
6 13466 250
2 13548 250
6 13548 250
7 13588 250
2 13629 250
6 13629 250
7 13669 250
2 13710 250
6 13710 250
7 13750 250
2 13791 250
6 13791 250
7 13831 250
2 13872 250
6 13872 250
1 13953 250
6 13953 250
0 14034 250
6 14034 250
1 14196 250
6 14196 250
7 14237 250
1 14277 250
6 14277 250
7 14318 250
1 14358 250
6 14358 250
7 14399 250
1 14439 250
6 14439 250
7 14480 250
0 14520 250
2 14520 250
6 14520 250
1 14683 250
3 14683 250
6 14683 250
0 14845 250
1 14845 250
2 14845 250
6 14845 250
1 15034 250
6 15034 250
2 15078 250
6 15078 250
3 15124 250
6 15124 250
0 15169 250
6 15169 250
1 15210 250
6 15210 250
2 15250 250
6 15250 250
3 15291 250
6 15291 250
1 15331 250
6 15331 250
2 15372 250
6 15372 250
3 15412 250
6 15412 250
4 15453 250
6 15453 250
1 15493 250
2 15493 250
6 15493 250
7 15534 250
1 15575 250
2 15575 250
6 15575 250
7 15615 250
1 15656 250
2 15656 250
6 15656 250
7 15696 250
1 15737 250
2 15737 250
6 15737 250
7 15777 250
1 15818 250
2 15818 250
6 15818 250
7 15858 250
1 15899 250
2 15899 250
6 15899 250
7 15939 250
1 15980 250
2 15980 250
6 15980 250
7 16020 250
1 16061 250
2 16061 250
6 16061 250
7 16102 250
1 16142 250
2 16142 250
6 16142 250
7 16183 250
1 16223 250
2 16223 250
6 16223 250
7 16264 250
1 16304 250
2 16304 250
6 16304 250
7 16345 250
1 16385 250
2 16385 250
6 16385 250
7 16426 250
1 16466 250
2 16466 250
6 16466 250
7 16507 250
1 16548 250
2 16548 250
6 16548 250
7 16588 250
1 16629 250
2 16629 250
6 16629 250
7 16669 250
1 16710 250
2 16710 250
6 16710 250
7 16750 250
1 16791 250
2 16791 250
6 16791 250
2 16872 250
3 16872 250
6 16872 250
1 17034 250
2 17034 250
6 17034 250
0 17115 250
1 17115 250
6 17115 250
0 17196 250
2 17196 250
6 17196 250
1 17277 250
2 17277 250
6 17277 250
2 17358 250
3 17358 250
6 17358 250
3 17439 250
4 17439 250
6 17439 250
1 17764 250
4 17764 250
6 17764 250
1 17845 250
4 17845 250
6 17845 250
2 18088 250
6 18088 250
3 18169 250
6 18169 250
4 18250 250
6 18250 250
3 18331 250
6 18331 250
1 18412 250
6 18412 250
2 18493 250
6 18493 250
3 18575 250
6 18575 250
4 18656 250
6 18656 250
2 18737 250
3 18737 250
6 18737 250
1 18818 250
2 18818 250
6 18818 250
0 18899 250
1 18899 250
6 18899 250
1 18980 250
2 18980 250
6 18980 250
3 19061 250
4 19061 250
6 19061 250
2 19142 250
3 19142 250
6 19142 250
1 19223 250
2 19223 250
6 19223 250
0 19304 250
1 19304 250
6 19304 250
3 19385 250
4 19385 250
6 19385 250
2 19385 874
2 19466 250
3 19466 250
6 19466 250
1 19548 250
2 19548 250
6 19548 250
0 19629 250
1 19629 250
6 19629 250
1 19710 250
2 19710 250
6 19710 250
0 19791 250
1 19791 250
6 19791 250
1 19872 250
2 19872 250
6 19872 250
2 19953 250
3 19953 250
6 19953 250
1 20034 250
2 20034 250
6 20034 250
0 20223 250
6 20223 250
1 20277 250
6 20277 250
2 20304 250
6 20304 250
3 20331 250
6 20331 250
4 20358 250
6 20358 250
2 20845 250
4 20845 250
6 20845 250
2 20926 250
4 20926 250
6 20926 250
2 21007 250
4 21007 250
6 21007 250
1 21169 250
6 21169 250
1 21331 250
6 21331 250
2 21493 250
4 21493 250
6 21493 250
0 21656 250
6 21656 250
2 21818 250
4 21818 250
6 21818 250
1 21980 250
6 21980 250
1 22142 250
3 22142 250
6 22142 250
1 22223 250
3 22223 250
6 22223 250
1 22304 250
3 22304 250
6 22304 250
0 22466 250
6 22466 250
1 22629 250
6 22629 250
1 22791 250
3 22791 250
6 22791 250
0 23115 250
2 23115 250
6 23115 250
1 23277 370
2 23277 370
6 23277 250
0 23520 250
1 23520 250
6 23520 250
1 23602 250
2 23602 250
6 23602 250
2 23764 250
3 23764 250
6 23764 250
3 23926 250
4 23926 250
6 23926 250
2 24088 250
3 24088 250
6 24088 250
1 24250 250
2 24250 250
6 24250 250
3 24412 250
4 24412 250
6 24412 250
1 24575 250
2 24575 250
3 24575 250
6 24575 250
0 24737 250
1 24737 250
2 24737 250
6 24737 250
0 24818 250
1 24818 250
2 24818 250
6 24818 250
0 24899 250
1 24899 250
3 24899 250
6 24899 250
0 24980 250
1 24980 250
3 24980 250
6 24980 250
0 25061 250
1 25061 250
4 25061 250
6 25061 250
0 25142 250
1 25142 250
4 25142 250
6 25142 250
2 25223 250
3 25223 250
4 25223 250
6 25223 250
2 25385 250
3 25385 250
4 25385 250
6 25385 250
2 25466 250
3 25466 250
4 25466 250
6 25466 250
1 25548 250
3 25548 250
4 25548 250
6 25548 250
1 25629 250
3 25629 250
4 25629 250
6 25629 250
0 25710 250
3 25710 250
4 25710 250
6 25710 250
0 25791 250
3 25791 250
4 25791 250
6 25791 250
1 25872 250
2 25872 250
6 25872 250
0 26115 250
1 26115 250
6 26115 250
1 26196 250
2 26196 250
6 26196 250
2 26358 250
3 26358 250
6 26358 250
3 26520 250
4 26520 250
6 26520 250
2 26683 250
3 26683 250
6 26683 250
1 26845 250
2 26845 250
6 26845 250
3 27007 250
4 27007 250
6 27007 250
2 27169 250
3 27169 250
6 27169 250
1 27412 250
2 27412 250
6 27412 250
0 27493 250
1 27493 250
6 27493 250
1 27656 250
2 27656 250
6 27656 250
2 27818 250
3 27818 250
6 27818 250
3 28142 250
4 28142 250
6 28142 250
3 28629 250
6 28629 250
4 28953 250
6 28953 250
3 29115 250
6 29115 250
2 29277 250
6 29277 250
3 29439 250
6 29439 250
2 29602 250
6 29602 250
1 29764 250
6 29764 250
0 30088 250
6 30088 250
1 30412 250
6 30412 250
1 30656 250
6 30656 250
0 30737 250
1 30737 250
3 30737 250
6 30737 250
1 31061 250
6 31061 250
2 31061 922
7 31102 250
1 31142 250
6 31142 250
7 31183 250
1 31223 250
6 31223 250
7 31264 250
1 31304 250
6 31304 250
7 31345 250
1 31385 250
6 31385 250
1 31548 250
6 31548 250
7 31588 250
1 31629 250
6 31629 250
7 31669 250
1 31710 250
6 31710 250
7 31750 250
1 31791 250
6 31791 250
7 31831 250
1 31872 250
6 31872 250
0 32034 418
1 32034 418
2 32034 418
3 32034 418
6 32034 250
1 32358 250
4 32358 250
6 32358 250
7 32399 250
1 32439 250
4 32439 250
6 32439 250
7 32480 250
1 32520 250
4 32520 250
6 32520 250
7 32561 250
1 32602 250
4 32602 250
6 32602 250
7 32642 250
1 32683 250
4 32683 250
6 32683 250
1 32845 250
4 32845 250
6 32845 250
7 32885 250
1 32926 250
4 32926 250
6 32926 250
7 32966 250
1 33007 250
3 33007 250
6 33007 250
7 33048 250
1 33088 250
3 33088 250
6 33088 250
7 33129 250
1 33169 250
3 33169 250
6 33169 250
0 33331 250
1 33331 250
2 33331 250
4 33331 250
6 33331 250
0 33493 250
1 33493 250
2 33493 250
3 33493 250
6 33493 250
1 33656 250
6 33656 250
2 33737 250
6 33737 250
1 33818 250
6 33818 250
0 33899 250
6 33899 250
1 33980 250
6 33980 250
0 34142 250
1 34142 250
6 34142 250
1 34223 250
2 34223 250
6 34223 250
2 34304 250
3 34304 250
6 34304 250
1 34385 250
2 34385 250
6 34385 250
2 34466 250
3 34466 250
6 34466 250
3 34548 250
4 34548 250
6 34548 250
0 34629 250
2 34629 250
6 34629 250
1 34791 250
3 34791 250
6 34791 250
2 34872 250
4 34872 250
6 34872 250
1 34953 250
2 34953 250
3 34953 250
6 34953 250
2 35034 250
3 35034 250
4 35034 250
6 35034 250
1 35115 250
2 35115 250
3 35115 250
6 35115 250
0 35196 250
1 35196 250
2 35196 250
6 35196 250
1 35277 250
2 35277 250
3 35277 250
6 35277 250
0 35439 250
1 35439 250
2 35439 250
6 35439 250
1 35520 250
2 35520 250
3 35520 250
6 35520 250
2 35602 250
3 35602 250
4 35602 250
6 35602 250
3 35845 250
6 35845 250
0 35926 250
1 35926 250
2 35926 250
6 35926 250
0 36250 418
6 36250 250
0 36575 250
4 36575 250
6 36575 250
0 36629 250
3 36629 250
6 36629 250
0 36683 250
2 36683 250
6 36683 250
0 36737 250
4 36737 250
6 36737 250
0 36791 250
4 36791 250
6 36791 250
0 36845 250
2 36845 250
6 36845 250
1 36899 418
3 36899 418
6 36899 250
0 37223 250
1 37223 250
2 37223 250
3 37223 250
6 37223 250
0 37277 250
6 37277 250
0 37331 250
1 37331 250
2 37331 250
6 37331 250
0 37385 250
6 37385 250
0 37439 250
1 37439 250
2 37439 250
3 37439 250
6 37439 250
0 37710 250
1 37710 250
6 37710 250
0 37872 250
4 37872 250
6 37872 250
0 37926 250
3 37926 250
6 37926 250
0 37980 250
2 37980 250
6 37980 250
0 38034 250
4 38034 250
6 38034 250
0 38088 250
4 38088 250
6 38088 250
0 38142 250
2 38142 250
6 38142 250
1 38196 418
3 38196 418
6 38196 250
0 38520 250
1 38520 250
2 38520 250
3 38520 250
6 38520 250
0 38575 250
6 38575 250
0 38629 250
1 38629 250
2 38629 250
6 38629 250
0 38683 250
6 38683 250
0 38737 250
1 38737 250
2 38737 250
3 38737 250
6 38737 250
0 38845 418
6 38845 250
0 39169 250
4 39169 250
6 39169 250
0 39223 250
3 39223 250
6 39223 250
0 39277 250
2 39277 250
6 39277 250
0 39331 250
4 39331 250
6 39331 250
0 39385 250
4 39385 250
6 39385 250
0 39439 250
2 39439 250
6 39439 250
1 39493 418
3 39493 418
6 39493 250
0 39818 250
1 39818 250
2 39818 250
3 39818 250
6 39818 250
0 39872 250
6 39872 250
0 39926 250
1 39926 250
2 39926 250
6 39926 250
0 39980 250
6 39980 250
0 40034 250
1 40034 250
2 40034 250
3 40034 250
6 40034 250
0 40304 250
1 40304 250
6 40304 250
0 40466 250
4 40466 250
6 40466 250
0 40520 250
3 40520 250
6 40520 250
0 40575 250
2 40575 250
6 40575 250
0 40629 250
4 40629 250
6 40629 250
0 40683 250
4 40683 250
6 40683 250
0 40737 250
2 40737 250
6 40737 250
1 40791 418
3 40791 418
6 40791 250
0 41115 250
1 41115 250
2 41115 250
3 41115 250
6 41115 250
0 41169 250
6 41169 250
0 41223 250
1 41223 250
2 41223 250
6 41223 250
0 41277 250
6 41277 250
0 41331 250
1 41331 250
2 41331 250
3 41331 250
6 41331 250
1 41439 250
6 41439 250
2 41466 250
6 41466 250
3 41493 250
6 41493 250
1 41764 250
6 41764 250
2 41791 250
6 41791 250
3 41818 250
6 41818 250
1 42088 250
6 42088 250
2 42115 250
6 42115 250
3 42142 250
6 42142 250
1 42412 250
6 42412 250
2 42439 250
6 42439 250
3 42466 250
6 42466 250
1 42737 250
6 42737 250
2 42764 250
6 42764 250
3 42791 250
6 42791 250
1 43061 250
6 43061 250
2 43088 250
6 43088 250
3 43115 250
6 43115 250
1 43385 250
6 43385 250
2 43412 250
6 43412 250
3 43439 250
6 43439 250
1 43710 250
6 43710 250
2 43737 250
6 43737 250
3 43764 250
6 43764 250
0 44034 250
6 44034 250
1 44061 250
6 44061 250
2 44088 250
6 44088 250
0 44358 250
6 44358 250
1 44385 250
6 44385 250
2 44412 250
6 44412 250
0 44683 250
6 44683 250
1 44710 250
6 44710 250
2 44737 250
6 44737 250
0 45007 250
6 45007 250
1 45034 250
6 45034 250
2 45061 250
6 45061 250
0 45331 250
6 45331 250
1 45358 250
6 45358 250
2 45385 250
6 45385 250
0 45656 250
6 45656 250
1 45683 250
6 45683 250
2 45710 250
6 45710 250
2 45980 250
6 45980 250
3 46007 250
6 46007 250
4 46034 250
6 46034 250
2 46304 250
6 46304 250
3 46331 250
6 46331 250
4 46358 250
6 46358 250
0 46629 250
4 46629 250
6 46629 250
1 46656 250
6 46656 250
2 46683 250
6 46683 250
4 46872 250
6 46872 250
0 46953 250
6 46953 250
1 46980 250
6 46980 250
2 47007 250
6 47007 250
4 47061 250
6 47061 250
0 47277 250
4 47277 250
6 47277 250
1 47304 250
6 47304 250
2 47331 250
6 47331 250
3 47493 250
6 47493 250
0 47602 250
6 47602 250
1 47629 250
6 47629 250
2 47656 250
6 47656 250
2 47723 250
6 47723 250
3 47764 250
6 47764 250
4 47804 250
6 47804 250
0 47926 250
4 47926 250
6 47926 250
1 47953 250
6 47953 250
2 47980 250
6 47980 250
3 48088 250
6 48088 250
4 48142 250
6 48142 250
0 48250 250
6 48250 250
1 48277 250
6 48277 250
2 48304 250
6 48304 250
4 48358 250
6 48358 250
0 48575 250
4 48575 250
6 48575 250
1 48602 250
6 48602 250
2 48629 250
6 48629 250
3 48791 250
6 48791 250
0 48899 250
6 48899 250
1 48926 250
6 48926 250
2 48953 250
6 48953 250
3 49007 250
6 49007 250
4 49115 250
6 49115 250
0 49223 250
3 49223 250
4 49223 250
6 49223 250
1 49250 250
6 49250 250
2 49277 250
6 49277 250
2 49439 250
3 49439 250
6 49439 250
0 49548 250
6 49548 250
1 49575 250
6 49575 250
2 49602 250
6 49602 250
3 49656 250
4 49656 250
6 49656 250
0 49872 250
3 49872 250
4 49872 250
6 49872 250
2 49872 1450
1 49899 250
6 49899 250
2 49926 250
6 49926 250
2 50088 250
3 50088 250
6 50088 250
0 50196 250
3 50196 250
4 50196 250
6 50196 250
1 50223 250
6 50223 250
2 50250 250
6 50250 250
0 50520 250
2 50520 250
3 50520 250
6 50520 250
0 50629 250
3 50629 250
4 50629 250
6 50629 250
0 50737 250
2 50737 250
3 50737 250
6 50737 250
0 50953 250
3 50953 250
4 50953 250
6 50953 250
0 51061 250
3 51061 250
4 51061 250
6 51061 250
0 51169 250
2 51169 250
3 51169 250
6 51169 250
0 51385 250
2 51385 250
3 51385 250
6 51385 250
0 51493 250
3 51493 250
4 51493 250
6 51493 250
0 51602 250
2 51602 250
3 51602 250
6 51602 250
1 51818 250
4 51818 250
6 51818 250
2 52142 250
4 52142 250
6 52142 250
3 52304 250
6 52304 250
0 52466 250
4 52466 250
6 52466 250
4 52548 250
6 52548 250
3 52629 250
6 52629 250
2 52791 250
4 52791 250
6 52791 250
3 52953 250
6 52953 250
1 53115 250
4 53115 250
6 53115 250
3 53277 250
6 53277 250
0 53439 250
4 53439 250
6 53439 250
3 53602 250
6 53602 250
2 53764 418
4 53764 250
6 53764 250
4 53845 250
6 53845 250
3 53926 250
6 53926 250
2 54088 250
4 54088 250
6 54088 250
1 54250 250
6 54250 250
3 54575 250
4 54575 250
6 54575 250
2 54737 250
3 54737 250
6 54737 250
1 54899 250
2 54899 250
6 54899 250
2 55061 250
3 55061 250
6 55061 250
1 55385 250
2 55385 250
6 55385 250
2 55548 250
3 55548 250
6 55548 250
1 55710 250
2 55710 250
6 55710 250
2 56034 250
3 56034 250
6 56034 250
3 56358 250
4 56358 250
6 56358 250
2 57007 250
4 57007 250
6 57007 250
1 57169 250
3 57169 250
6 57169 250
0 57331 250
2 57331 250
6 57331 250
3 57493 250
4 57493 250
6 57493 250
2 57656 250
3 57656 250
6 57656 250
1 57818 250
2 57818 250
6 57818 250
0 57980 250
1 57980 250
6 57980 250
2 58142 250
4 58142 250
6 58142 250
1 58304 250
3 58304 250
6 58304 250
0 58466 250
2 58466 250
6 58466 250
0 58629 250
1 58629 250
6 58629 250
2 58791 250
3 58791 250
6 58791 250
1 58953 250
2 58953 250
6 58953 250
1 59115 250
2 59115 250
6 59115 250
0 59277 250
2 59277 250
6 59277 250
0 59439 250
2 59439 250
6 59439 250
0 59602 250
1 59602 250
2 59602 250
6 59602 250
3 59764 250
6 59764 250
4 59845 250
6 59845 250
3 59926 250
6 59926 250
2 60007 250
6 60007 250
1 60088 250
6 60088 250
0 60169 250
6 60169 250
4 60250 250
6 60250 250
3 60331 250
6 60331 250
2 60412 250
6 60412 250
1 60493 250
6 60493 250
4 60575 250
6 60575 250
3 60656 250
6 60656 250
2 60737 250
6 60737 250
1 60818 250
6 60818 250
0 60899 250
6 60899 250
1 60980 250
6 60980 250
2 61061 250
6 61061 250
3 61142 250
6 61142 250
1 61223 250
6 61223 250
2 61304 250
6 61304 250
3 61385 250
6 61385 250
4 61466 250
6 61466 250
0 61548 250
6 61548 250
1 61629 250
6 61629 250
2 61710 250
6 61710 250
3 61791 250
6 61791 250
1 61872 250
6 61872 250
2 61953 250
6 61953 250
3 62034 250
6 62034 250
4 62115 250
6 62115 250
1 62196 250
6 62196 250
7 62237 250
1 62277 250
6 62277 250
7 62318 250
1 62358 250
6 62358 250
7 62399 250
1 62439 250
6 62439 250
7 62480 250
1 62520 250
6 62520 250
7 62561 250
1 62602 250
6 62602 250
7 62642 250
1 62683 250
6 62683 250
7 62723 250
1 62764 250
6 62764 250
7 62804 250
1 62845 250
6 62845 250
7 62885 250
1 62926 250
6 62926 250
7 62966 250
1 63007 250
6 63007 250
7 63048 250
1 63088 250
6 63088 250
7 63129 250
1 63169 250
6 63169 250
7 63210 250
1 63250 250
6 63250 250
7 63291 250
1 63331 250
6 63331 250
7 63372 250
1 63412 250
6 63412 250
7 63453 250
1 63493 250
6 63493 250
7 63534 250
1 63575 250
6 63575 250
7 63615 250
1 63656 250
6 63656 250
7 63696 250
1 63737 250
6 63737 250
7 63777 250
1 63818 250
6 63818 250
2 63899 250
6 63899 250
1 63980 250
6 63980 250
0 64061 250
6 64061 250
1 64142 250
6 64142 250
2 64304 250
6 64304 250
3 64466 250
6 64466 250
4 64791 250
6 64791 250
7 64831 250
4 64872 250
6 64872 250
7 64912 250
4 64953 250
6 64953 250
7 64993 250
4 65034 250
6 65034 250
7 65075 250
4 65115 250
6 65115 250
3 65196 250
6 65196 250
1 65277 250
6 65277 250
2 65358 250
6 65358 250
3 65439 250
6 65439 250
7 65480 250
3 65520 250
6 65520 250
7 65561 250
3 65602 250
6 65602 250
7 65642 250
3 65683 250
6 65683 250
7 65723 250
3 65764 250
6 65764 250
2 65845 250
6 65845 250
0 65926 250
6 65926 250
1 66007 250
6 66007 250
2 66088 250
6 66088 250
7 66129 250
2 66169 250
6 66169 250
7 66210 250
2 66250 250
6 66250 250
7 66291 250
2 66331 250
6 66331 250
0 66412 250
1 66412 250
6 66412 250
1 66575 250
3 66575 250
6 66575 250
1 66737 250
2 66737 250
6 66737 250
0 66899 250
6 66899 250
1 66939 250
6 66939 250
2 66980 250
6 66980 250
3 67020 250
6 67020 250
4 67061 250
6 67061 250
3 67102 250
6 67102 250
2 67142 250
6 67142 250
1 67183 250
6 67183 250
3 67223 250
6 67223 250
2 67264 250
6 67264 250
1 67304 250
6 67304 250
0 67345 250
6 67345 250
1 67385 250
6 67385 250
7 67426 250
1 67466 250
6 67466 250
7 67507 250
1 67548 250
6 67548 250
7 67588 250
1 67629 250
6 67629 250
7 67669 250
1 67710 250
6 67710 250
7 67750 250
1 67791 250
6 67791 250
7 67831 250
1 67872 250
6 67872 250
7 67912 250
1 67953 250
6 67953 250
7 67993 250
1 68034 250
6 68034 250
7 68075 250
1 68115 250
6 68115 250
7 68156 250
1 68196 250
6 68196 250
7 68237 250
1 68277 250
6 68277 250
7 68318 250
1 68358 250
6 68358 250
7 68399 250
1 68439 250
6 68439 250
7 68480 250
1 68520 250
6 68520 250
7 68561 250
1 68602 250
6 68602 250
7 68642 250
1 68683 250
6 68683 250
2 68764 250
6 68764 250
1 68845 250
6 68845 250
0 68926 250
6 68926 250
1 69007 250
6 69007 250
0 69169 250
6 69169 250
1 69250 250
6 69250 250
2 69331 250
6 69331 250
3 69493 250
6 69493 250
4 69656 250
6 69656 250
4 69980 250
6 69980 250
7 70020 250
4 70061 250
6 70061 250
7 70102 250
4 70142 250
6 70142 250
7 70183 250
4 70223 250
6 70223 250
3 70304 250
6 70304 250
7 70345 250
3 70385 250
6 70385 250
7 70426 250
3 70466 250
6 70466 250
7 70507 250
3 70548 250
6 70548 250
2 70629 250
6 70629 250
7 70669 250
2 70710 250
6 70710 250
7 70750 250
2 70791 250
6 70791 250
7 70831 250
2 70872 250
6 70872 250
1 70953 250
6 70953 250
7 70993 250
1 71034 250
6 71034 250
7 71075 250
1 71115 250
6 71115 250
7 71156 250
1 71196 250
6 71196 250
0 71277 250
6 71277 250
1 71358 250
6 71358 250
2 71439 250
6 71439 250
3 71520 250
6 71520 250
4 71602 250
6 71602 250
3 71683 250
6 71683 250
2 71764 250
6 71764 250
4 71845 250
6 71845 250
2 71926 346
3 71926 346
6 71926 250
1 72129 250
6 72129 250
2 72169 250
6 72169 250
3 72210 250
6 72210 250
4 72250 250
6 72250 250
2 72250 250
1 72575 418
6 72575 250
2 73775 250
3 73775 250
6 73775 250
0 74292 250
4 74292 250
6 74292 250
1 74378 250
4 74378 250
6 74378 250
2 74464 250
4 74464 250
6 74464 250
0 74550 250
4 74550 250
6 74550 250
0 74637 250
4 74637 250
6 74637 250
2 74723 250
4 74723 250
6 74723 250
0 74809 250
6 74809 250
2 75835 250
3 75835 250
6 75835 250
0 76303 250
1 76303 250
2 76303 250
3 76303 250
6 76303 250
0 76382 250
6 76382 250
0 76460 250
1 76460 250
2 76460 250
6 76460 250
0 76538 250
6 76538 250
0 76616 250
1 76616 250
2 76616 250
3 76616 250
6 76616 250
0 76772 418
1 76772 418
2 76772 418
3 76772 418
6 76772 250
2 77668 250
3 77668 250
6 77668 250
0 78084 250
4 78084 250
6 78084 250
1 78154 250
4 78154 250
6 78154 250
2 78223 250
4 78223 250
6 78223 250
0 78293 250
4 78293 250
6 78293 250
0 78362 250
4 78362 250
6 78362 250
2 78432 250
4 78432 250
6 78432 250
0 78501 250
6 78501 250
2 79251 250
3 79251 250
6 79251 250
1 79631 250
2 79631 250
3 79631 250
4 79631 250
6 79631 250
1 79694 250
6 79694 250
1 79757 250
2 79757 250
3 79757 250
6 79757 250
1 79821 250
6 79821 250
1 79884 250
2 79884 250
3 79884 250
4 79884 250
6 79884 250
1 80011 418
2 80011 418
6 80011 250
2 80716 250
3 80716 250
6 80716 250
0 81050 250
4 81050 250
6 81050 250
1 81105 250
4 81105 250
6 81105 250
2 81161 250
4 81161 250
6 81161 250
0 81216 250
4 81216 250
6 81216 250
0 81272 250
4 81272 250
6 81272 250
2 81328 250
4 81328 250
6 81328 250
0 81383 250
1 81383 250
6 81383 250
2 81983 250
3 81983 250
6 81983 250
1 82274 250
2 82274 250
3 82274 250
4 82274 250
6 82274 250
1 82323 250
6 82323 250
1 82371 250
2 82371 250
3 82371 250
6 82371 250
1 82420 250
6 82420 250
1 82469 250
2 82469 250
3 82469 250
4 82469 250
6 82469 250
0 82566 418
1 82566 418
2 82566 418
3 82566 418
6 82566 250
2 83106 250
3 83106 250
6 83106 250
0 83647 250
1 83647 250
6 83647 250
2 84159 250
3 84159 250
6 84159 250
1 84655 418
2 84655 418
6 84655 250
2 85143 250
3 85143 250
6 85143 250
0 85572 250
1 85572 250
6 85572 250
2 85961 250
3 85961 250
6 85961 250
0 86351 250
1 86351 250
2 86351 250
3 86351 250
6 86351 250
2 86717 250
3 86717 250
6 86717 250
0 87083 250
1 87083 250
6 87083 250
2 87398 250
3 87398 250
6 87398 250
1 87681 250
2 87681 250
6 87681 250
2 87681 1810
2 87937 250
3 87937 250
6 87937 250
3 88058 250
4 88058 250
6 88058 250
1 88180 250
2 88180 250
6 88180 250
2 88393 250
3 88393 250
6 88393 250
1 88607 250
2 88607 250
6 88607 250
3 88802 250
4 88802 250
6 88802 250
3 88899 250
4 88899 250
6 88899 250
2 88996 250
3 88996 250
6 88996 250
3 89169 250
4 89169 250
6 89169 250
1 89341 250
2 89341 250
6 89341 250
7 89382 250
1 89422 250
2 89422 250
6 89422 250
7 89463 250
1 89503 250
2 89503 250
6 89503 250
7 89544 250
1 89584 250
2 89584 250
6 89584 250
7 89625 250
1 89666 250
2 89666 250
6 89666 250
7 89706 250
1 89747 250
2 89747 250
6 89747 250
7 89787 250
1 89828 250
2 89828 250
6 89828 250
7 89868 250
1 89909 250
2 89909 250
6 89909 250
7 89949 250
1 89990 250
2 89990 250
6 89990 250
7 90030 250
1 90071 250
2 90071 250
6 90071 250
7 90111 250
1 90152 250
2 90152 250
6 90152 250
7 90193 250
1 90233 250
2 90233 250
6 90233 250
7 90274 250
1 90314 250
2 90314 250
6 90314 250
7 90355 250
1 90395 250
2 90395 250
6 90395 250
7 90436 250
1 90476 250
2 90476 250
6 90476 250
7 90517 250
1 90557 250
2 90557 250
6 90557 250
7 90598 250
1 90638 250
2 90638 250
6 90638 250
7 90679 250
1 90720 250
2 90720 250
6 90720 250
7 90760 250
1 90801 250
2 90801 250
6 90801 250
7 90841 250
1 90882 250
2 90882 250
6 90882 250
7 90922 250
1 90963 250
2 90963 250
6 90963 250
2 91044 250
3 91044 250
6 91044 250
1 91125 250
2 91125 250
6 91125 250
0 91206 250
1 91206 250
6 91206 250
1 91287 250
2 91287 250
6 91287 250
0 91449 250
1 91449 250
6 91449 250
2 91611 250
3 91611 250
6 91611 250
3 91936 250
4 91936 250
6 91936 250
7 91976 250
3 92017 250
4 92017 250
6 92017 250
7 92057 250
3 92098 250
4 92098 250
6 92098 250
7 92138 250
3 92179 250
4 92179 250
6 92179 250
7 92220 250
3 92260 250
4 92260 250
6 92260 250
2 92341 250
4 92341 250
6 92341 250
1 92422 250
3 92422 250
6 92422 250
2 92503 250
4 92503 250
6 92503 250
2 92584 250
3 92584 250
6 92584 250
7 92625 250
2 92666 250
3 92666 250
6 92666 250
7 92706 250
2 92747 250
3 92747 250
6 92747 250
7 92787 250
2 92828 250
3 92828 250
6 92828 250
7 92868 250
2 92909 250
3 92909 250
6 92909 250
1 92990 250
3 92990 250
6 92990 250
0 93071 250
2 93071 250
6 93071 250
1 93152 250
3 93152 250
6 93152 250
1 93233 250
2 93233 250
6 93233 250
7 93274 250
1 93314 250
2 93314 250
6 93314 250
7 93355 250
1 93395 250
2 93395 250
6 93395 250
7 93436 250
1 93476 250
2 93476 250
6 93476 250
7 93517 250
0 93557 250
2 93557 250
6 93557 250
2 93720 250
3 93720 250
6 93720 250
0 93882 250
1 93882 250
6 93882 250
3 94044 250
6 94044 250
2 94098 250
6 94098 250
3 94152 250
6 94152 250
4 94206 250
6 94206 250
2 94368 250
6 94368 250
1 94530 250
6 94530 250
1 94601 250
6 94601 250
4 94682 250
6 94682 250
3 94855 250
6 94855 250
4 95088 250
6 95088 250
3 95240 250
6 95240 250
2 95422 250
6 95422 250
0 95574 250
6 95574 250
1 95666 250
6 95666 250
2 95736 250
6 95736 250
1 95828 250
2 95828 250
6 95828 250
2 95909 250
3 95909 250
6 95909 250
1 95990 250
2 95990 250
6 95990 250
0 96071 250
1 96071 250
6 96071 250
1 96152 250
2 96152 250
6 96152 250
1 96314 250
2 96314 250
6 96314 250
1 96395 250
2 96395 250
6 96395 250
2 96476 250
3 96476 250
6 96476 250
0 96638 250
1 96638 250
6 96638 250
0 96720 250
1 96720 250
6 96720 250
3 96801 250
4 96801 250
6 96801 250
0 96963 250
1 96963 250
6 96963 250
3 97125 250
4 97125 250
6 97125 250
2 97206 250
3 97206 250
6 97206 250
1 97287 250
2 97287 250
6 97287 250
3 97368 250
4 97368 250
6 97368 250
2 97449 250
4 97449 250
6 97449 250
1 97530 250
3 97530 250
6 97530 250
0 97611 250
2 97611 250
6 97611 250
2 97693 250
4 97693 250
6 97693 250
2 97774 250
3 97774 250
6 97774 250
1 97855 250
2 97855 250
6 97855 250
0 97936 250
1 97936 250
6 97936 250
1 98017 250
2 98017 250
6 98017 250
2 98098 250
3 98098 250
6 98098 250
2 98179 250
3 98179 250
6 98179 250
1 98260 250
2 98260 250
6 98260 250
0 98341 250
1 98341 250
6 98341 250
4 98422 250
6 98422 250
3 98503 250
6 98503 250
2 98584 250
6 98584 250
4 98666 250
6 98666 250
3 98747 250
6 98747 250
2 98828 250
6 98828 250
1 98909 250
6 98909 250
3 98990 250
6 98990 250
2 99071 250
6 99071 250
1 99152 250
6 99152 250
0 99233 250
6 99233 250
2 99314 250
6 99314 250
3 99395 250
6 99395 250
2 99476 250
6 99476 250
1 99557 250
6 99557 250
0 99638 250
6 99638 250
3 99720 250
4 99720 250
6 99720 250
2 99801 250
3 99801 250
6 99801 250
1 99882 250
2 99882 250
6 99882 250
3 99963 250
4 99963 250
6 99963 250
2 100044 250
4 100044 250
6 100044 250
1 100125 250
3 100125 250
6 100125 250
0 100206 250
2 100206 250
6 100206 250
2 100287 250
4 100287 250
6 100287 250
2 100368 250
3 100368 250
6 100368 250
1 100449 250
2 100449 250
6 100449 250
0 100530 250
1 100530 250
6 100530 250
2 100611 250
3 100611 250
6 100611 250
3 100693 250
4 100693 250
6 100693 250
2 100774 250
3 100774 250
6 100774 250
1 100855 250
2 100855 250
6 100855 250
0 100936 250
1 100936 250
6 100936 250
3 101017 250
4 101017 250
6 101017 250
2 101098 250
3 101098 250
6 101098 250
1 101179 250
2 101179 250
6 101179 250
0 101260 250
1 101260 250
6 101260 250
2 101341 250
3 101341 250
6 101341 250
1 101422 250
2 101422 250
6 101422 250
0 101503 250
1 101503 250
6 101503 250
1 101584 250
2 101584 250
6 101584 250
0 101666 250
1 101666 250
6 101666 250
1 101828 250
6 101828 250
2 101882 250
6 101882 250
3 101936 250
6 101936 250
4 101990 250
6 101990 250
0 102152 250
6 102152 250
1 102206 250
6 102206 250
2 102260 250
6 102260 250
2 102314 250
3 102314 250
6 102314 250
0 102476 250
1 102476 250
6 102476 250
0 102557 250
1 102557 250
6 102557 250
2 102638 250
3 102638 250
6 102638 250
2 102801 250
4 102801 250
6 102801 250
3 102963 250
4 102963 250
6 102963 250
2 103125 250
3 103125 250
6 103125 250
1 103287 250
2 103287 250
6 103287 250
3 103449 250
4 103449 250
6 103449 250
1 103530 250
6 103530 250
2 103611 250
3 103611 250
6 103611 250
2 103611 1066
1 103774 250
2 103774 250
6 103774 250
0 103855 250
6 103855 250
0 103936 250
1 103936 250
6 103936 250
1 104098 250
2 104098 250
6 104098 250
2 104260 250
3 104260 250
6 104260 250
0 104422 418
6 104422 250
0 104747 250
1 104747 250
6 104747 250
1 104909 250
3 104909 250
6 104909 250
0 105152 250
2 105152 250
6 105152 250
1 105233 250
3 105233 250
6 105233 250
2 105395 250
3 105395 250
6 105395 250
3 105557 250
4 105557 250
6 105557 250
2 105720 250
4 105720 250
6 105720 250
1 105882 250
3 105882 250
6 105882 250
2 106044 250
4 106044 250
6 106044 250
1 106206 250
2 106206 250
6 106206 250
0 106449 250
1 106449 250
6 106449 250
1 106530 250
2 106530 250
6 106530 250
2 106693 250
3 106693 250
6 106693 250
3 106855 250
4 106855 250
6 106855 250
2 107017 250
3 107017 250
6 107017 250
1 107179 250
2 107179 250
6 107179 250
3 107341 250
4 107341 250
6 107341 250
1 107503 250
6 107503 250
2 107584 250
6 107584 250
3 107666 250
6 107666 250
2 107747 250
6 107747 250
1 107828 250
6 107828 250
2 107909 250
6 107909 250
3 107990 250
6 107990 250
4 108071 250
6 108071 250
2 108152 250
3 108152 250
6 108152 250
1 108314 250
2 108314 250
6 108314 250
2 108476 250
3 108476 250
6 108476 250
3 108638 250
4 108638 250
6 108638 250
0 108801 250
3 108801 250
4 108801 250
6 108801 250
2 108963 250
3 108963 250
6 108963 250
0 109017 250
4 109017 250
6 109017 250
3 109071 250
6 109071 250
1 109125 250
2 109125 250
6 109125 250
0 109233 250
6 109233 250
2 109287 250
3 109287 250
6 109287 250
0 109449 250
3 109449 250
4 109449 250
6 109449 250
0 109666 250
6 109666 250
0 109882 250
6 109882 250
1 109936 250
6 109936 250
2 109990 250
6 109990 250
3 110044 250
6 110044 250
2 110098 250
6 110098 250
3 110220 250
6 110220 250
4 110253 250
6 110253 250
1 110584 250
2 110584 250
6 110584 250
0 110909 250
1 110909 250
6 110909 250
2 111517 250
6 111517 250
4 111551 250
6 111551 250
1 111882 250
3 111882 250
6 111882 250
0 112206 250
2 112206 250
6 112206 250
0 112693 250
1 112693 250
6 112693 250
0 112774 250
1 112774 250
6 112774 250
2 112855 250
3 112855 250
6 112855 250
0 113017 250
1 113017 250
6 113017 250
0 113098 250
1 113098 250
6 113098 250
3 113179 250
4 113179 250
6 113179 250
2 113341 250
4 113341 250
6 113341 250
2 113503 250
3 113503 250
6 113503 250
1 113666 250
3 113666 250
6 113666 250
1 113828 250
2 113828 250
6 113828 250
0 113990 250
2 113990 250
6 113990 250
0 114152 250
6 114152 250
1 114206 250
6 114206 250
2 114260 250
6 114260 250
3 114314 250
6 114314 250
1 114476 250
6 114476 250
2 114530 250
6 114530 250
3 114584 250
6 114584 250
4 114638 250
6 114638 250
1 114963 250
2 114963 250
6 114963 250
0 115044 250
1 115044 250
6 115044 250
1 115125 250
2 115125 250
6 115125 250
2 115206 250
3 115206 250
6 115206 250
2 115287 250
4 115287 250
6 115287 250
7 115328 250
2 115368 250
4 115368 250
6 115368 250
7 115409 250
2 115449 250
4 115449 250
6 115449 250
7 115490 250
2 115530 250
4 115530 250
6 115530 250
7 115571 250
2 115611 250
4 115611 250
6 115611 250
2 115774 250
4 115774 250
6 115774 250
7 115814 250
2 115855 250
4 115855 250
6 115855 250
7 115895 250
2 115936 250
4 115936 250
6 115936 250
7 115976 250
2 116017 250
4 116017 250
6 116017 250
7 116057 250
2 116098 250
4 116098 250
6 116098 250
0 116260 418
1 116260 418
2 116260 418
6 116260 250
2 116584 250
4 116584 250
6 116584 250
2 116584 1042
7 116625 250
2 116666 250
4 116666 250
6 116666 250
7 116706 250
2 116747 250
4 116747 250
6 116747 250
7 116787 250
2 116828 250
4 116828 250
6 116828 250
2 117071 250
4 117071 250
6 117071 250
7 117111 250
2 117152 250
4 117152 250
6 117152 250
7 117193 250
2 117233 250
4 117233 250
6 117233 250
7 117274 250
2 117314 250
4 117314 250
6 117314 250
7 117355 250
2 117395 250
4 117395 250
6 117395 250
0 117557 250
1 117557 250
2 117557 250
6 117557 250
0 117720 250
1 117720 250
2 117720 250
6 117720 250
0 117882 250
3 117882 250
6 117882 250
0 117963 250
4 117963 250
6 117963 250
0 118044 250
3 118044 250
6 118044 250
0 118125 250
4 118125 250
6 118125 250
0 118206 250
2 118206 250
6 118206 250
0 118287 250
4 118287 250
6 118287 250
0 118368 250
2 118368 250
6 118368 250
0 118449 250
4 118449 250
6 118449 250
0 118530 250
1 118530 250
6 118530 250
0 118611 250
4 118611 250
6 118611 250
0 118693 250
1 118693 250
6 118693 250
0 118774 250
4 118774 250
6 118774 250
0 118855 250
2 118855 250
6 118855 250
0 118936 250
3 118936 250
6 118936 250
0 119017 250
2 119017 250
6 119017 250
0 119098 250
3 119098 250
6 119098 250
0 119179 250
1 119179 250
6 119179 250
0 119260 250
3 119260 250
6 119260 250
0 119341 250
1 119341 250
6 119341 250
0 119422 250
3 119422 250
6 119422 250
0 119503 250
1 119503 250
6 119503 250
1 119584 250
2 119584 250
6 119584 250
2 119666 250
3 119666 250
6 119666 250
3 119747 250
4 119747 250
6 119747 250
1 119828 250
2 119828 250
6 119828 250
2 119990 250
3 119990 250
6 119990 250
0 120152 250
1 120152 250
6 120152 250
1 120314 250
2 120314 250
6 120314 250
2 120476 250
3 120476 250
6 120476 250
2 120557 250
3 120557 250
6 120557 250
2 120638 250
3 120638 250
6 120638 250
2 120801 250
3 120801 250
6 120801 250
2 120963 250
3 120963 250
6 120963 250
3 121125 250
4 121125 250
6 121125 250
2 121206 250
3 121206 250
6 121206 250
3 121287 250
4 121287 250
6 121287 250
3 121449 250
4 121449 250
6 121449 250
2 121611 250
3 121611 250
6 121611 250
1 121774 250
3 121774 250
6 121774 250
1 121855 250
3 121855 250
6 121855 250
0 121936 250
1 121936 250
6 121936 250
1 122098 250
2 122098 250
6 122098 250
1 122260 250
2 122260 250
6 122260 250
0 122422 250
1 122422 250
6 122422 250
1 122503 250
3 122503 250
6 122503 250
0 122584 250
1 122584 250
6 122584 250
1 122747 250
3 122747 250
6 122747 250
1 122828 250
3 122828 250
6 122828 250
0 122909 250
1 122909 250
6 122909 250
2 123071 250
3 123071 250
6 123071 250
2 123152 250
3 123152 250
6 123152 250
2 123233 250
3 123233 250
6 123233 250
3 123395 250
4 123395 250
6 123395 250
2 123557 250
3 123557 250
6 123557 250
3 123720 250
4 123720 250
6 123720 250
2 123801 250
3 123801 250
6 123801 250
3 123882 250
4 123882 250
6 123882 250
2 124044 250
3 124044 250
6 124044 250
2 124206 250
3 124206 250
6 124206 250
2 124368 250
4 124368 250
6 124368 250
2 124449 250
4 124449 250
6 124449 250
1 124530 250
2 124530 250
6 124530 250
2 124693 250
3 124693 250
6 124693 250
1 124855 250
2 124855 250
6 124855 250
2 125017 250
3 125017 250
6 125017 250
2 125098 250
4 125098 250
6 125098 250
2 125179 250
4 125179 250
6 125179 250
2 125260 250
4 125260 250
6 125260 250
2 125341 250
4 125341 250
6 125341 250
2 125422 250
4 125422 250
6 125422 250
2 125503 250
4 125503 250
6 125503 250
2 125584 250
4 125584 250
6 125584 250
0 125666 250
2 125666 250
3 125666 250
6 125666 250
0 125747 250
2 125747 250
3 125747 250
6 125747 250
0 125828 250
2 125828 250
3 125828 250
6 125828 250
0 125990 250
2 125990 250
3 125990 250
6 125990 250
0 126152 250
2 126152 250
3 126152 250
6 126152 250
0 126314 250
2 126314 250
3 126314 250
6 126314 250
0 126395 250
2 126395 250
3 126395 250
6 126395 250
0 126476 250
2 126476 250
3 126476 250
6 126476 250
0 126638 250
2 126638 250
3 126638 250
6 126638 250
0 126801 250
2 126801 250
3 126801 250
6 126801 250
0 126963 250
1 126963 250
3 126963 250
6 126963 250
0 127044 250
1 127044 250
3 127044 250
6 127044 250
0 127125 250
1 127125 250
3 127125 250
6 127125 250
0 127287 250
1 127287 250
3 127287 250
6 127287 250
0 127449 250
1 127449 250
3 127449 250
6 127449 250
0 127611 250
1 127611 250
3 127611 250
6 127611 250
0 127693 250
1 127693 250
3 127693 250
6 127693 250
0 127774 250
1 127774 250
3 127774 250
6 127774 250
0 127936 250
1 127936 250
3 127936 250
6 127936 250
0 128017 250
1 128017 250
3 128017 250
6 128017 250
0 128098 250
1 128098 250
3 128098 250
6 128098 250
0 128260 250
1 128260 250
2 128260 250
6 128260 250
0 128341 250
1 128341 250
2 128341 250
6 128341 250
0 128422 250
1 128422 250
2 128422 250
6 128422 250
0 128584 250
1 128584 250
2 128584 250
6 128584 250
0 128666 250
1 128666 250
2 128666 250
6 128666 250
0 128747 250
1 128747 250
2 128747 250
6 128747 250
0 128909 250
1 128909 250
2 128909 250
6 128909 250
0 128990 250
1 128990 250
2 128990 250
6 128990 250
0 129071 250
1 129071 250
2 129071 250
6 129071 250
0 129233 250
1 129233 250
2 129233 250
6 129233 250
0 129314 250
1 129314 250
2 129314 250
6 129314 250
0 129395 250
1 129395 250
2 129395 250
6 129395 250
0 129557 250
2 129557 250
3 129557 250
6 129557 250
0 129666 250
3 129666 250
4 129666 250
6 129666 250
0 129774 250
2 129774 250
3 129774 250
6 129774 250
0 129990 250
2 129990 250
3 129990 250
6 129990 250
0 130098 250
3 130098 250
4 130098 250
6 130098 250
0 130206 250
2 130206 250
3 130206 250
6 130206 250
0 130422 250
2 130422 250
3 130422 250
6 130422 250
0 130530 250
3 130530 250
4 130530 250
6 130530 250
0 130638 250
2 130638 250
3 130638 250
6 130638 250
0 130855 514
1 130855 514
2 130855 514
6 130855 250
1 131341 418
6 131341 250
1 131666 418
6 131666 250
1 131990 250
6 131990 250
1 132314 250
6 132314 250
1 132638 250
6 132638 250
1 132963 250
6 132963 250
1 133287 250
6 133287 250
1 133449 250
6 133449 250
7 133490 250
1 133530 250
6 133530 250
7 133571 250
1 133611 250
6 133611 250
7 133652 250
1 133693 250
6 133693 250
7 133733 250
1 133774 250
6 133774 250
7 133814 250
1 133855 250
6 133855 250
7 133895 250
1 133936 250
6 133936 250
7 133976 250
1 134017 250
6 134017 250
7 134057 250
1 134098 250
6 134098 250
7 134138 250
1 134179 250
6 134179 250
7 134220 250
1 134260 250
6 134260 250
7 134301 250
1 134341 250
6 134341 250
7 134382 250
1 134422 250
6 134422 250
7 134463 250
1 134503 250
6 134503 250
7 134544 250
1 134584 250
6 134584 250
7 134625 250
1 134666 250
6 134666 250
7 134706 250
1 134747 250
6 134747 250
2 134747 922
7 134787 250
1 134828 250
6 134828 250
7 134868 250
1 134909 250
6 134909 250
7 134949 250
1 134990 250
6 134990 250
7 135030 250
1 135071 250
6 135071 250
2 135152 250
6 135152 250
1 135233 250
6 135233 250
0 135314 250
6 135314 250
1 135395 250
6 135395 250
2 135557 250
6 135557 250
3 135720 418
6 135720 250
4 136044 250
6 136044 250
7 136084 250
4 136125 250
6 136125 250
7 136166 250
4 136206 250
6 136206 250
7 136247 250
4 136287 250
6 136287 250
7 136328 250
4 136368 250
6 136368 250
3 136449 250
6 136449 250
1 136530 250
6 136530 250
2 136611 250
6 136611 250
3 136693 250
6 136693 250
7 136733 250
3 136774 250
6 136774 250
7 136814 250
3 136855 250
6 136855 250
7 136895 250
3 136936 250
6 136936 250
7 136976 250
3 137017 250
6 137017 250
2 137098 250
6 137098 250
0 137179 250
6 137179 250
1 137260 250
6 137260 250
2 137341 250
3 137341 250
4 137341 250
6 137341 250
2 137422 250
3 137422 250
4 137422 250
6 137422 250
2 137503 250
3 137503 250
4 137503 250
6 137503 250
2 137584 250
3 137584 250
4 137584 250
6 137584 250
0 137666 250
1 137666 250
2 137666 250
6 137666 250
2 137828 250
3 137828 250
4 137828 250
6 137828 250
0 137990 250
1 137990 250
3 137990 250
6 137990 250
0 138314 418
1 138314 418
3 138314 418
6 138314 250
1 138638 250
2 138638 250
6 138638 250
7 138679 250
1 138720 250
2 138720 250
6 138720 250
7 138760 250
1 138801 250
2 138801 250
6 138801 250
7 138841 250
1 138882 250
2 138882 250
6 138882 250
7 138922 250
1 138963 250
2 138963 250
6 138963 250
7 139003 250
1 139044 250
2 139044 250
6 139044 250
7 139084 250
1 139125 250
2 139125 250
6 139125 250
7 139166 250
1 139206 250
2 139206 250
6 139206 250
0 139287 250
6 139287 250
1 139328 250
6 139328 250
2 139368 250
6 139368 250
3 139409 250
6 139409 250
1 139449 250
6 139449 250
2 139490 250
6 139490 250
3 139530 250
6 139530 250
4 139571 250
6 139571 250
0 139611 250
6 139611 250
1 139652 250
6 139652 250
2 139693 250
6 139693 250
3 139733 250
6 139733 250
0 139774 250
6 139774 250
1 139814 250
6 139814 250
2 139855 250
6 139855 250
3 139895 250
6 139895 250
4 139936 250
6 139936 250
4 139976 250
6 139976 250
4 140017 250
6 140017 250
4 140057 250
6 140057 250
4 140098 250
6 140098 250
4 140138 250
6 140138 250
4 140179 250
6 140179 250
4 140220 250
6 140220 250
1 140260 250
2 140260 250
6 140260 250
0 140422 250
1 140422 250
6 140422 250
1 140503 250
2 140503 250
6 140503 250
2 140584 250
3 140584 250
6 140584 250
1 140747 250
2 140747 250
6 140747 250
3 140909 250
4 140909 250
6 140909 250
1 141071 250
2 141071 250
6 141071 250
3 141233 250
4 141233 250
6 141233 250
2 141314 250
3 141314 250
6 141314 250
1 141395 250
2 141395 250
6 141395 250
3 141476 250
4 141476 250
6 141476 250
2 141557 250
4 141557 250
6 141557 250
1 141638 250
3 141638 250
6 141638 250
0 141720 250
2 141720 250
6 141720 250
1 141801 250
3 141801 250
6 141801 250
3 141882 250
4 141882 250
6 141882 250
2 141963 250
3 141963 250
6 141963 250
1 142044 250
2 142044 250
6 142044 250
0 142125 250
1 142125 250
6 142125 250
2 142206 250
3 142206 250
6 142206 250
3 142287 250
4 142287 250
6 142287 250
2 142368 250
3 142368 250
6 142368 250
1 142449 250
2 142449 250
6 142449 250
3 142530 250
4 142530 250
6 142530 250
2 142571 250
3 142571 250
6 142571 250
1 142611 250
2 142611 250
6 142611 250
0 142652 250
1 142652 250
6 142652 250
3 142693 250
4 142693 250
6 142693 250
2 142733 250
3 142733 250
6 142733 250
1 142774 250
2 142774 250
6 142774 250
0 142814 250
1 142814 250
6 142814 250
0 142855 250
1 142855 250
6 142855 250
1 142895 250
2 142895 250
6 142895 250
2 142936 250
3 142936 250
6 142936 250
3 142976 250
4 142976 250
6 142976 250
0 143017 250
1 143017 250
6 143017 250
1 143057 250
2 143057 250
6 143057 250
2 143098 250
3 143098 250
6 143098 250
3 143138 250
4 143138 250
6 143138 250
3 143179 250
4 143179 250
6 143179 250
2 143220 250
3 143220 250
6 143220 250
1 143260 250
2 143260 250
6 143260 250
0 143301 250
1 143301 250
6 143301 250
3 143341 250
4 143341 250
6 143341 250
2 143382 250
3 143382 250
6 143382 250
1 143422 250
2 143422 250
6 143422 250
0 143463 250
1 143463 250
6 143463 250
2 143463 490
0 143503 250
1 143503 250
6 143503 250
0 143544 250
1 143544 250
6 143544 250
0 143584 250
1 143584 250
6 143584 250
0 143625 250
1 143625 250
6 143625 250
0 143666 250
1 143666 250
6 143666 250
0 143706 250
1 143706 250
6 143706 250
0 143747 250
1 143747 250
6 143747 250
0 143787 250
1 143787 250
6 143787 250
1 143828 250
2 143828 250
6 143828 250
1 143990 250
2 143990 250
6 143990 250
7 144030 250
1 144071 250
2 144071 250
6 144071 250
7 144111 250
1 144152 250
2 144152 250
6 144152 250
7 144193 250
1 144233 250
2 144233 250
6 144233 250
7 144274 250
1 144314 250
2 144314 250
6 144314 250
7 144355 250
1 144395 250
2 144395 250
6 144395 250
7 144436 250
1 144476 250
2 144476 250
6 144476 250
7 144517 250
1 144557 250
2 144557 250
6 144557 250
7 144598 250
1 144638 250
2 144638 250
6 144638 250
7 144679 250
1 144720 250
2 144720 250
6 144720 250
7 144760 250
1 144801 250
2 144801 250
6 144801 250
7 144841 250
1 144882 250
2 144882 250
6 144882 250
7 144922 250
1 144963 250
2 144963 250
6 144963 250
7 145003 250
1 145044 250
2 145044 250
6 145044 250
7 145084 250
1 145125 250
2 145125 250
6 145125 250
7 145166 250
1 145206 250
2 145206 250
6 145206 250
7 145247 250
1 145287 250
2 145287 250
6 145287 250
7 145328 250
1 145368 250
2 145368 250
6 145368 250
7 145409 250
1 145449 250
2 145449 250
6 145449 250
2 145530 250
3 145530 250
6 145530 250
1 145611 250
2 145611 250
6 145611 250
0 145693 250
1 145693 250
6 145693 250
1 145774 250
2 145774 250
6 145774 250
2 145936 250
3 145936 250
6 145936 250
3 146098 250
4 146098 250
6 146098 250
3 146422 250
4 146422 250
6 146422 250
7 146463 250
3 146503 250
4 146503 250
6 146503 250
7 146544 250
3 146584 250
4 146584 250
6 146584 250
7 146625 250
3 146666 250
4 146666 250
6 146666 250
7 146706 250
3 146747 250
4 146747 250
6 146747 250
2 146828 250
4 146828 250
6 146828 250
1 146909 250
3 146909 250
6 146909 250
2 146990 250
4 146990 250
6 146990 250
2 147071 250
3 147071 250
6 147071 250
7 147111 250
2 147152 250
3 147152 250
6 147152 250
7 147193 250
2 147233 250
3 147233 250
6 147233 250
7 147274 250
2 147314 250
3 147314 250
6 147314 250
7 147355 250
2 147395 250
3 147395 250
6 147395 250
1 147476 250
3 147476 250
6 147476 250
0 147557 250
2 147557 250
6 147557 250
1 147638 250
3 147638 250
6 147638 250
1 147720 250
2 147720 250
6 147720 250
7 147760 250
1 147801 250
2 147801 250
6 147801 250
7 147841 250
1 147882 250
2 147882 250
6 147882 250
7 147922 250
1 147963 250
2 147963 250
6 147963 250
0 148044 250
1 148044 250
6 148044 250
2 148206 250
3 148206 250
6 148206 250
2 148328 298
0 148368 250
1 148368 250
2 148368 250
3 148368 250
4 148368 250
6 148368 250
2 148490 298
0 148530 250
1 148530 250
2 148530 250
3 148530 250
4 148530 250
6 148530 250
2 148652 298
0 148693 250
1 148693 250
2 148693 250
3 148693 250
4 148693 250
6 148693 250
2 148814 322
0 148855 250
1 148855 250
2 148855 250
3 148855 250
4 148855 250
6 148855 250
1 149017 250
2 149017 250
6 149017 250
7 149057 250
1 149098 250
2 149098 250
6 149098 250
7 149138 250
1 149179 250
2 149179 250
6 149179 250
7 149220 250
1 149260 250
2 149260 250
6 149260 250
7 149301 250
1 149341 250
2 149341 250
6 149341 250
7 149382 250
1 149422 250
2 149422 250
6 149422 250
7 149463 250
1 149503 250
2 149503 250
6 149503 250
7 149544 250
1 149584 250
2 149584 250
6 149584 250
3 149666 250
6 149666 250
3 149706 250
6 149706 250
3 149747 250
6 149747 250
3 149787 250
6 149787 250
4 149828 250
6 149828 250
4 149868 250
6 149868 250
4 149909 250
6 149909 250
4 149949 250
6 149949 250
4 149990 250
6 149990 250
4 150152 250
6 150152 250
4 150233 250
6 150233 250
4 150314 250
6 150314 250
4 150355 250
6 150355 250
4 150395 250
6 150395 250
4 150436 250
6 150436 250
4 150476 250
6 150476 250
4 150517 250
6 150517 250
4 150557 250
6 150557 250
4 150598 250
6 150598 250
1 150638 250
2 150638 250
6 150638 250
0 150801 250
1 150801 250
6 150801 250
1 150882 250
2 150882 250
6 150882 250
2 150963 250
3 150963 250
6 150963 250
1 151125 250
2 151125 250
6 151125 250
2 151287 250
3 151287 250
4 151287 250
6 151287 250
2 151611 250
3 151611 250
4 151611 250
6 151611 250
2 151693 250
3 151693 250
6 151693 250
1 151774 250
2 151774 250
6 151774 250
3 151855 250
4 151855 250
6 151855 250
1 151936 250
2 151936 250
4 151936 250
6 151936 250
1 152017 250
3 152017 250
6 152017 250
0 152098 250
2 152098 250
6 152098 250
2 152179 250
4 152179 250
6 152179 250
2 152260 250
3 152260 250
4 152260 250
6 152260 250
1 152341 250
2 152341 250
6 152341 250
0 152422 250
1 152422 250
6 152422 250
2 152503 250
3 152503 250
6 152503 250
0 152584 250
1 152584 250
2 152584 250
6 152584 250
1 152747 250
2 152747 250
6 152747 250
2 152828 250
3 152828 250
6 152828 250
4 152909 250
6 152909 250
3 152990 250
6 152990 250
2 153071 250
6 153071 250
4 153152 250
6 153152 250
3 153233 250
6 153233 250
2 153314 250
6 153314 250
1 153395 250
6 153395 250
3 153476 250
6 153476 250
2 153557 250
6 153557 250
1 153638 250
6 153638 250
0 153720 250
6 153720 250
3 153801 250
6 153801 250
4 153882 250
6 153882 250
3 153963 250
6 153963 250
2 154044 250
6 154044 250
1 154125 250
6 154125 250
1 154206 250
2 154206 250
3 154206 250
4 154206 250
6 154206 250
3 154287 250
6 154287 250
2 154368 250
6 154368 250
1 154449 250
6 154449 250
0 154530 250
1 154530 250
2 154530 250
3 154530 250
6 154530 250
1 154611 250
6 154611 250
2 154693 250
6 154693 250
3 154774 250
6 154774 250
1 154855 250
2 154855 250
3 154855 250
4 154855 250
6 154855 250
3 154936 250
6 154936 250
3 155017 250
6 155017 250
3 155098 250
6 155098 250
0 155179 250
1 155179 250
2 155179 250
3 155179 250
6 155179 250
1 155341 250
6 155341 250
2 155422 250
6 155422 250
1 155503 250
2 155503 250
3 155503 250
4 155503 250
6 155503 250
1 155666 250
2 155666 250
3 155666 250
4 155666 250
6 155666 250
0 155828 250
1 155828 250
2 155828 250
3 155828 250
6 155828 250
0 155990 250
1 155990 250
2 155990 250
4 155990 250
6 155990 250
0 156152 250
1 156152 250
2 156152 250
6 156152 250
2 156314 250
6 156314 250
3 156395 250
6 156395 250
2 156436 394
0 156476 2938
1 156476 256
2 156476 1978
3 156476 256
4 156476 2938
7 156478 2937
