2 9962 1090
6 9962 250
0 11833 250
0 13703 250
2 13703 730
2 40336 1090
6 40336 250
0 42235 250
0 43184 250
0 44133 250
1 47916 250
2 51698 250
1 55476 250
2 55476 2170
1 57381 250
0 59286 250
1 63143 250
2 66896 610
2 68794 610
2 70693 250
0 72592 1090
6 72592 250
1 74491 610
1 76382 250
1 78273 610
1 80181 250
0 82088 610
0 83984 250
0 84925 250
2 86809 610
2 87763 250
1 89673 610
1 91572 250
1 93470 610
1 95376 250
0 97283 610
0 99165 250
1 100576 2290
2 100576 2410
0 104870 250
1 108660 250
2 112510 250
1 116300 250
1 118185 250
0 120070 250
1 123865 250
2 127632 610
2 129542 610
2 131452 250
2 131452 2170
0 133358 1090
6 133358 250
0 135265 250
0 137193 250
1 139122 250
1 140991 250
2 142860 250
2 144747 250
1 146665 250
1 148558 250
0 150452 250
0 152346 250
1 154259 250
1 156136 250
0 158019 250
0 159903 250
2 161787 490
2 163858 970
