2 2000 418
4 2545 418
0 3091 250
1 3364 250
4 3636 418
3 4182 394
4 4727 250
3 5000 250
2 5273 250
3 5545 250
4 5818 418
2 6364 418
4 6909 418
0 7455 250
1 7727 250
4 8000 418
3 8545 394
4 9091 250
3 9364 250
2 9636 250
3 9909 250
4 10182 418
2 10727 418
4 11273 418
0 11818 250
1 12091 250
4 12364 418
3 12909 394
2 12909 946
4 13455 250
3 13727 250
2 14000 250
3 14273 250
4 14545 418
2 15091 418
4 15636 418
0 16182 250
1 16455 250
4 16727 418
3 17273 394
4 17818 250
3 18091 250
2 18364 250
3 18636 250
4 18909 418
1 19455 250
4 19727 250
4 20000 250
2 20273 250
2 20545 250
4 20818 250
2 21091 250
4 21364 250
3 21636 250
3 21909 250
2 22182 250
4 22455 250
3 22727 418
2 23273 250
3 23545 250
0 23818 250
2 23818 1330
1 24091 250
2 24364 250
3 24636 514
3 25455 418
0 26000 250
1 26273 250
2 26545 250
2 28182 322
3 28182 322
2 28455 322
3 28455 322
2 28727 322
3 28727 322
0 29000 418
2 29000 418
0 29545 322
2 29545 322
0 29818 322
2 29818 322
0 30091 322
2 30091 322
1 30364 322
2 30364 322
1 30636 322
2 30636 322
1 30909 322
2 30909 322
1 31182 418
2 31182 418
1 31727 322
2 31727 322
1 32000 418
2 32000 418
2 32545 322
3 32545 322
2 32818 322
3 32818 322
2 33091 322
3 33091 322
0 33364 418
2 33364 418
0 33909 322
2 33909 322
0 34182 322
2 34182 322
0 34455 322
2 34455 322
1 34727 322
2 34727 322
1 35000 322
2 35000 322
1 35273 322
2 35273 322
0 35545 418
2 35545 418
0 36091 322
2 36091 322
0 36364 322
2 36364 322
0 36636 322
2 36636 322
0 36909 322
1 36909 322
2 36909 994
0 37182 322
1 37182 322
0 37455 322
1 37455 322
0 37727 418
2 37727 418
0 38273 322
2 38273 322
0 38545 322
2 38545 322
0 38818 322
2 38818 322
2 39091 418
3 39091 418
2 39636 322
3 39636 322
2 39909 322
3 39909 322
1 40182 418
2 40182 418
1 40727 322
2 40727 322
1 41000 322
2 41000 346
0 41273 322
1 41273 322
0 41545 322
1 41545 322
0 41818 322
1 41818 322
0 42091 418
2 42091 418
0 42636 322
2 42636 322
0 42909 322
2 42909 322
0 43182 322
2 43182 322
1 43455 250
2 43455 250
1 43591 250
2 43591 250
1 43727 250
2 43727 250
1 43864 250
2 43864 250
1 44000 250
2 44000 250
1 44136 250
2 44136 250
1 44273 250
2 44273 250
1 44409 250
2 44409 250
1 44545 250
2 44545 250
2 45636 418
2 45636 1642
4 46182 418
0 46727 250
1 47000 250
4 47273 418
3 47818 394
4 48364 250
3 48636 250
2 48909 250
3 49182 250
4 49455 418
2 50000 418
4 50545 418
0 51091 250
1 51364 250
4 51636 418
3 52182 394
4 52727 250
3 53000 250
2 53273 250
3 53545 250
4 53818 418
2 54364 418
4 54909 418
0 55455 250
1 55727 250
4 56000 418
3 56545 394
4 57091 250
3 57364 250
2 57636 250
3 57909 250
4 58182 418
2 58727 418
4 59273 418
0 59818 250
1 60091 250
4 60364 418
3 60909 394
4 61455 250
3 61727 250
2 62000 250
3 62273 250
4 62545 418
1 63091 250
2 63091 946
4 63364 250
4 63636 250
2 63909 250
2 64182 250
4 64455 250
2 64727 250
4 65000 250
3 65273 250
3 65545 250
2 65818 250
4 66091 250
3 66364 418
2 66909 250
3 67182 250
0 67455 250
1 67727 250
2 68000 250
3 68273 514
3 69091 418
1 69636 250
2 69636 250
1 69909 250
2 69909 250
1 70182 250
2 70182 250
2 71818 322
3 71818 322
2 72091 322
3 72091 322
2 72364 322
3 72364 322
0 72636 418
2 72636 418
0 73182 322
2 73182 322
0 73455 322
2 73455 322
0 73727 322
2 73727 322
1 74000 322
2 74000 322
1 74273 322
2 74273 322
1 74545 322
2 74545 322
1 74818 418
2 74818 418
1 75364 322
2 75364 322
1 75636 418
2 75636 418
2 76182 322
3 76182 322
2 76455 322
3 76455 322
2 76727 322
3 76727 322
0 77000 418
2 77000 418
0 77545 322
2 77545 322
0 77818 322
2 77818 322
0 78091 322
2 78091 322
1 78364 322
2 78364 322
1 78636 322
2 78636 322
1 78909 322
2 78909 322
0 79182 418
2 79182 418
0 79727 322
2 79727 322
0 80000 322
2 80000 322
0 80273 322
2 80273 322
0 80545 322
1 80545 322
2 80545 970
0 80818 322
1 80818 322
0 81091 322
1 81091 322
0 81364 418
2 81364 418
0 81909 322
2 81909 322
0 82182 322
2 82182 322
0 82455 322
2 82455 322
2 82727 418
3 82727 418
2 83273 322
3 83273 322
2 83545 322
3 83545 322
1 83818 418
2 83818 418
1 84364 322
2 84364 322
1 84636 322
2 84636 346
0 84909 322
1 84909 322
0 85182 322
1 85182 322
0 85455 322
1 85455 322
0 85727 418
2 85727 418
0 86273 322
2 86273 322
0 86545 322
2 86545 322
0 86818 322
2 86818 322
1 87091 322
2 87091 322
1 87364 322
2 87364 322
1 87636 322
2 87636 322
1 87909 322
2 87909 322
1 88182 322
2 88182 322
1 88455 322
2 88455 322
1 88727 322
2 88727 322
1 89000 322
2 89000 322
0 89273 250
1 89545 250
3 89818 250
2 90091 250
4 90364 250
3 90636 250
2 90909 250
1 91182 418
3 91727 250
5 91727 250
3 92000 250
1 92273 250
4 92545 250
3 92818 250
2 93091 250
1 93364 250
1 93636 250
1 93909 250
2 94182 250
1 94455 250
1 94727 250
1 95000 250
4 95273 418
3 95818 610
3 96909 418
4 97455 418
1 98000 250
2 98000 1714
0 98273 250
2 98545 250
0 98818 250
1 99091 250
0 99364 250
2 99636 250
1 99909 250
1 100182 250
1 100455 250
2 100727 250
1 101000 250
4 101273 250
3 101545 250
2 101818 250
1 102091 250
2 102364 250
1 102636 250
3 102909 250
1 103182 250
2 103455 250
1 103727 250
3 104000 250
1 104273 250
4 104545 994
2 106727 418
4 107273 418
0 107818 250
1 108091 250
4 108364 418
3 108909 394
4 109455 250
3 109727 250
2 110000 250
3 110273 250
4 110545 418
2 111091 418
4 111636 418
0 112182 250
1 112455 250
4 112727 418
3 113273 394
4 113818 250
3 114091 250
2 114364 250
3 114636 250
4 114909 418
2 115455 418
2 115455 970
4 116000 418
0 116545 250
1 116818 250
4 117091 418
3 117636 394
4 118182 250
3 118455 250
2 118727 250
3 119000 250
4 119273 418
2 119818 418
4 120364 418
0 120909 250
1 121182 250
4 121455 418
3 122000 394
4 122545 250
3 122818 250
2 123091 250
3 123364 250
4 123636 418
2 124182 418
4 124727 418
0 125273 250
1 125545 250
4 125818 418
3 126364 394
4 126909 250
3 127182 250
2 127455 250
3 127455 250
2 128545 322
3 128545 322
2 128545 1786
2 128818 322
3 128818 322
2 129091 322
3 129091 322
0 129364 418
2 129364 418
0 129909 322
2 129909 322
0 130182 322
2 130182 322
0 130455 322
2 130455 322
1 130727 322
2 130727 322
1 131000 322
2 131000 322
1 131273 322
2 131273 322
1 131545 418
2 131545 418
1 132091 322
2 132091 322
1 132364 418
2 132364 418
2 132909 322
3 132909 322
2 133182 322
3 133182 322
2 133455 322
3 133455 322
0 133727 418
2 133727 418
0 134273 322
2 134273 322
0 134545 322
2 134545 322
0 134818 322
2 134818 322
1 135091 322
2 135091 322
1 135364 322
2 135364 322
1 135636 322
2 135636 322
0 135909 418
2 135909 418
0 136455 322
2 136455 322
0 136727 322
2 136727 322
0 137000 322
2 137000 322
0 137273 322
1 137273 322
0 137545 322
1 137545 322
0 137818 322
1 137818 322
0 138091 418
2 138091 418
0 138636 322
2 138636 322
0 138909 322
2 138909 322
0 139182 322
2 139182 322
2 139455 418
3 139455 418
2 140000 322
3 140000 322
2 140273 322
3 140273 322
1 140545 418
2 140545 418
1 141091 322
2 141091 322
1 141364 322
2 141364 322
0 141636 322
1 141636 322
0 141909 322
1 141909 322
0 142182 322
1 142182 322
0 142455 418
2 142455 418
0 143000 322
2 143000 322
0 143273 322
2 143273 322
0 143545 322
2 143545 322
2 143818 418
3 143818 418
2 143818 970
2 144364 322
3 144364 322
2 144636 322
3 144636 322
1 144909 418
2 144909 418
1 145455 322
2 145455 322
1 145727 322
2 145727 322
2 146000 322
3 146000 322
2 146273 322
3 146273 322
2 146545 322
3 146545 322
0 146818 418
2 146818 418
0 147364 322
2 147364 322
0 147636 322
2 147636 322
0 147909 322
2 147909 322
1 148182 322
2 148182 322
1 148455 322
2 148455 322
1 148727 322
2 148727 322
1 149000 418
2 149000 418
1 149545 322
2 149545 322
1 149818 418
2 149818 418
2 150364 322
3 150364 322
2 150636 322
3 150636 322
2 150909 322
3 150909 322
0 151182 418
2 151182 418
0 151727 322
2 151727 322
0 152000 322
2 152000 322
0 152273 322
2 152273 322
1 152545 322
2 152545 322
1 152818 322
2 152818 322
1 153091 322
2 153091 322
0 153364 418
2 153364 418
0 153909 322
2 153909 322
0 154182 322
2 154182 322
0 154455 322
2 154455 322
0 154727 322
1 154727 322
0 155000 322
1 155000 322
0 155273 322
1 155273 322
0 155545 418
2 155545 418
0 156091 322
2 156091 322
0 156364 322
2 156364 322
0 156636 322
2 156636 322
2 156909 418
3 156909 418
2 157455 322
3 157455 322
2 157727 322
3 157727 322
1 158000 418
2 158000 418
1 158545 322
2 158545 322
1 158818 322
2 158818 322
0 159091 322
1 159091 322
0 159364 322
1 159364 322
0 159636 322
1 159636 322
0 159909 418
2 159909 418
0 160455 322
2 160455 322
0 160727 322
2 160727 322
0 161000 322
2 161000 322
2 161273 418
3 161273 418
2 161818 322
3 161818 322
2 162091 322
3 162091 322
1 162364 418
2 162364 418
1 162909 322
2 162909 322
1 163182 322
2 163182 322
0 163455 322
1 163455 322
2 163455 1714
0 163727 322
1 163727 322
0 164000 322
1 164000 322
0 164273 418
2 164273 418
0 164818 322
2 164818 322
0 165091 322
2 165091 322
0 165364 322
2 165364 322
2 165636 418
3 165636 418
2 166182 322
3 166182 322
2 166455 322
3 166455 322
1 166727 418
2 166727 418
1 167273 322
2 167273 322
1 167545 322
2 167545 322
0 167818 322
1 167818 322
0 168091 322
1 168091 322
0 168364 322
1 168364 322
0 168636 418
2 168636 418
0 169182 322
2 169182 322
0 169455 322
2 169455 322
0 169727 322
2 169727 322
1 170000 322
2 170000 322
1 170273 322
2 170273 322
1 170545 322
2 170545 322
1 170818 322
2 170818 322
1 171091 322
2 171091 322
1 171364 322
2 171364 322
1 171636 322
2 171636 322
1 171909 322
2 171909 322
2 172182 250
2 172182 970
1 172455 250
3 172727 250
1 173000 250
2 173273 250
1 173545 250
3 173818 250
1 174091 250
2 174364 250
1 174636 250
3 174909 250
1 175182 250
4 175455 250
3 175727 250
1 176000 250
2 176273 250
2 176545 250
1 176818 250
3 177091 250
1 177364 250
2 177636 250
1 177909 250
3 178182 250
1 178455 250
2 178727 250
1 179000 250
3 179273 250
1 179545 250
3 179818 250
2 180091 250
3 180364 250
4 180636 250
2 180909 250
1 181182 250
3 181455 250
1 181727 250
2 182000 250
1 182273 250
3 182545 250
1 182818 250
2 183091 250
1 183364 250
3 183636 250
1 183909 250
4 184182 250
3 184455 250
4 184727 250
2 185000 250
2 185273 514
1 186091 514
0 186909 3514
