3 9962 610
6 9962 250
1 10897 610
6 10897 250
0 11833 250
0 12768 250
0 13703 250
2 13703 730
0 14189 250
3 40336 610
6 40336 250
1 41285 610
6 41285 250
0 42235 250
0 43184 250
0 44133 250
0 44606 250
1 47916 250
1 48389 250
2 51698 250
2 52179 250
3 55476 250
2 55476 2170
3 55952 250
3 57381 250
3 57857 250
0 59286 250
0 59768 250
1 63143 250
1 63612 250
2 66896 610
2 67845 610
2 68794 610
2 69744 610
2 70693 250
2 71642 250
0 72592 610
6 72592 250
3 73541 610
6 73541 250
1 74491 610
1 75436 610
1 76382 250
1 77327 250
1 78273 610
1 79227 610
1 80181 250
1 81135 250
0 82088 610
0 83042 610
0 83984 250
0 84925 250
2 86809 610
2 87763 250
2 88718 250
1 89673 610
1 90622 610
1 91572 250
1 92521 250
1 93470 610
1 94423 610
1 95376 250
1 96330 250
0 97283 610
0 98224 610
0 99165 250
1 100576 2290
2 100576 2410
0 104870 250
0 105344 250
1 108660 250
1 109141 250
2 112510 250
2 112979 250
3 116300 250
3 116771 250
3 118185 250
3 118656 250
0 120070 250
0 120541 250
1 123865 250
1 124336 250
2 127632 610
2 128587 610
2 129542 610
2 130497 610
2 131452 250
2 131452 2170
2 132405 250
0 133358 610
6 133358 250
3 134312 610
6 134312 250
0 135265 250
0 136229 250
0 137193 250
0 138158 250
1 139122 250
1 140056 250
1 140991 250
1 141925 250
2 142860 250
2 143803 250
2 144747 250
2 145691 250
3 146665 250
3 147611 250
3 148558 250
3 149505 250
0 150452 250
0 151399 250
0 152346 250
0 153303 250
1 154259 250
1 155198 250
1 156136 250
1 157077 250
0 158019 250
0 158961 250
0 159903 250
0 160845 250
2 161787 490
2 163340 250
2 163858 970
