4 9962 250
6 9962 250
3 10430 250
6 10430 250
2 10897 250
6 10897 250
1 11365 250
6 11365 250
7 11833 250
7 12066 250
7 12300 250
7 12534 250
7 12768 250
7 13002 250
7 13236 250
7 13470 250
1 13703 250
3 13703 250
2 13703 730
1 14189 250
3 14189 250
4 40336 250
6 40336 250
3 40811 250
6 40811 250
2 41285 250
6 41285 250
1 41760 250
6 41760 250
7 42235 250
7 42472 250
7 42709 250
7 42947 250
7 43184 250
7 43421 250
7 43659 250
7 43896 250
1 44133 250
3 44133 250
1 44606 250
3 44606 250
2 47916 250
3 47916 250
2 48389 250
3 48389 250
2 51698 250
4 51698 250
2 52179 250
4 52179 250
3 55476 250
4 55476 250
2 55476 2170
3 55952 250
4 55952 250
3 57381 250
4 57381 250
3 57857 250
4 57857 250
1 59286 250
3 59286 250
1 59768 250
3 59768 250
2 63143 250
3 63143 250
2 63612 250
3 63612 250
2 66896 610
4 66896 610
2 67845 610
4 67845 610
2 68794 610
4 68794 610
2 69744 610
4 69744 610
2 70693 250
4 70693 250
2 71168 250
4 71168 250
2 71642 250
4 71642 250
2 72117 250
4 72117 250
0 72592 250
6 72592 250
2 73066 250
6 73066 250
4 73541 250
6 73541 250
2 74016 250
6 74016 250
2 74491 610
3 74491 610
2 75436 610
3 75436 610
2 76382 250
3 76382 250
2 76855 250
3 76855 250
2 77327 250
3 77327 250
2 77800 250
3 77800 250
2 78273 610
3 78273 610
2 79227 610
3 79227 610
2 80181 250
3 80181 250
2 80658 250
3 80658 250
2 81135 250
3 81135 250
2 81611 250
3 81611 250
1 82088 610
3 82088 610
1 83042 610
3 83042 610
1 83984 250
3 83984 250
1 84455 250
3 84455 250
1 84925 250
3 84925 250
1 85396 250
3 85396 250
2 86809 610
4 86809 610
2 87763 250
4 87763 250
2 88241 250
4 88241 250
2 88718 250
4 88718 250
2 89195 250
4 89195 250
2 89673 610
3 89673 610
2 90622 610
3 90622 610
2 91572 250
3 91572 250
2 92046 250
3 92046 250
2 92521 250
3 92521 250
2 92996 250
3 92996 250
2 93470 610
3 93470 610
2 94423 610
3 94423 610
2 95376 250
3 95376 250
2 95853 250
3 95853 250
2 96330 250
3 96330 250
2 96806 250
3 96806 250
1 97283 610
3 97283 610
1 98224 610
3 98224 610
1 99165 250
3 99165 250
1 99635 250
3 99635 250
1 100105 250
3 100105 250
2 100576 2290
3 100576 2290
2 100576 2410
1 104870 250
3 104870 250
1 105344 250
3 105344 250
2 108660 250
3 108660 250
2 109141 250
3 109141 250
2 112510 250
4 112510 250
2 112979 250
4 112979 250
3 116300 250
4 116300 250
3 116771 250
4 116771 250
3 118185 250
4 118185 250
3 118656 250
4 118656 250
1 120070 250
3 120070 250
1 120541 250
3 120541 250
2 123865 250
3 123865 250
2 124336 250
3 124336 250
2 127632 610
4 127632 610
2 128587 610
4 128587 610
2 129542 610
4 129542 610
2 130497 610
4 130497 610
2 131452 250
4 131452 250
2 131452 2170
2 131929 250
4 131929 250
2 132405 250
4 132405 250
2 132882 250
4 132882 250
0 133358 250
6 133358 250
2 133835 250
6 133835 250
4 134312 250
6 134312 250
2 134788 250
6 134788 250
1 135265 250
3 135265 250
1 135747 250
3 135747 250
1 136229 250
3 136229 250
1 136711 250
3 136711 250
1 137193 250
3 137193 250
1 137676 250
3 137676 250
1 138158 250
3 138158 250
1 138640 250
3 138640 250
2 139122 250
3 139122 250
2 139589 250
3 139589 250
2 140056 250
3 140056 250
2 140524 250
3 140524 250
2 140991 250
3 140991 250
2 141458 250
3 141458 250
2 141925 250
3 141925 250
2 142392 250
3 142392 250
2 142860 250
4 142860 250
2 143331 250
4 143331 250
2 143803 250
4 143803 250
2 144275 250
4 144275 250
2 144747 250
4 144747 250
2 145219 250
4 145219 250
2 145691 250
4 145691 250
2 146178 250
4 146178 250
3 146665 250
4 146665 250
3 147138 250
4 147138 250
3 147611 250
4 147611 250
3 148085 250
4 148085 250
3 148558 250
4 148558 250
3 149032 250
4 149032 250
3 149505 250
4 149505 250
3 149979 250
4 149979 250
1 150452 250
3 150452 250
1 150925 250
3 150925 250
1 151399 250
3 151399 250
1 151872 250
3 151872 250
1 152346 250
3 152346 250
1 152824 250
3 152824 250
1 153303 250
3 153303 250
1 153781 250
3 153781 250
2 154259 250
3 154259 250
2 154728 250
3 154728 250
2 155198 250
3 155198 250
2 155667 250
3 155667 250
2 156136 250
3 156136 250
2 156607 250
3 156607 250
2 157077 250
3 157077 250
2 157548 250
3 157548 250
1 158019 250
3 158019 250
1 158490 250
3 158490 250
1 158961 250
3 158961 250
1 159432 250
3 159432 250
1 159903 250
3 159903 250
1 160374 250
3 160374 250
1 160845 250
3 160845 250
2 161316 250
2 161787 490
4 161787 490
2 162563 490
4 162563 490
2 163340 250
4 163340 250
2 163858 610
4 163858 610
2 164807 250
5 164807 250
1 165045 250
