2 2345 250
4 2345 250
7 2540 250
7 2735 250
2 2929 250
4 2929 250
7 3124 250
7 3319 250
2 3514 250
4 3514 250
7 3709 250
2 3903 250
4 3903 250
7 4098 250
7 4293 250
2 4488 250
4 4488 250
7 4683 250
7 4877 250
2 5072 250
4 5072 250
7 5267 250
2 5462 250
4 5462 250
7 5657 250
7 5852 250
2 6046 250
4 6046 250
7 6241 250
7 6436 250
2 6631 250
4 6631 250
7 6826 250
2 7020 250
4 7020 250
7 7215 250
7 7410 250
2 7605 250
4 7605 250
7 7800 250
7 7994 250
2 8189 250
4 8189 250
7 8384 250
0 8579 250
2 8579 250
7 8774 250
7 8968 250
0 9163 250
2 9163 250
7 9358 250
7 9553 250
0 9748 250
2 9748 250
7 9942 250
0 10137 250
2 10137 250
7 10332 250
7 10527 250
0 10722 250
2 10722 250
7 10916 250
7 11111 250
0 11306 250
2 11306 250
7 11501 250
1 11696 250
3 11696 250
7 11890 250
7 12085 250
1 12280 250
3 12280 250
7 12475 250
7 12670 250
1 12864 250
3 12864 250
7 13059 250
1 13254 250
3 13254 250
7 13449 250
7 13644 250
1 13839 250
3 13839 250
7 14033 250
7 14228 250
1 14423 250
3 14423 250
0 14618 250
1 14618 250
5 14618 250
0 14813 250
1 14813 250
2 14813 1834
7 15007 250
7 15202 250
0 15397 250
1 15397 250
7 15592 250
7 15787 250
0 15981 250
1 15981 250
7 16176 250
0 16371 250
1 16371 250
7 16566 250
7 16761 250
0 16955 250
1 16955 250
7 17150 250
0 17345 250
1 17345 250
0 17540 250
1 17540 250
7 17735 250
2 17929 250
4 17929 250
7 18124 250
7 18319 250
2 18514 250
4 18514 250
7 18709 250
7 18903 250
2 19098 250
4 19098 250
7 19293 250
2 19488 250
4 19488 250
7 19683 250
7 19877 250
2 20072 250
4 20072 250
7 20267 250
7 20462 250
2 20657 250
4 20657 250
7 20852 250
0 21046 250
2 21046 250
7 21241 250
7 21436 250
0 21631 250
2 21631 250
7 21826 250
7 22020 250
0 22215 250
2 22215 250
7 22410 250
0 22605 250
2 22605 250
7 22800 250
7 22994 250
0 23189 250
2 23189 250
7 23384 250
7 23579 250
0 23774 250
2 23774 250
7 23968 250
1 24163 250
3 24163 250
7 24358 250
7 24553 250
1 24748 250
3 24748 250
7 24942 250
7 25137 250
1 25332 250
3 25332 250
7 25527 250
1 25722 250
3 25722 250
7 25916 250
7 26111 250
1 26306 250
3 26306 250
7 26501 250
7 26696 250
1 26890 250
3 26890 250
0 27085 250
1 27085 250
5 27085 250
0 27280 250
1 27280 250
7 27475 250
7 27670 250
0 27864 250
1 27864 250
7 28059 250
7 28254 250
0 28449 250
1 28449 250
7 28644 250
0 28839 250
1 28839 250
7 29033 250
7 29228 250
0 29423 250
1 29423 250
7 29618 250
0 29813 250
1 29813 250
0 30007 250
1 30007 250
7 30202 250
2 30397 250
4 30397 250
7 30592 250
7 30787 250
2 30981 250
4 30981 250
7 31176 250
7 31371 250
2 31566 250
4 31566 250
7 31761 250
2 31955 250
4 31955 250
7 32150 250
7 32345 250
2 32540 250
4 32540 250
7 32735 250
7 32929 250
2 33124 250
4 33124 250
7 33319 250
0 33514 250
2 33514 250
2 33514 1834
7 33709 250
7 33903 250
0 34098 250
2 34098 250
7 34293 250
7 34488 250
0 34683 250
2 34683 250
7 34877 250
0 35072 250
2 35072 250
7 35267 250
7 35462 250
0 35657 250
2 35657 250
7 35852 250
7 36046 250
0 36241 250
2 36241 250
7 36436 250
1 36631 250
3 36631 250
7 36826 250
1 37020 250
3 37020 250
1 37118 250
3 37118 250
1 37215 250
3 37215 250
7 37410 250
7 37605 250
1 37800 250
3 37800 250
7 37994 250
1 38189 250
3 38189 250
7 38384 250
7 38579 250
1 38774 250
3 38774 250
7 38968 250
7 39163 250
1 39358 250
3 39358 250
0 39553 250
1 39553 250
0 39650 250
1 39650 250
0 39748 250
1 39748 250
7 39942 250
7 40137 250
0 40332 250
1 40332 250
7 40527 250
7 40722 250
0 40916 250
1 40916 250
7 41111 250
0 41306 250
1 41306 250
7 41501 250
7 41696 250
0 41890 250
1 41890 250
7 42085 250
0 42280 250
1 42280 250
0 42475 250
1 42475 250
7 42670 250
2 42864 984
3 42864 984
4 42864 984
0 44423 984
1 44423 984
2 44423 984
0 45981 984
2 45981 984
3 45981 984
1 47540 600
2 47540 600
4 47540 600
0 48319 600
2 48319 600
3 48319 600
2 49098 984
3 49098 984
4 49098 984
0 50657 984
1 50657 984
2 50657 984
0 52215 984
2 52215 984
3 52215 984
2 52215 1786
1 53774 600
2 53774 600
4 53774 600
0 54553 600
2 54553 600
3 54553 600
2 55332 408
3 55332 408
4 55332 408
2 55722 250
3 55722 250
4 55722 250
2 55916 408
3 55916 408
4 55916 408
2 56306 250
3 56306 250
4 56306 250
2 56501 250
3 56501 250
4 56501 250
0 56696 250
0 56890 408
1 56890 408
2 56890 408
0 57280 250
1 57280 250
2 57280 250
0 57475 408
1 57475 408
2 57475 408
0 57864 250
1 57864 250
2 57864 250
0 58059 250
1 58059 250
2 58059 250
0 58254 250
1 58254 250
2 58254 250
0 58449 408
2 58449 408
3 58449 408
0 58839 250
2 58839 250
3 58839 250
0 59033 408
2 59033 408
3 59033 408
0 59423 250
2 59423 250
3 59423 250
0 59618 408
2 59618 408
3 59618 408
1 60007 408
2 60007 408
4 60007 408
1 60397 250
2 60397 250
4 60397 250
1 60592 250
2 60592 250
4 60592 250
0 60787 408
2 60787 408
3 60787 408
0 61176 250
2 61176 250
3 61176 250
0 61371 250
2 61371 250
3 61371 250
2 61566 408
3 61566 408
4 61566 408
2 61955 250
3 61955 250
4 61955 250
2 62150 408
3 62150 408
4 62150 408
2 62540 250
3 62540 250
4 62540 250
2 62735 408
3 62735 408
4 62735 408
0 63124 408
1 63124 408
2 63124 408
0 63514 250
1 63514 250
2 63514 250
0 63709 408
1 63709 408
2 63709 408
0 64098 250
1 64098 250
2 64098 250
0 64293 250
1 64293 250
2 64293 250
0 64488 250
1 64488 250
2 64488 250
0 64683 408
2 64683 408
3 64683 408
0 65072 250
2 65072 250
3 65072 250
0 65267 408
2 65267 408
3 65267 408
0 65657 250
2 65657 250
3 65657 250
0 65852 408
2 65852 408
3 65852 408
0 66241 250
2 66241 250
3 66241 250
2 66339 250
6 66339 250
1 66436 250
6 66436 250
0 66533 250
6 66533 250
1 67800 634
3 67800 634
6 67800 250
1 69163 250
3 69163 250
6 69163 250
0 69358 504
2 69358 504
6 69358 250
0 69942 250
2 69942 250
6 69942 250
1 70722 250
2 70722 250
6 70722 250
2 70722 1930
1 70916 634
2 70916 634
6 70916 250
1 72280 250
2 72280 250
6 72280 250
2 72475 250
4 72475 250
6 72475 250
2 72767 250
4 72767 250
6 72767 250
2 73059 250
4 73059 250
6 73059 250
1 73254 600
2 73254 600
6 73254 250
1 74033 634
3 74033 634
6 74033 250
1 75397 250
3 75397 250
6 75397 250
0 75592 504
2 75592 504
6 75592 250
0 76176 250
2 76176 250
6 76176 250
1 76955 250
2 76955 250
6 76955 250
1 77150 634
2 77150 634
6 77150 250
1 78514 250
2 78514 250
6 78514 250
2 78709 250
4 78709 250
6 78709 250
2 79001 250
4 79001 250
6 79001 250
2 79293 250
4 79293 250
6 79293 250
1 79488 600
2 79488 600
6 79488 250
2 80267 250
4 80267 250
7 80462 250
7 80657 250
2 80852 250
4 80852 250
7 81046 250
7 81241 250
2 81436 250
4 81436 250
7 81631 250
2 81826 250
4 81826 250
7 82020 250
7 82215 250
2 82410 250
4 82410 250
7 82605 250
7 82800 250
2 82994 250
4 82994 250
7 83189 250
0 83384 250
2 83384 250
7 83579 250
7 83774 250
0 83968 250
2 83968 250
7 84163 250
7 84358 250
0 84553 250
2 84553 250
7 84748 250
0 84942 250
2 84942 250
7 85137 250
7 85332 250
0 85527 250
2 85527 250
7 85722 250
7 85916 250
0 86111 250
2 86111 250
7 86306 250
1 86501 250
3 86501 250
7 86696 250
7 86890 250
1 87085 250
3 87085 250
7 87280 250
7 87475 250
1 87670 250
3 87670 250
7 87864 250
1 88059 250
3 88059 250
7 88254 250
7 88449 250
1 88644 250
3 88644 250
7 88839 250
7 89033 250
1 89228 250
3 89228 250
0 89423 250
1 89423 250
5 89423 250
0 89618 250
1 89618 250
2 89618 1834
7 89813 250
7 90007 250
0 90202 250
1 90202 250
7 90397 250
7 90592 250
0 90787 250
1 90787 250
7 90981 250
0 91176 250
1 91176 250
7 91371 250
7 91566 250
0 91761 250
1 91761 250
7 91955 250
0 92150 250
1 92150 250
0 92345 250
1 92345 250
7 92540 250
2 92735 250
4 92735 250
7 92929 250
7 93124 250
2 93319 250
4 93319 250
7 93514 250
7 93709 250
2 93903 250
4 93903 250
7 94098 250
2 94293 250
4 94293 250
7 94488 250
7 94683 250
2 94877 250
4 94877 250
7 95072 250
7 95267 250
2 95462 250
4 95462 250
7 95657 250
0 95852 250
2 95852 250
7 96046 250
7 96241 250
0 96436 250
2 96436 250
7 96631 250
7 96826 250
0 97020 250
2 97020 250
7 97215 250
0 97410 250
2 97410 250
7 97605 250
7 97800 250
0 97994 250
2 97994 250
7 98189 250
7 98384 250
0 98579 250
2 98579 250
7 98774 250
1 98968 250
3 98968 250
7 99163 250
7 99358 250
1 99553 250
3 99553 250
7 99748 250
7 99942 250
1 100137 250
3 100137 250
7 100332 250
1 100527 250
3 100527 250
7 100722 250
7 100916 250
1 101111 250
3 101111 250
7 101306 250
7 101501 250
1 101696 250
3 101696 250
0 101890 250
1 101890 250
5 101890 250
0 102085 250
1 102085 250
7 102280 250
7 102475 250
0 102670 250
1 102670 250
7 102864 250
7 103059 250
0 103254 250
1 103254 250
7 103449 250
0 103644 250
1 103644 250
7 103839 250
7 104033 250
0 104228 250
1 104228 250
7 104423 250
0 104618 250
1 104618 250
0 104813 250
1 104813 250
7 105007 250
2 105202 250
4 105202 250
7 105397 250
7 105592 250
2 105787 250
4 105787 250
7 105981 250
7 106176 250
2 106371 250
4 106371 250
7 106566 250
2 106761 250
4 106761 250
7 106955 250
7 107150 250
2 107345 250
4 107345 250
7 107540 250
7 107735 250
2 107929 250
4 107929 250
7 108124 250
0 108319 250
2 108319 250
2 108319 1834
7 108514 250
7 108709 250
0 108903 250
2 108903 250
7 109098 250
7 109293 250
0 109488 250
2 109488 250
7 109683 250
0 109877 250
2 109877 250
7 110072 250
7 110267 250
0 110462 250
2 110462 250
7 110657 250
7 110852 250
0 111046 250
2 111046 250
7 111241 250
1 111436 250
3 111436 250
7 111631 250
1 111826 250
3 111826 250
1 111923 250
3 111923 250
1 112020 250
3 112020 250
7 112215 250
7 112410 250
1 112605 250
3 112605 250
7 112800 250
1 112994 250
3 112994 250
7 113189 250
7 113384 250
1 113579 250
3 113579 250
7 113774 250
7 113968 250
1 114163 250
3 114163 250
0 114358 250
1 114358 250
0 114455 250
1 114455 250
0 114553 250
1 114553 250
7 114748 250
7 114942 250
0 115137 250
1 115137 250
7 115332 250
7 115527 250
0 115722 250
1 115722 250
7 115916 250
0 116111 250
1 116111 250
7 116306 250
7 116501 250
0 116696 250
1 116696 250
1 117670 634
3 117670 634
6 117670 250
1 119033 250
3 119033 250
6 119033 250
0 119228 504
2 119228 504
6 119228 250
0 119813 250
2 119813 250
6 119813 250
1 120592 250
2 120592 250
6 120592 250
1 120787 634
2 120787 634
6 120787 250
1 122150 250
2 122150 250
6 122150 250
2 122345 250
4 122345 250
6 122345 250
2 122637 250
4 122637 250
6 122637 250
2 122929 250
4 122929 250
6 122929 250
1 123124 600
2 123124 600
6 123124 250
1 123903 634
3 123903 634
6 123903 250
1 125267 250
3 125267 250
6 125267 250
0 125462 504
2 125462 504
6 125462 250
0 126046 250
2 126046 250
6 126046 250
1 126826 250
2 126826 250
6 126826 250
2 126826 1882
1 127020 634
2 127020 634
6 127020 250
1 128384 250
2 128384 250
6 128384 250
2 128579 250
4 128579 250
6 128579 250
2 128871 250
4 128871 250
6 128871 250
2 129163 250
4 129163 250
6 129163 250
1 129358 599
2 129358 599
6 129358 250
1 130137 634
3 130137 634
6 130137 250
1 131501 250
3 131501 250
6 131501 250
0 131696 503
2 131696 503
6 131696 250
0 132280 250
2 132280 250
6 132280 250
1 133059 250
2 133059 250
6 133059 250
1 133254 634
2 133254 634
6 133254 250
1 134618 250
2 134618 250
6 134618 250
2 134813 250
4 134813 250
6 134813 250
2 135105 250
4 135105 250
6 135105 250
2 135397 250
4 135397 250
6 135397 250
1 135592 599
2 135592 599
6 135592 250
1 136371 634
3 136371 634
6 136371 250
1 137735 250
3 137735 250
6 137735 250
0 137929 504
2 137929 504
6 137929 250
0 138514 250
2 138514 250
6 138514 250
1 139293 250
2 139293 250
6 139293 250
1 139488 634
2 139488 634
6 139488 250
1 140852 250
2 140852 250
6 140852 250
2 141046 250
4 141046 250
6 141046 250
2 141339 250
4 141339 250
6 141339 250
2 141631 250
4 141631 250
6 141631 250
1 141826 599
2 141826 599
6 141826 250
1 142605 634
3 142605 634
6 142605 250
1 143968 250
3 143968 250
6 143968 250
0 144163 504
2 144163 504
6 144163 250
0 144748 250
2 144748 250
6 144748 250
1 145527 250
2 145527 250
6 145527 250
1 145722 634
2 145722 634
6 145722 250
1 147085 250
2 147085 250
6 147085 250
2 147280 250
4 147280 250
6 147280 250
2 147572 250
4 147572 250
6 147572 250
2 147864 250
4 147864 250
6 147864 250
1 148059 599
2 148059 599
6 148059 250
1 148839 634
3 148839 634
6 148839 250
2 148839 1354
1 150202 250
3 150202 250
6 150202 250
0 150397 504
2 150397 504
6 150397 250
0 150981 250
2 150981 250
6 150981 250
1 151761 250
2 151761 250
6 151761 250
1 151955 634
2 151955 634
6 151955 250
1 153319 250
2 153319 250
6 153319 250
2 153514 250
4 153514 250
6 153514 250
2 153806 250
4 153806 250
6 153806 250
2 154098 250
4 154098 250
6 154098 250
1 154293 600
2 154293 600
6 154293 250
0 155072 1752
2 155072 1752
6 155072 250
2 158189 1752
3 158189 1752
6 158189 250
0 161306 1752
2 161306 1752
6 161306 250
1 164423 407
2 164423 407
6 164423 250
1 164813 408
2 164813 408
6 164813 250
1 165202 407
2 165202 407
6 165202 250
1 165592 408
2 165592 408
6 165592 250
1 165981 407
2 165981 407
6 165981 250
2 165981 1834
1 166371 408
2 166371 408
6 166371 250
1 166761 407
2 166761 407
6 166761 250
1 167150 408
2 167150 408
6 167150 250
1 167540 407
2 167540 407
6 167540 250
1 167929 408
2 167929 408
6 167929 250
1 168319 600
2 168319 600
6 168319 250
1 169098 634
3 169098 634
6 169098 250
1 170462 250
3 170462 250
6 170462 250
0 170657 503
2 170657 503
6 170657 250
0 171241 250
2 171241 250
6 171241 250
1 172020 250
2 172020 250
6 172020 250
1 172215 634
2 172215 634
6 172215 250
1 173579 250
2 173579 250
6 173579 250
2 173774 250
4 173774 250
6 173774 250
2 174066 250
4 174066 250
6 174066 250
2 174358 250
4 174358 250
6 174358 250
1 174553 600
2 174553 600
6 174553 250
1 175332 634
3 175332 634
6 175332 250
1 176696 250
3 176696 250
6 176696 250
0 176890 503
2 176890 503
6 176890 250
0 177475 250
2 177475 250
6 177475 250
1 178254 250
2 178254 250
6 178254 250
1 178449 634
2 178449 634
6 178449 250
1 179813 250
2 179813 250
6 179813 250
2 180007 250
4 180007 250
6 180007 250
2 180300 250
4 180300 250
6 180300 250
2 180592 250
4 180592 250
6 180592 250
1 180787 599
2 180787 599
6 180787 250
1 181566 634
3 181566 634
6 181566 250
1 182929 250
3 182929 250
6 182929 250
2 182929 1162
0 183124 503
2 183124 503
6 183124 250
0 183709 250
2 183709 250
6 183709 250
1 184488 250
2 184488 250
6 184488 250
1 184683 634
2 184683 634
6 184683 250
1 186046 250
2 186046 250
6 186046 250
2 186241 250
4 186241 250
6 186241 250
2 186533 250
4 186533 250
6 186533 250
2 186826 250
4 186826 250
6 186826 250
1 187020 599
2 187020 599
6 187020 250
1 187800 634
3 187800 634
6 187800 250
1 189163 250
3 189163 250
6 189163 250
0 189358 503
2 189358 503
6 189358 250
0 189942 250
2 189942 250
6 189942 250
1 190722 250
2 190722 250
6 190722 250
1 190916 634
2 190916 634
6 190916 250
1 192280 250
2 192280 250
6 192280 250
2 192475 250
4 192475 250
6 192475 250
2 192767 250
4 192767 250
6 192767 250
2 193059 250
4 193059 250
6 193059 250
1 193254 599
2 193254 599
6 193254 250
1 194033 634
3 194033 634
6 194033 250
1 195397 250
3 195397 250
6 195397 250
0 195592 504
2 195592 504
6 195592 250
0 196176 250
2 196176 250
6 196176 250
1 196955 250
2 196955 250
6 196955 250
1 197150 634
2 197150 634
6 197150 250
1 198514 250
2 198514 250
6 198514 250
2 198709 250
4 198709 250
6 198709 250
2 199001 250
4 199001 250
6 199001 250
2 199293 250
4 199293 250
6 199293 250
1 199488 599
2 199488 599
6 199488 250
1 200267 634
3 200267 634
6 200267 250
1 201631 250
3 201631 250
6 201631 250
0 201826 504
2 201826 504
6 201826 250
0 202410 250
2 202410 250
6 202410 250
1 203189 250
2 203189 250
6 203189 250
2 203189 1882
1 203384 634
2 203384 634
6 203384 250
1 204748 250
2 204748 250
6 204748 250
2 204942 250
4 204942 250
6 204942 250
2 205235 250
4 205235 250
6 205235 250
2 205527 250
4 205527 250
6 205527 250
1 205722 599
2 205722 599
6 205722 250
1 206501 634
3 206501 634
6 206501 250
1 207864 250
3 207864 250
6 207864 250
0 208059 504
2 208059 504
6 208059 250
0 208644 250
2 208644 250
6 208644 250
1 209423 250
2 209423 250
6 209423 250
1 209618 634
2 209618 634
6 209618 250
1 210981 250
2 210981 250
6 210981 250
2 211176 250
4 211176 250
6 211176 250
2 211468 250
4 211468 250
6 211468 250
2 211761 250
4 211761 250
6 211761 250
1 211955 599
2 211955 599
6 211955 250
1 212735 634
3 212735 634
6 212735 250
1 214098 250
3 214098 250
6 214098 250
0 214293 504
2 214293 504
6 214293 250
0 214877 250
2 214877 250
6 214877 250
1 215657 250
2 215657 250
6 215657 250
1 215852 634
2 215852 634
6 215852 250
1 217215 250
2 217215 250
6 217215 250
2 217410 250
4 217410 250
6 217410 250
2 217702 250
4 217702 250
6 217702 250
2 217994 250
4 217994 250
6 217994 250
