0 2243 586
1 3076 250
1 3493 250
0 3910 586
1 4743 250
1 5160 250
0 5576 586
2 6410 250
2 6826 250
0 7243 586
2 8076 250
2 8493 250
1 8910 586
2 8910 970
2 9743 250
2 10160 250
1 10576 586
2 11410 250
2 11821 250
1 12232 634
2 12232 634
0 13270 250
1 13270 250
1 13904 624
2 13904 624
0 14932 250
1 14932 250
2 15548 606
2 16376 606
2 17203 606
2 18037 498
1 18870 607
1 19709 605
1 20529 606
1 21362 538
0 22195 606
2 22195 1546
0 23029 606
0 23862 606
0 24695 538
1 25529 606
1 26362 606
1 27195 606
1 28017 538
2 28839 606
2 29667 606
2 30494 606
2 31328 538
1 32161 606
1 32994 606
1 33828 606
1 34655 538
0 35483 606
2 35483 1594
0 36316 606
0 37149 606
0 37983 538
1 38816 607
1 39655 607
1 40494 606
1 41322 442
0 42150 990
1 42150 990
0 43818 607
1 43818 607
0 44657 442
1 44657 442
1 45496 991
2 45496 991
1 47174 586
2 47174 586
0 48014 442
1 48014 442
2 48853 826
2 48853 1162
1 50531 820
0 52198 839
2 53876 538
1 54709 536
0 55543 991
0 57233 607
1 57233 607
0 58072 442
1 58072 442
1 58911 990
2 58911 990
1 60578 586
2 60578 586
0 61423 442
1 61423 442
2 62268 826
1 63946 826
0 65613 826
2 67291 606
1 68119 606
0 68946 962
0 70613 591
1 70613 591
0 71446 250
1 71446 250
2 72268 606
2 72268 1450
2 73085 606
2 73901 607
2 74740 498
1 75579 606
1 76413 606
1 77246 606
1 78074 538
0 78901 606
0 79735 606
0 80568 606
0 81401 538
1 82235 606
1 83068 606
1 83901 606
1 84723 538
2 85545 607
2 85545 1546
2 86384 607
2 87223 606
2 88051 538
1 88879 606
1 89712 606
1 90545 606
1 91379 538
0 92212 606
0 93045 606
0 93873 606
0 94706 538
1 95534 607
1 96373 607
1 97212 607
1 98051 442
0 98885 990
1 98885 990
2 98885 1114
0 100551 607
1 100551 607
0 101390 442
1 101390 442
1 102230 990
2 102230 990
1 103896 586
2 103896 586
0 104735 442
1 104735 442
2 105574 826
1 107253 820
0 108931 839
2 110609 538
1 111437 536
0 112265 991
0 113955 607
1 113955 607
0 114794 442
1 114794 442
1 115633 991
2 115633 991
1 117311 586
2 117311 586
0 118145 442
1 118145 442
2 118978 826
2 118978 1738
1 120645 826
0 122311 826
2 124002 606
1 124829 606
0 125657 576
2 126496 250
1 126915 250
0 127335 586
2 128174 250
1 128594 250
1 129013 586
2 129847 250
2 130263 250
1 130680 586
2 131513 250
2 131930 250
0 132347 586
2 133180 250
1 133597 250
0 134013 586
2 134013 970
2 134847 250
1 135263 250
0 135680 586
1 136508 250
1 136921 250
0 137335 586
1 138163 250
1 138577 250
0 138990 586
2 139824 250
1 140240 250
0 140657 586
2 141490 250
1 141907 250
1 142324 586
2 143157 250
2 143574 250
1 143990 586
2 144824 250
2 145240 250
0 145657 586
2 146490 250
1 146907 250
0 147324 586
2 148151 250
1 148565 250
0 148979 586
1 149812 250
1 150229 250
0 150646 586
1 151479 250
1 151896 250
2 152104 1882
2 152312 607
2 153151 607
2 153991 606
2 154824 250
1 155241 250
0 155657 606
0 156485 606
0 157312 586
1 158146 586
2 158979 606
2 159807 606
2 160634 606
2 161462 586
0 162289 586
1 163123 585
2 163956 586
0 164795 586
1 165634 586
2 166456 586
2 167278 606
2 168106 538
0 168933 606
1 168933 606
2 168933 1594
0 169761 606
1 169761 606
0 170589 250
0 171422 586
1 171422 586
1 172255 607
2 172255 607
1 173100 607
2 173100 607
1 173945 250
0 174785 586
1 174785 586
2 175624 826
1 177290 826
0 178969 826
2 180647 538
1 181486 598
0 182325 991
2 182325 1258
0 184004 607
1 184004 607
0 184843 442
1 184843 442
1 185682 990
2 185682 990
1 187349 585
2 187349 585
0 188188 442
1 188188 442
2 189027 826
1 190717 826
0 192384 826
2 194050 607
1 194890 415
1 195309 250
1 195729 250
2 195729 250
1 196145 250
2 196145 250
0 197395 250
1 197395 250
0 197815 250
1 197815 250
0 199074 874
1 199074 874
1 200764 970
2 200764 970
0 202431 607
1 202431 607
0 203270 250
1 203270 250
0 203689 799
1 203689 799
0 204948 399
1 204948 399
