1 2031 250
1 2247 250
1 2462 250
1 2678 250
1 2894 250
1 3110 250
1 3326 250
1 3542 250
1 3757 250
1 3973 250
1 4189 250
1 4405 250
1 4621 250
1 4837 250
1 5052 250
1 5268 250
1 5484 250
1 5701 250
1 5917 250
1 6134 250
1 6350 250
1 6567 250
1 6783 250
1 6982 250
1 7180 250
1 7383 250
1 7586 250
1 7789 250
1 7992 250
1 8187 250
1 8383 250
1 8585 250
1 8787 250
2 8787 1738
1 9001 250
1 9215 250
1 9430 250
1 9644 250
1 9858 250
1 10072 250
1 10286 250
1 10500 250
1 10713 250
1 10925 250
1 11137 250
1 11349 250
1 11562 250
1 11774 413
3 11774 413
1 12203 250
1 12417 250
1 12631 250
1 12846 250
1 13060 250
1 13274 250
1 13489 250
1 13702 250
1 13914 250
1 14127 250
1 14340 250
1 14553 250
1 14766 250
1 14979 250
1 15191 414
3 15191 414
1 15634 250
1 15856 250
1 16077 250
1 16293 250
1 16510 250
1 16726 250
1 16942 250
1 17146 250
1 17350 250
1 17565 250
1 17780 250
1 17995 250
1 18210 250
1 18425 250
1 18640 413
3 18640 413
1 19070 250
1 19292 250
1 19514 250
1 19727 250
1 19939 250
1 20152 250
1 20364 250
1 20556 250
1 20747 250
3 20747 250
1 20955 250
3 20955 250
1 21162 250
3 21162 250
1 21361 250
3 21361 250
1 21560 250
3 21560 250
1 21758 250
3 21758 250
1 21957 250
3 21957 250
0 22156 250
1 22156 250
0 22255 250
1 22255 250
0 22354 894
1 22354 894
0 23899 250
2 23899 250
0 24010 250
2 24010 250
0 24120 797
2 24120 797
0 25420 250
2 25420 250
1 25637 250
2 25637 250
5 25637 250
1 25854 250
2 25854 1738
1 26076 250
1 26298 250
1 26520 250
1 26742 250
1 26965 250
2 27188 414
4 27188 414
1 27634 250
1 27856 250
1 28078 250
1 28299 250
1 28521 250
1 28743 250
0 29410 893
1 29410 893
0 30949 250
2 30949 250
0 31058 250
2 31058 250
0 31168 797
2 31168 797
0 32479 250
2 32479 250
1 32698 250
2 32698 250
5 32698 250
1 32916 250
1 33139 250
1 33361 250
1 33583 250
1 33806 250
1 34028 250
2 34250 414
4 34250 414
1 34691 250
1 34911 250
1 35131 250
1 35352 250
1 35572 250
1 35792 250
2 36012 414
4 36012 414
1 36453 250
1 36672 250
1 36891 250
1 37109 250
1 37328 250
1 37547 250
1 37766 250
1 37985 250
1 38204 250
1 38423 250
1 38642 250
1 38861 250
1 39080 250
1 39299 250
1 39518 413
3 39518 413
1 39958 250
1 40178 250
1 40398 250
1 40618 250
1 40838 250
1 41058 250
1 41278 250
1 41498 250
1 41718 250
1 41938 250
1 42157 250
1 42376 250
1 42595 250
1 42815 250
1 43034 414
3 43034 414
1 43478 250
2 43478 1738
1 43700 250
1 43922 250
1 44139 250
1 44356 250
1 44574 250
1 44791 250
1 45009 250
1 45226 250
1 45443 250
1 45660 250
1 45877 250
1 46094 250
1 46312 250
1 46529 413
3 46529 413
1 46963 250
1 47174 250
1 47384 250
1 47595 250
1 47806 250
1 48016 250
1 48227 250
1 48437 250
1 48648 250
3 48648 250
1 48859 250
3 48859 250
1 49069 250
3 49069 250
1 49266 250
3 49266 250
1 49462 250
3 49462 250
1 49670 250
3 49670 250
1 49877 250
3 49877 250
0 50077 250
1 50077 250
0 50178 250
1 50178 250
0 50278 797
1 50278 797
0 51613 250
1 51613 250
0 51832 250
2 51832 250
0 51941 250
2 51941 250
0 52050 413
2 52050 413
0 52487 250
2 52487 250
3 52705 250
4 52815 250
3 52924 250
2 53033 250
1 53142 250
0 53360 250
2 53360 250
1 53579 250
2 53579 250
5 53579 250
1 53797 250
1 54022 250
1 54247 250
1 54466 250
1 54685 250
1 54905 250
2 55124 414
4 55124 414
1 55579 250
1 55802 250
1 56024 250
1 56246 250
1 56468 250
1 56691 250
2 56913 250
4 56913 250
2 57022 250
3 57022 250
5 57022 250
0 57350 367
1 57350 367
0 57693 250
1 57693 250
0 57808 250
1 57808 250
3 58022 250
3 58129 250
3 58236 250
2 58343 250
1 58450 250
2 58665 250
0 58879 250
2 58879 250
0 58986 250
2 58986 250
0 59093 250
2 59093 250
3 59312 250
4 59421 250
3 59531 250
2 59641 250
1 59750 250
2 59969 250
3 60188 414
1 60626 250
2 60626 250
5 60626 250
1 60845 250
2 60845 1786
1 61069 250
1 61294 250
1 61518 250
1 61742 250
1 61961 250
2 62180 414
4 62180 414
1 62618 250
1 62842 250
1 63065 250
1 63289 250
1 63512 250
1 63736 250
2 63959 442
4 63959 442
3 64841 250
4 64914 250
3 65061 250
5 65061 250
4 65134 382
3 65500 250
5 65500 250
2 65720 250
3 65828 250
2 65937 250
1 66045 250
7 66153 250
1 66262 250
2 66370 509
0 67020 250
1 67129 250
2 67237 250
3 67345 250
1 67454 250
5 67454 250
2 67673 250
3 67891 250
4 67964 250
3 68110 250
2 68329 250
3 68548 250
4 68657 250
3 68767 250
4 68849 250
3 68931 250
4 69013 250
3 69095 250
4 69177 250
3 69259 250
4 69341 250
2 69423 250
4 69642 250
3 69751 250
2 69860 250
3 70078 250
2 70296 250
2 70514 250
1 70623 250
0 70732 250
1 70950 250
3 71170 250
4 71243 670
3 72268 250
2 72488 250
3 72707 250
3 72922 250
4 72994 349
3 73280 250
5 73280 250
4 73352 250
3 73495 250
4 73566 250
3 73710 250
4 73781 250
3 73996 250
5 73996 250
1 74211 250
2 74426 250
3 74646 250
3 74866 250
4 74939 250
3 75086 250
2 75306 250
3 75518 250
2 75730 250
1 75943 250
2 76155 250
1 76367 250
2 76438 379
3 76780 250
5 76780 250
2 76881 250
3 76981 250
2 77082 363
1 77383 363
0 77685 250
5 77685 250
0 77785 411
0 78187 894
1 78187 894
2 78187 1738
0 79722 250
2 79722 250
0 79832 250
2 79832 250
0 79942 797
2 79942 797
0 81297 250
2 81297 250
1 81523 250
2 81523 250
5 81523 250
1 81749 250
1 81973 250
1 82198 250
1 82422 250
1 82647 250
1 82868 250
2 83090 414
4 83090 414
1 83532 250
1 83759 250
1 83986 250
1 84213 250
1 84440 250
1 84666 250
2 84893 250
4 84893 250
0 85317 797
1 85317 797
0 86662 250
1 86662 250
0 86880 250
2 86880 250
0 86989 250
2 86989 250
0 87099 797
2 87099 797
0 88450 250
2 88450 250
1 88675 250
2 88675 250
5 88675 250
1 88900 250
1 89130 250
1 89360 250
1 89590 250
1 89819 250
1 90040 250
2 90261 414
4 90261 414
1 90702 250
1 90926 250
1 91150 250
1 91375 250
1 91599 250
1 91823 250
2 92048 414
4 92048 414
2 92489 250
2 92709 250
2 92930 250
2 93150 250
2 93371 250
2 93592 250
2 93812 250
2 94033 250
2 94253 250
2 94467 250
2 94682 250
2 94896 250
2 95110 250
2 95324 250
2 95538 250
2 95752 250
2 95966 250
2 95966 1738
2 96185 250
2 96404 250
2 96622 250
2 96841 250
2 97060 250
2 97278 250
2 97497 250
2 97715 250
2 97934 250
2 98152 250
2 98369 250
2 98586 250
2 98802 250
2 99019 413
4 99019 413
2 99448 250
2 99679 250
2 99909 250
2 100100 250
2 100291 250
2 100534 250
2 100777 250
2 100987 250
2 101198 250
2 101413 250
2 101628 250
2 101843 250
2 102059 250
2 102281 250
2 102503 414
4 102503 414
2 102942 250
2 103162 250
2 103381 250
2 103601 250
2 103820 250
2 104040 250
2 104260 250
2 104475 250
2 104691 250
2 104906 250
2 105122 250
2 105337 250
2 105553 250
2 105768 250
2 105984 413
4 105984 413
2 106414 250
2 106630 250
2 106845 250
2 107061 250
2 107276 250
2 107492 250
2 107707 250
2 107923 250
2 108138 250
3 108138 250
2 108331 250
3 108331 250
2 108524 250
3 108524 250
2 108717 250
3 108717 250
2 108910 250
3 108910 250
2 109103 250
3 109103 250
2 109296 250
3 109296 250
0 109507 250
2 109507 250
0 109612 250
2 109612 250
0 109718 799
2 109718 799
0 111092 250
2 111092 250
1 111310 250
2 111310 250
1 111420 250
2 111420 250
1 111529 413
2 111529 413
1 111966 250
2 111966 250
4 112184 250
4 112294 250
4 112403 250
3 112512 250
2 112622 250
0 112840 250
2 112840 250
1 113059 250
2 113059 250
5 113059 250
2 113277 250
2 113277 1738
2 113502 250
2 113727 250
2 113952 250
2 114177 250
2 114401 250
3 114626 415
4 114626 415
2 115080 250
2 115307 250
2 115534 250
2 115761 250
2 115988 250
2 116205 250
3 116422 413
4 116422 413
0 116855 798
2 116855 798
0 118176 250
2 118176 250
1 118397 250
2 118397 250
1 118507 250
2 118507 250
1 118618 798
2 118618 798
1 119949 250
2 119949 250
2 120173 250
3 120173 250
5 120173 250
2 120397 250
2 120621 250
2 120845 250
2 121065 250
2 121286 250
2 121507 250
3 121727 414
4 121727 414
2 122180 250
2 122406 250
2 122633 250
2 122859 250
2 123085 250
2 123312 250
3 123538 414
4 123538 414
2 123991 250
2 124218 250
2 124445 250
2 124671 250
2 124898 250
2 125125 250
3 125351 415
4 125351 415
2 125807 250
2 126035 250
2 126263 250
2 126491 250
2 126719 250
2 126937 250
3 127156 415
4 127156 415
2 127594 250
2 127822 250
2 128050 250
2 128278 250
2 128506 250
2 128734 250
3 128962 414
4 128962 414
2 129417 250
2 129644 250
2 129871 250
2 130098 250
2 130325 250
2 130553 250
3 130780 2746
4 130780 2746
