1 2013 250
2 2185 250
5 2185 250
0 2443 490
0 3110 394
2 3110 394
7 3554 250
1 3776 250
2 3998 250
0 4220 490
0 4887 394
2 4887 394
7 5324 250
1 5543 250
2 5761 250
0 5983 394
0 6425 682
2 6425 682
1 7973 394
2 8414 586
5 8414 250
2 9295 250
1 9515 250
5 9515 250
1 10403 250
3 10403 250
4 10403 250
1 11071 250
3 11071 250
4 13074 250
2 13074 1114
3 13297 730
5 13297 250
3 14619 250
1 14840 730
2 16830 442
2 17497 250
2 18165 250
0 18610 730
4 20158 250
3 20379 634
5 20379 250
2 22578 586
3 22578 586
2 23471 394
1 23918 394
1 27095 250
2 27320 250
0 27544 586
1 28437 250
2 28437 250
0 29218 250
1 29218 250
2 29218 1018
1 29330 250
2 29330 250
5 29330 250
2 29444 250
3 29444 250
5 29444 250
1 29788 250
3 29788 250
4 29788 250
7 30247 250
2 30477 250
3 30477 250
4 30477 250
1 30935 250
3 30935 250
4 30935 250
1 31837 250
3 31837 250
4 31837 250
1 32509 250
3 32509 250
4 32509 250
0 33641 250
1 33641 250
3 33641 250
4 34551 250
3 34779 490
5 34779 250
0 36144 250
1 36372 682
1 38849 250
3 38849 250
4 38849 250
1 39525 250
3 39525 250
4 39525 250
0 40655 250
1 40655 250
3 40655 250
4 41794 250
3 42022 490
5 42022 250
2 43805 778
3 43921 730
2 45192 394
1 45655 442
0 46555 442
0 47455 394
1 47455 394
7 47909 250
1 49273 394
2 49273 1786
1 49735 250
2 49735 250
2 50196 442
0 50889 250
1 50889 250
1 51004 250
2 51004 250
5 51004 250
2 51120 250
3 51120 250
5 51120 250
1 51577 250
3 51577 250
4 51577 250
1 52264 250
3 52264 250
4 52264 250
1 52722 250
3 52722 250
4 52722 250
1 53645 394
3 54108 250
4 54340 442
1 55259 250
2 55563 362
3 55943 250
4 56171 442
0 57087 250
1 57317 394
3 57777 250
4 58006 586
0 58928 250
1 59159 394
2 59621 250
4 59852 442
1 60781 250
2 61093 362
3 61482 250
4 61716 394
0 62638 250
2 62865 394
3 63320 250
4 63548 442
0 64461 250
1 64766 362
2 65148 250
2 65148 2074
3 65377 250
0 65606 490
2 65606 490
0 66293 394
2 66293 394
7 66751 250
1 66980 250
2 67209 250
0 67438 490
0 68126 442
2 68126 442
1 68816 250
2 69046 250
0 69276 730
1 71347 250
2 71571 250
5 71571 250
1 71796 394
5 71796 250
1 72245 250
2 72357 250
1 72545 250
5 72545 250
0 72694 394
5 72694 250
1 73836 250
3 73836 250
1 74528 250
3 74528 250
4 76597 250
3 76826 730
5 76826 250
2 78479 250
1 78715 826
1 81226 250
3 81226 250
1 81913 250
3 81913 250
0 83061 250
2 83061 250
4 83983 250
3 84213 394
5 84213 250
3 84669 250
2 86036 586
3 86036 586
2 86036 1450
2 86951 250
3 87066 250
2 87180 250
2 87409 394
1 87867 490
0 88782 586
1 92450 442
2 92450 442
0 93141 250
1 93141 250
1 93256 250
2 93256 250
5 93256 250
2 93371 250
3 93371 250
5 93371 250
1 93838 250
3 93838 250
4 93838 250
7 94305 250
1 94538 250
3 94538 250
4 94538 250
1 95005 250
3 95005 250
4 95005 250
2 96631 442
3 96747 394
4 96747 394
5 96747 250
0 97560 250
2 97792 394
3 98257 250
4 98489 442
0 99415 250
1 99647 394
3 100109 250
4 100340 586
0 101266 250
1 101498 394
2 101962 250
4 102194 442
1 103127 250
2 103362 394
3 103831 250
4 104066 442
0 104997 250
2 104997 1546
2 105228 394
3 105689 250
4 105920 442
0 106851 250
1 107085 394
2 107555 250
3 107789 250
0 108021 490
2 108021 490
0 108715 394
2 108715 394
7 109178 250
1 109409 250
2 109641 250
0 109871 490
0 110562 394
2 110562 394
7 111023 250
1 111253 250
2 111484 250
0 111714 394
2 111714 394
0 112172 250
2 112172 250
0 112400 250
2 112400 250
0 112629 250
2 112629 250
1 113773 250
2 113926 330
1 114307 250
2 114460 250
1 114689 250
2 114803 250
1 114994 250
5 114994 250
0 115147 250
5 115147 250
1 116297 250
3 116297 250
1 116989 250
3 116989 250
4 119072 250
3 119304 634
5 119304 250
1 121041 586
0 122883 250
1 122998 250
2 123113 250
1 123458 250
3 123458 250
4 123458 250
1 124149 250
3 124149 250
4 124149 250
0 124839 394
0 125297 250
1 125297 250
3 125297 250
4 126441 250
2 126441 2330
3 126670 490
5 126670 250
2 128501 490
3 128501 490
3 129177 250
2 129402 250
3 129514 250
2 129627 250
1 129852 362
1 130303 442
3 130303 442
0 131218 490
2 133964 490
3 135795 410
3 136263 394
4 136730 394
3 137198 250
2 137314 250
1 137431 250
0 138598 490
0 139530 250
2 139861 250
1 140243 250
0 140562 250
2 140918 250
1 141273 250
1 141629 1642
2 141629 1642
3 141629 1642
