1 3840 250
3 3840 250
1 4078 250
3 4078 250
0 5745 250
1 5745 250
0 5983 250
1 5983 250
2 7650 250
3 7650 250
2 7888 250
3 7888 250
1 9554 250
2 9554 250
1 9792 250
2 9792 250
1 11459 250
3 11459 250
1 11697 250
3 11697 250
0 13364 250
1 13364 250
0 13602 250
1 13602 250
2 15269 250
3 15269 250
2 15269 1834
2 15507 250
3 15507 250
1 17173 250
2 17173 250
1 17411 250
2 17411 250
1 19078 250
3 19078 250
1 19315 250
3 19315 250
1 19552 250
3 19552 250
1 19789 250
3 19789 250
1 20026 250
3 20026 250
1 20263 250
3 20263 250
1 20500 250
3 20500 250
1 20737 250
3 20737 250
3 20974 250
4 20974 250
3 21211 250
4 21211 250
3 21448 250
4 21448 250
3 21685 250
4 21685 250
3 21922 250
4 21922 250
3 22159 250
4 22159 250
3 22396 250
4 22396 250
3 22633 250
4 22633 250
2 22870 250
3 22870 250
2 23107 250
3 23107 250
2 23343 250
3 23343 250
2 23580 250
3 23580 250
2 23817 250
3 23817 250
2 24054 250
3 24054 250
2 24291 250
3 24291 250
2 24528 250
3 24528 250
1 24765 250
2 24765 250
1 25002 250
2 25002 250
1 25239 250
2 25239 250
1 25476 250
2 25476 250
1 25713 250
2 25713 250
1 25950 250
2 25950 250
1 26187 250
2 26187 250
1 26424 250
2 26424 250
0 27375 250
3 27613 394
2 28088 394
0 28564 874
0 31181 250
3 31419 394
2 31895 394
0 32371 874
0 34988 250
3 35226 394
2 35701 394
1 36177 826
2 38081 922
2 38081 1810
1 39984 250
2 39984 250
1 40460 250
2 40460 250
1 40935 250
2 40935 250
1 41887 250
3 41887 250
1 42125 250
3 42125 250
1 42363 250
3 42363 250
1 42601 250
3 42601 250
1 42839 250
3 42839 250
1 43078 250
3 43078 250
1 43316 250
3 43316 250
1 43554 250
3 43554 250
3 43792 250
4 43792 250
3 44030 250
4 44030 250
3 44268 250
4 44268 250
3 44506 250
4 44506 250
3 44744 250
4 44744 250
3 44982 250
4 44982 250
3 45220 250
4 45220 250
3 45458 250
4 45458 250
2 45697 250
3 45697 250
2 45935 250
3 45935 250
2 46173 250
3 46173 250
2 46411 250
3 46411 250
2 46649 250
3 46649 250
2 46887 250
3 46887 250
2 47125 250
3 47125 250
2 47363 250
3 47363 250
1 47601 250
2 47601 250
1 47839 250
2 47839 250
1 48078 250
2 48078 250
1 48316 250
2 48316 250
1 48554 250
1 48673 250
1 48792 250
2 48792 250
1 49030 250
1 49149 250
1 49268 250
2 49268 250
1 49506 250
3 49506 250
1 49744 250
3 49744 250
1 49982 250
3 49982 250
1 50220 250
3 50220 250
1 50458 250
3 50458 250
1 50697 250
3 50697 250
1 50935 250
3 50935 250
1 51173 250
3 51173 250
3 51411 250
4 51411 250
3 51649 250
4 51649 250
3 51887 250
4 51887 250
3 52125 250
4 52125 250
3 52363 250
4 52363 250
3 52601 250
4 52601 250
3 52839 250
4 52839 250
3 53078 250
4 53078 250
2 53316 250
3 53316 250
2 53554 250
3 53554 250
2 53792 250
3 53792 250
2 54030 250
3 54030 250
2 54268 250
3 54268 250
2 54506 250
3 54506 250
2 54744 250
3 54744 250
2 54982 250
3 54982 250
1 55220 250
2 55220 250
2 55220 1810
1 55458 250
2 55458 250
1 55697 250
2 55697 250
1 55935 250
2 55935 250
1 56173 250
1 56292 250
1 56411 250
2 56411 250
1 56649 250
1 56768 250
1 56887 250
2 56887 250
3 57125 394
1 57601 250
1 57720 250
2 57839 250
5 57839 250
1 58078 250
1 58197 250
2 58316 250
5 58316 250
4 58554 250
3 58792 250
1 59030 250
3 59030 250
1 59268 250
3 59268 250
0 60935 250
1 60935 250
0 61173 250
1 61173 250
2 62839 250
3 62839 250
2 63078 250
3 63078 250
1 64744 250
2 64744 250
1 64982 250
2 64982 250
1 66649 250
3 66649 250
1 66887 250
3 66887 250
0 68554 250
1 68554 250
0 68792 250
1 68792 250
2 70458 250
3 70458 250
2 70458 1810
2 70697 250
3 70697 250
1 72363 250
2 72363 250
1 72601 250
2 72601 250
1 74268 250
1 74506 250
1 74743 250
1 74981 250
1 75218 250
1 75456 250
1 75693 250
1 75931 250
3 76168 250
3 76406 250
3 76643 250
3 76881 250
3 77118 250
3 77356 250
3 77593 250
4 77593 250
3 77831 250
4 77831 250
2 78068 250
3 78068 250
2 78306 250
3 78306 250
2 78544 250
3 78544 250
2 78781 250
3 78781 250
2 79019 250
3 79019 250
2 79256 250
3 79256 250
2 79494 250
3 79494 250
2 79731 250
3 79731 250
1 79969 250
2 79969 250
1 80206 250
2 80206 250
1 80444 250
2 80444 250
1 80681 250
2 80681 250
1 80919 250
2 80919 250
1 81156 250
2 81156 250
1 81394 250
2 81394 250
1 81631 250
2 81631 250
0 82583 250
3 82821 394
2 83298 394
0 83774 874
0 86393 250
3 86631 394
2 87107 394
0 87583 874
0 90202 250
3 90440 394
2 90917 394
1 91393 826
2 93298 922
2 93298 1810
1 95202 250
2 95202 250
1 95678 250
2 95678 250
1 96155 250
2 96155 250
1 97107 250
3 97107 250
1 97345 250
3 97345 250
1 97583 250
3 97583 250
1 97821 250
3 97821 250
1 98059 250
3 98059 250
1 98298 250
3 98298 250
1 98536 250
3 98536 250
1 98774 250
3 98774 250
3 99012 250
4 99012 250
3 99250 250
4 99250 250
3 99488 250
4 99488 250
3 99726 250
4 99726 250
3 99964 250
4 99964 250
3 100202 250
4 100202 250
3 100440 250
4 100440 250
3 100678 250
4 100678 250
2 100917 250
3 100917 250
2 101155 250
3 101155 250
2 101393 250
3 101393 250
2 101631 250
3 101631 250
2 101869 250
3 101869 250
2 102107 250
3 102107 250
2 102345 250
3 102345 250
2 102583 250
3 102583 250
1 102821 250
2 102821 250
1 103059 250
2 103059 250
1 103298 250
2 103298 250
1 103536 250
2 103536 250
1 103774 250
1 103893 250
1 104012 250
2 104012 250
1 104250 250
1 104369 250
1 104488 250
2 104488 250
1 104726 250
3 104726 250
1 104964 250
3 104964 250
1 105202 250
3 105202 250
1 105440 250
3 105440 250
1 105678 250
3 105678 250
1 105917 250
3 105917 250
1 106155 250
3 106155 250
1 106393 250
3 106393 250
3 106631 250
4 106631 250
3 106869 250
4 106869 250
3 107107 250
4 107107 250
3 107345 250
4 107345 250
3 107583 250
4 107583 250
3 107821 250
4 107821 250
3 108059 250
4 108059 250
3 108298 250
4 108298 250
2 108536 250
3 108536 250
2 108774 250
3 108774 250
2 109012 250
3 109012 250
2 109250 250
3 109250 250
2 109488 250
3 109488 250
2 109726 250
3 109726 250
2 109964 250
3 109964 250
2 110202 250
3 110202 250
1 110440 250
2 110440 250
2 110440 1906
1 110678 250
2 110678 250
1 110917 250
2 110917 250
1 111155 250
2 111155 250
1 111393 250
1 111512 250
1 111631 250
2 111631 250
1 111869 250
1 111988 250
1 112107 250
2 112107 250
1 112345 250
3 112345 250
1 112581 250
3 112581 250
1 112818 250
3 112818 250
1 113054 250
3 113054 250
2 113290 250
2 113408 250
2 113526 250
2 113644 250
2 113762 250
2 113881 250
2 113999 250
2 114117 250
3 114235 250
5 114235 250
1 114472 250
0 114709 250
1 114946 250
2 115184 250
1 115421 250
0 115658 250
1 115895 250
1 116369 250
0 116606 250
1 116844 250
2 117081 250
1 117318 250
4 117555 394
5 117555 250
3 118029 490
5 118029 250
2 118741 490
3 119452 394
2 119927 490
1 120638 250
0 120757 250
1 120875 490
3 121587 250
2 121705 250
3 121824 490
0 122535 250
0 122772 394
2 123247 394
5 123247 250
3 123721 442
5 123721 250
1 124314 250
5 124314 250
1 124433 442
3 125025 442
5 125025 250
1 125618 250
1 125737 250
1 125855 250
1 125974 250
1 126093 250
1 126211 250
1 126330 250
1 126448 250
1 126567 250
1 126685 250
1 126804 250
1 126923 250
1 127041 250
1 127160 250
1 127278 250
1 127397 250
2 127516 250
5 127516 250
2 127634 250
2 127753 250
2 127871 250
2 127990 250
2 128108 250
2 128227 250
2 128346 250
3 128464 250
5 128464 250
3 128583 250
3 128701 250
3 128820 250
3 128938 250
3 129057 250
3 129176 250
3 129294 250
4 129413 442
5 129413 250
3 130008 250
6 130008 250
2 130127 250
6 130127 250
1 130246 250
6 130246 250
0 130365 250
6 130365 250
1 142746 250
2 142746 250
2 142746 1042
1 143222 250
2 143222 250
1 143698 250
2 143698 250
1 144615 250
3 144615 250
1 144853 250
3 144853 250
1 145091 250
3 145091 250
1 145329 250
3 145329 250
1 145567 250
3 145567 250
1 145805 250
3 145805 250
1 146043 250
3 146043 250
1 146281 250
3 146281 250
3 146519 250
4 146519 250
3 146757 250
4 146757 250
3 146995 250
4 146995 250
3 147234 250
4 147234 250
3 147472 250
4 147472 250
3 147710 250
4 147710 250
3 147948 250
4 147948 250
3 148186 250
4 148186 250
2 148424 250
3 148424 250
2 148662 250
3 148662 250
2 148900 250
3 148900 250
2 149138 250
3 149138 250
2 149376 250
3 149376 250
2 149615 250
3 149615 250
2 149853 250
3 149853 250
2 150091 250
3 150091 250
1 150329 250
2 150329 250
1 150567 250
2 150567 250
1 150805 250
2 150805 250
1 151043 250
2 151043 250
1 151281 250
1 151400 250
1 151519 250
2 151519 250
1 151757 250
1 151875 250
1 151994 250
2 151994 250
1 152230 250
3 152230 250
1 152466 250
3 152466 250
1 152702 250
3 152702 250
1 152938 250
3 152938 250
1 153175 250
3 153175 250
1 153411 250
3 153411 250
1 153647 250
3 153647 250
1 153883 250
3 153883 250
3 154120 250
4 154120 250
3 154356 250
4 154356 250
3 154592 250
4 154592 250
3 154828 250
4 154828 250
3 155064 250
4 155064 250
3 155301 250
4 155301 250
3 155539 250
4 155539 250
3 155777 250
4 155777 250
2 156015 250
3 156015 250
2 156015 1810
2 156253 250
3 156253 250
2 156491 250
3 156491 250
2 156729 250
3 156729 250
2 156967 250
3 156967 250
2 157205 250
3 157205 250
2 157444 250
3 157444 250
2 157682 250
3 157682 250
1 157920 250
2 157920 250
1 158158 250
2 158158 250
1 158396 250
2 158396 250
1 158634 250
2 158634 250
1 158872 250
1 158991 250
1 159110 250
2 159110 250
1 159348 250
1 159467 250
1 159586 250
2 159586 250
1 159824 250
3 159824 250
1 160061 250
3 160061 250
1 160297 250
3 160297 250
1 160533 250
3 160533 250
1 160769 250
3 160769 250
1 161006 250
3 161006 250
1 161242 250
3 161242 250
1 161478 250
3 161478 250
3 161714 250
4 161714 250
3 161950 250
4 161950 250
3 162187 250
4 162187 250
3 162423 250
4 162423 250
3 162659 250
4 162659 250
3 162895 250
4 162895 250
3 163133 250
4 163133 250
3 163372 250
4 163372 250
2 163610 250
3 163610 250
2 163848 250
3 163848 250
2 164086 250
3 164086 250
2 164324 250
3 164324 250
2 164562 250
3 164562 250
2 164800 250
3 164800 250
2 165038 250
3 165038 250
2 165276 250
3 165276 250
1 165514 250
2 165514 250
1 165752 250
2 165752 250
1 165991 250
2 165991 250
1 166229 250
2 166229 250
1 166467 250
1 166586 250
1 166705 250
2 166705 250
1 166943 250
1 167062 250
1 167181 250
2 167181 250
1 167419 250
3 167419 250
1 167657 250
3 167657 250
1 167895 250
3 167895 250
1 168133 250
3 168133 250
1 168372 250
3 168372 250
1 168610 250
3 168610 250
1 168848 250
3 168848 250
1 169086 250
3 169086 250
3 169324 250
4 169324 250
3 169562 250
4 169562 250
3 169800 250
4 169800 250
3 170038 250
4 170038 250
3 170276 250
4 170276 250
3 170514 250
4 170514 250
3 170752 250
4 170752 250
3 170991 250
4 170991 250
2 171229 250
3 171229 250
2 171467 250
3 171467 250
2 171705 250
3 171705 250
2 171943 250
3 171943 250
2 172181 250
3 172181 250
2 172419 250
3 172419 250
2 172657 250
3 172657 250
2 172895 250
3 172895 250
1 173133 250
2 173133 250
1 173372 250
2 173372 250
1 173610 250
2 173610 250
1 173848 250
2 173848 250
1 174086 250
1 174205 250
1 174324 250
2 174324 250
1 174562 250
1 174681 250
1 174800 250
2 174800 250
3 175038 394
1 175514 250
1 175633 250
2 175752 250
5 175752 250
1 175991 250
1 176110 250
2 176229 250
5 176229 250
4 176467 250
3 176705 250
1 176943 250
3 176943 250
1 177181 250
3 177181 250
