0 2243 250
1 2451 250
2 2660 250
1 2868 250
3 3076 250
1 3285 250
2 3493 250
1 3701 250
0 3910 250
1 4118 250
2 4326 250
1 4535 250
3 4743 250
1 4951 250
2 5160 250
1 5368 250
0 5576 250
1 5785 250
3 5993 250
1 6201 250
4 6410 250
1 6618 250
3 6826 250
1 7035 250
0 7243 250
1 7451 250
3 7660 250
1 7868 250
4 8076 250
1 8285 250
3 8493 250
1 8701 250
0 8910 250
2 8910 1738
2 9118 250
3 9326 250
2 9535 250
4 9743 250
2 9951 250
3 10160 250
2 10368 250
0 10576 250
2 10785 250
3 10993 250
2 11201 250
4 11410 250
2 11615 250
3 11821 250
2 12026 250
3 12232 250
4 12232 250
3 12335 250
4 12335 250
3 12438 250
4 12438 250
3 12645 250
4 12645 250
3 12749 250
4 12749 250
3 12852 250
4 12852 250
3 13059 250
4 13059 250
3 13165 250
4 13165 250
0 13270 250
1 13270 250
0 13482 250
1 13482 250
0 13693 250
1 13693 250
3 13904 250
4 13904 250
3 14007 250
4 14007 250
3 14110 250
4 14110 250
3 14315 250
4 14315 250
3 14418 250
4 14418 250
3 14521 250
4 14521 250
3 14726 250
4 14726 250
3 14829 250
4 14829 250
0 14932 250
1 14932 250
0 15137 250
1 15137 250
0 15343 250
1 15343 250
3 15548 250
4 15548 250
3 15755 250
4 15755 250
3 15962 250
4 15962 250
3 16065 250
4 16065 250
3 16169 250
4 16169 250
3 16376 250
4 16376 250
3 16583 250
4 16583 250
3 16789 250
4 16789 250
3 16893 250
4 16893 250
3 16996 250
4 16996 250
3 17203 250
4 17203 250
3 17412 250
4 17412 250
3 17620 250
4 17620 250
3 17724 250
4 17724 250
3 17828 250
4 17828 250
3 18037 250
4 18037 250
3 18141 250
4 18141 250
3 18245 250
4 18245 250
3 18453 250
4 18453 250
3 18557 250
4 18557 250
1 18662 250
3 18662 250
1 18766 250
3 18766 250
1 18870 250
3 18870 250
1 19080 250
3 19080 250
1 19289 250
3 19289 250
1 19394 250
3 19394 250
1 19499 250
3 19499 250
1 19709 250
3 19709 250
1 19919 250
3 19919 250
1 20129 250
3 20129 250
1 20229 250
3 20229 250
1 20329 250
3 20329 250
1 20529 250
3 20529 250
1 20737 250
3 20737 250
1 20945 250
3 20945 250
1 21049 250
3 21049 250
1 21154 250
3 21154 250
1 21362 250
3 21362 250
1 21466 250
3 21466 250
1 21570 250
3 21570 250
1 21779 250
3 21779 250
1 21883 250
3 21883 250
1 21987 250
3 21987 250
0 22091 250
1 22091 250
0 22195 250
1 22195 250
2 22195 1834
0 22404 250
1 22404 250
0 22612 250
1 22612 250
0 22716 250
1 22716 250
0 22820 250
1 22820 250
0 23029 250
1 23029 250
0 23237 250
1 23237 250
0 23445 250
1 23445 250
0 23549 250
1 23549 250
0 23654 250
1 23654 250
0 23862 250
1 23862 250
0 24070 250
1 24070 250
0 24279 250
1 24279 250
0 24383 250
1 24383 250
0 24487 250
1 24487 250
0 24695 250
1 24695 250
0 24799 250
1 24799 250
0 24904 250
1 24904 250
0 25112 250
1 25112 250
0 25216 250
1 25216 250
0 25320 250
1 25320 250
0 25424 250
2 25424 250
0 25529 250
2 25529 250
0 25737 250
2 25737 250
0 25945 250
2 25945 250
0 26049 250
2 26049 250
0 26154 250
2 26154 250
0 26362 250
2 26362 250
0 26570 250
2 26570 250
0 26779 250
2 26779 250
0 26883 250
2 26883 250
0 26987 250
2 26987 250
0 27195 250
2 27195 250
0 27401 250
2 27401 250
0 27606 250
2 27606 250
0 27709 250
2 27709 250
0 27812 250
2 27812 250
0 28017 250
2 28017 250
0 28120 250
2 28120 250
0 28223 250
2 28223 250
0 28428 250
2 28428 250
0 28531 250
2 28531 250
3 28634 250
4 28634 250
3 28736 250
4 28736 250
3 28839 250
4 28839 250
3 29046 250
4 29046 250
3 29253 250
4 29253 250
3 29356 250
4 29356 250
3 29460 250
4 29460 250
3 29667 250
4 29667 250
3 29874 250
4 29874 250
3 30081 250
4 30081 250
3 30184 250
4 30184 250
3 30287 250
4 30287 250
3 30494 250
4 30494 250
3 30703 250
4 30703 250
3 30911 250
4 30911 250
3 31015 250
4 31015 250
3 31119 250
4 31119 250
3 31328 250
4 31328 250
3 31432 250
4 31432 250
3 31536 250
4 31536 250
3 31744 250
4 31744 250
3 31848 250
4 31848 250
1 31953 250
3 31953 250
1 32057 250
3 32057 250
1 32161 250
3 32161 250
1 32369 250
3 32369 250
1 32578 250
3 32578 250
1 32682 250
3 32682 250
1 32786 250
3 32786 250
1 32994 250
3 32994 250
1 33203 250
3 33203 250
1 33411 250
3 33411 250
1 33515 250
3 33515 250
1 33619 250
3 33619 250
1 33828 250
3 33828 250
1 34035 250
3 34035 250
1 34241 250
3 34241 250
1 34345 250
3 34345 250
1 34448 250
3 34448 250
1 34655 250
3 34655 250
1 34759 250
3 34759 250
1 34862 250
3 34862 250
1 35069 250
3 35069 250
1 35172 250
3 35172 250
0 35276 250
1 35276 250
0 35379 250
1 35379 250
0 35483 250
1 35483 250
2 35483 1834
0 35691 250
1 35691 250
0 35899 250
1 35899 250
0 36004 250
1 36004 250
0 36108 250
1 36108 250
0 36316 250
1 36316 250
0 36524 250
1 36524 250
0 36733 250
1 36733 250
0 36837 250
1 36837 250
0 36941 250
1 36941 250
0 37149 250
1 37149 250
0 37358 250
1 37358 250
0 37566 250
1 37566 250
0 37670 250
1 37670 250
0 37774 250
1 37774 250
0 37983 250
1 37983 250
0 38087 250
1 38087 250
0 38191 250
1 38191 250
0 38399 250
1 38399 250
0 38504 250
1 38504 250
0 38608 250
1 38608 250
0 38712 250
2 38712 250
0 38816 250
2 38816 250
0 39026 250
2 39026 250
0 39236 250
2 39236 250
0 39341 250
2 39341 250
0 39446 250
2 39446 250
0 39655 250
2 39655 250
0 39865 250
2 39865 250
0 40075 250
2 40075 250
0 40180 250
2 40180 250
0 40285 250
2 40285 250
0 40494 250
2 40494 250
0 40701 250
2 40701 250
0 40908 250
2 40908 250
0 41012 250
2 41012 250
0 41115 250
2 41115 250
0 41322 250
2 41322 250
0 41426 250
2 41426 250
0 41529 250
2 41529 250
0 41736 250
2 41736 250
0 41839 250
2 41839 250
0 41943 250
2 41943 250
0 42150 606
1 42150 606
2 42150 606
0 42983 510
1 42983 510
2 42983 510
0 43608 250
1 43608 250
2 43608 250
0 43818 511
1 43818 511
2 43818 511
0 44447 250
1 44447 250
2 44447 250
0 44657 250
1 44657 250
2 44657 250
0 44867 250
1 44867 250
2 44867 250
0 45077 250
1 45077 250
2 45286 250
3 45286 250
4 45286 250
2 45496 511
3 45496 511
4 45496 511
2 46125 250
3 46125 250
4 46125 250
2 46335 415
3 46335 415
4 46335 415
2 46755 250
3 46755 250
4 46755 250
2 46965 250
3 46965 250
4 46965 250
2 47174 415
3 47174 415
4 47174 415
2 47594 250
3 47594 250
4 47594 250
2 47804 250
3 47804 250
0 48014 415
1 48014 415
2 48014 415
0 48433 415
1 48433 415
2 48433 415
2 48853 250
2 48853 2554
3 48905 391
4 49272 415
3 49692 415
1 50111 415
2 50531 414
3 50948 414
2 51364 414
0 51781 414
1 52198 415
2 52617 415
1 53037 415
0 53456 415
3 53876 250
4 53945 366
2 54293 414
1 54709 414
0 55126 318
0 55334 250
1 55334 250
0 55439 250
1 55439 250
0 55543 607
1 55543 607
0 56388 511
1 56388 511
0 57022 319
1 57022 319
0 57233 511
1 57233 511
0 57862 250
1 57862 250
0 58072 250
1 58072 250
0 58282 250
1 58282 250
0 58492 250
1 58492 250
2 58701 250
3 58701 250
4 58701 250
2 58911 510
3 58911 510
4 58911 510
2 59536 250
3 59536 250
4 59536 250
2 59745 414
3 59745 414
4 59745 414
2 60161 250
3 60161 250
4 60161 250
2 60370 250
3 60370 250
4 60370 250
2 60578 415
3 60578 415
4 60578 415
2 61000 250
3 61000 250
4 61000 250
2 61212 250
3 61212 250
0 61423 415
1 61423 415
2 61423 415
0 61845 415
1 61845 415
2 61845 415
2 62268 250
3 62320 391
4 62688 415
3 63107 415
1 63527 415
2 63946 414
3 64363 414
2 64780 414
0 65196 414
1 65613 415
2 66033 415
1 66452 415
0 66872 415
3 67291 250
4 67360 366
3 67705 414
2 68119 414
1 68533 414
0 68946 250
1 68946 250
2 68946 250
0 69155 414
1 69155 414
2 69155 414
0 69571 250
1 69571 250
0 69676 250
1 69676 250
7 69780 250
0 70196 250
1 70196 250
2 70196 250
0 70405 250
1 70405 250
2 70405 250
0 70613 250
1 70613 250
2 70613 250
0 70821 414
1 70821 414
2 70821 414
0 71238 250
1 71238 250
2 71238 250
0 71446 442
1 71446 442
2 71446 442
3 72268 250
4 72268 250
2 72268 1834
3 72472 250
4 72472 250
3 72677 250
4 72677 250
3 72779 250
4 72779 250
3 72881 250
4 72881 250
3 73085 250
4 73085 250
3 73289 250
4 73289 250
3 73493 250
4 73493 250
3 73595 250
4 73595 250
3 73697 250
4 73697 250
3 73901 250
4 73901 250
3 74111 250
4 74111 250
3 74321 250
4 74321 250
3 74426 250
4 74426 250
3 74530 250
4 74530 250
3 74740 250
4 74740 250
3 74845 250
4 74845 250
3 74950 250
4 74950 250
3 75160 250
4 75160 250
3 75265 250
4 75265 250
1 75370 250
3 75370 250
1 75474 250
3 75474 250
1 75579 250
3 75579 250
1 75788 250
3 75788 250
1 75996 250
3 75996 250
1 76100 250
3 76100 250
1 76204 250
3 76204 250
1 76413 250
3 76413 250
1 76621 250
3 76621 250
1 76829 250
3 76829 250
1 76934 250
3 76934 250
1 77038 250
3 77038 250
1 77246 250
3 77246 250
1 77453 250
3 77453 250
1 77660 250
3 77660 250
1 77763 250
3 77763 250
1 77867 250
3 77867 250
1 78074 250
3 78074 250
1 78177 250
3 78177 250
1 78281 250
3 78281 250
1 78487 250
3 78487 250
1 78591 250
3 78591 250
1 78694 250
3 78694 250
0 78798 250
1 78798 250
0 78901 250
1 78901 250
0 79110 250
1 79110 250
0 79318 250
1 79318 250
0 79422 250
1 79422 250
0 79526 250
1 79526 250
0 79735 250
1 79735 250
0 79943 250
1 79943 250
0 80151 250
1 80151 250
0 80255 250
1 80255 250
0 80360 250
1 80360 250
0 80568 250
1 80568 250
0 80776 250
1 80776 250
0 80985 250
1 80985 250
0 81089 250
1 81089 250
0 81193 250
1 81193 250
0 81401 250
1 81401 250
0 81505 250
1 81505 250
0 81610 250
1 81610 250
0 81818 250
1 81818 250
0 81922 250
1 81922 250
0 82026 250
1 82026 250
0 82130 250
2 82130 250
0 82235 250
2 82235 250
0 82443 250
2 82443 250
0 82651 250
2 82651 250
0 82755 250
2 82755 250
0 82860 250
2 82860 250
0 83068 250
2 83068 250
0 83276 250
2 83276 250
0 83485 250
2 83485 250
0 83589 250
2 83589 250
0 83693 250
2 83693 250
0 83901 250
2 83901 250
0 84107 250
2 84107 250
0 84312 250
2 84312 250
0 84415 250
2 84415 250
0 84518 250
2 84518 250
0 84723 250
2 84723 250
0 84826 250
2 84826 250
0 84929 250
2 84929 250
0 85134 250
2 85134 250
0 85237 250
2 85237 250
3 85340 250
4 85340 250
3 85442 250
4 85442 250
3 85545 250
4 85545 250
2 85545 1834
3 85755 250
4 85755 250
3 85965 250
4 85965 250
3 86070 250
4 86070 250
3 86174 250
4 86174 250
3 86384 250
4 86384 250
3 86594 250
4 86594 250
3 86804 250
4 86804 250
3 86909 250
4 86909 250
3 87014 250
4 87014 250
3 87223 250
4 87223 250
3 87430 250
4 87430 250
3 87637 250
4 87637 250
3 87741 250
4 87741 250
3 87844 250
4 87844 250
3 88051 250
4 88051 250
3 88154 250
4 88154 250
3 88258 250
4 88258 250
3 88465 250
4 88465 250
3 88568 250
4 88568 250
1 88672 250
3 88672 250
1 88775 250
3 88775 250
1 88879 250
3 88879 250
1 89087 250
3 89087 250
1 89295 250
3 89295 250
1 89399 250
3 89399 250
1 89504 250
3 89504 250
1 89712 250
3 89712 250
1 89920 250
3 89920 250
1 90129 250
3 90129 250
1 90233 250
3 90233 250
1 90337 250
3 90337 250
1 90545 250
3 90545 250
1 90754 250
3 90754 250
1 90962 250
3 90962 250
1 91066 250
3 91066 250
1 91170 250
3 91170 250
1 91379 250
3 91379 250
1 91483 250
3 91483 250
1 91587 250
3 91587 250
1 91795 250
3 91795 250
1 91899 250
3 91899 250
1 92004 250
3 92004 250
3 92108 250
4 92108 250
3 92212 250
4 92212 250
3 92420 250
4 92420 250
3 92629 250
4 92629 250
3 92733 250
4 92733 250
3 92837 250
4 92837 250
3 93045 250
4 93045 250
3 93252 250
4 93252 250
3 93459 250
4 93459 250
3 93562 250
4 93562 250
3 93666 250
4 93666 250
3 93873 250
4 93873 250
3 94081 250
4 94081 250
3 94289 250
4 94289 250
3 94394 250
4 94394 250
3 94498 250
4 94498 250
3 94706 250
4 94706 250
3 94810 250
4 94810 250
3 94913 250
4 94913 250
3 95120 250
4 95120 250
3 95223 250
4 95223 250
3 95327 250
4 95327 250
0 95430 250
2 95430 250
0 95534 250
2 95534 250
0 95743 250
2 95743 250
0 95953 250
2 95953 250
0 96058 250
2 96058 250
0 96163 250
2 96163 250
0 96373 250
2 96373 250
0 96583 250
2 96583 250
0 96792 250
2 96792 250
0 96897 250
2 96897 250
0 97002 250
2 97002 250
0 97212 250
2 97212 250
0 97422 250
2 97422 250
0 97632 250
2 97632 250
0 97737 250
2 97737 250
0 97841 250
2 97841 250
0 98051 250
2 98051 250
0 98155 250
2 98155 250
0 98260 250
2 98260 250
0 98468 250
2 98468 250
0 98572 250
2 98572 250
0 98676 250
2 98676 250
0 98885 606
1 98885 606
2 98885 606
2 98885 1114
0 99718 510
1 99718 510
2 99718 510
0 100343 250
1 100343 250
2 100343 250
0 100551 511
1 100551 511
2 100551 511
0 101181 250
1 101181 250
2 101181 250
0 101390 250
1 101390 250
2 101390 250
0 101600 250
1 101600 250
2 101600 250
0 101810 250
1 101810 250
2 102020 250
3 102020 250
4 102020 250
2 102230 510
3 102230 510
4 102230 510
2 102855 250
3 102855 250
4 102855 250
2 103063 414
3 103063 414
4 103063 414
2 103480 250
3 103480 250
4 103480 250
2 103688 250
3 103688 250
4 103688 250
2 103896 415
3 103896 415
4 103896 415
2 104316 250
3 104316 250
4 104316 250
2 104526 250
3 104526 250
0 104735 415
1 104735 415
2 104735 415
0 105155 415
1 105155 415
2 105155 415
2 105574 250
3 105627 391
4 105994 415
3 106414 415
1 106833 415
2 107253 414
3 107672 414
2 108092 414
0 108512 414
1 108931 415
2 109351 415
1 109770 415
0 110190 415
3 110609 250
4 110678 366
2 111023 414
1 111437 414
0 111851 414
0 112265 607
1 112265 607
0 113110 511
1 113110 511
0 113744 319
1 113744 319
0 113955 511
1 113955 511
0 114584 250
1 114584 250
0 114794 250
1 114794 250
0 115004 250
1 115004 250
0 115214 250
1 115214 250
2 115423 250
3 115423 250
4 115423 250
2 115633 510
3 115633 510
4 115633 510
2 116262 250
3 116262 250
4 116262 250
2 116472 414
3 116472 414
4 116472 414
2 116892 250
3 116892 250
4 116892 250
2 117102 250
3 117102 250
4 117102 250
2 117311 414
3 117311 414
4 117311 414
2 117728 250
3 117728 250
4 117728 250
2 117936 250
3 117936 250
4 117936 250
0 118145 414
1 118145 414
2 118145 414
0 118561 414
1 118561 414
2 118561 414
2 118978 250
2 118978 1738
3 119030 390
4 119395 414
3 119811 414
1 120228 414
2 120645 414
3 121061 414
2 121478 414
0 121895 414
1 122311 415
2 122734 415
1 123156 415
0 123579 415
3 124002 250
4 124071 366
2 124415 414
1 124829 414
0 125243 318
1 125450 250
3 125450 250
1 125657 991
3 125657 991
0 127335 250
1 127545 250
2 127755 250
1 127964 250
3 128174 250
1 128384 250
2 128594 250
1 128804 250
0 129013 250
1 129222 250
2 129430 250
1 129638 250
4 129847 250
1 130055 250
2 130263 250
1 130472 250
0 130680 250
1 130888 250
2 131097 250
1 131305 250
4 131513 250
1 131722 250
2 131930 250
1 132138 250
0 132347 250
2 132555 250
0 132763 250
1 132972 250
2 133180 250
1 133388 250
0 133597 250
1 133805 250
0 134013 250
2 134013 2506
2 134222 250
0 134430 250
1 134638 250
2 134847 250
1 135055 250
0 135263 250
1 135472 250
7 135680 250
0 135887 250
1 136094 250
0 136301 250
2 136508 250
0 136715 250
1 136921 250
0 137128 250
7 137335 250
0 137542 250
1 137749 250
0 137956 250
2 138163 250
0 138370 250
1 138577 250
0 138783 250
0 138990 250
1 139199 250
2 139407 250
1 139615 250
3 139824 250
1 140032 250
2 140240 250
1 140449 250
0 140657 250
1 140865 250
2 141074 250
1 141282 250
3 141490 250
1 141699 250
2 141907 250
1 142115 250
0 142324 250
1 142532 250
2 142740 250
1 142949 250
4 143157 250
1 143365 250
2 143574 250
1 143782 250
0 143990 250
1 144199 250
2 144407 250
1 144615 250
4 144824 250
1 145032 250
2 145240 250
1 145449 250
0 145657 250
2 145865 250
0 146074 250
1 146282 250
2 146490 250
1 146699 250
0 146907 250
1 147115 250
0 147324 250
2 147531 250
0 147738 250
1 147944 250
2 148151 250
1 148358 250
0 148565 250
1 148772 250
7 148979 250
0 149187 250
1 149396 250
0 149604 250
2 149812 250
0 150021 250
1 150229 250
0 150437 250
7 150646 250
0 150854 250
1 151062 250
0 151271 250
2 151479 250
0 151687 250
1 151896 250
3 152104 250
4 152104 250
2 152104 1882
3 152208 250
4 152208 250
3 152312 607
4 152312 607
3 153151 415
4 153151 415
3 153571 250
5 153571 250
2 153676 250
1 153781 250
3 153991 414
4 153991 414
3 154407 250
4 154407 250
3 154616 250
5 154616 250
3 154824 250
4 154824 250
1 155032 250
5 155032 250
1 155241 250
2 155241 250
0 155449 250
5 155449 250
0 155657 606
1 155657 606
0 156485 414
1 156485 414
0 156899 250
1 156899 250
0 157105 250
2 157105 250
0 157312 250
2 157312 250
1 157521 250
2 157521 250
1 157729 250
2 157729 250
1 157937 250
3 157937 250
1 158146 250
3 158146 250
2 158354 250
3 158354 250
2 158562 250
3 158562 250
1 158771 250
3 158771 250
1 158979 510
3 158979 510
1 159600 250
3 159600 250
1 159807 250
3 159807 250
2 160014 250
3 160014 250
2 160220 250
3 160220 250
2 160427 250
3 160427 250
2 160634 250
3 160634 250
3 160841 250
4 160841 250
3 161048 250
4 161048 250
3 161255 250
4 161255 250
3 161462 414
4 161462 414
3 161876 408
4 161876 408
0 162289 510
0 162914 250
0 163123 250
1 163331 250
5 163331 250
1 163539 250
2 163748 250
5 163748 250
2 163956 511
2 164585 250
2 164795 250
0 165005 250
5 165005 250
0 165215 250
1 165425 250
5 165425 250
1 165634 414
2 166045 250
2 166251 250
2 166456 250
3 166662 250
5 166662 250
3 166867 250
4 167073 250
5 167073 250
4 167278 414
4 167692 414
4 168106 250
4 168313 250
4 168520 414
0 168933 510
1 168933 510
2 168933 2218
0 169554 250
1 169554 250
0 169761 414
1 169761 414
0 170175 250
0 170382 250
0 170589 250
0 171005 250
0 171214 250
1 171214 250
0 171422 250
1 171422 250
0 171630 250
1 171630 250
0 171839 250
1 171839 250
2 172047 250
4 172047 250
2 172255 511
4 172255 511
2 172889 250
4 172889 250
2 173100 415
4 173100 415
0 173523 250
0 173734 250
0 173945 250
0 174365 250
0 174575 250
2 174575 250
0 174785 250
2 174785 250
0 174994 250
2 174994 250
0 175204 250
2 175204 250
0 175414 250
2 175414 250
2 175624 250
3 175676 390
4 176040 414
3 176457 414
1 176874 414
2 177290 414
3 177710 414
2 178130 414
0 178549 414
1 178969 415
2 179388 415
1 179808 415
0 180227 415
3 180647 250
4 180717 366
2 181067 414
1 181486 414
0 181906 415
0 182325 607
1 182325 607
2 182325 1642
0 183164 511
1 183164 511
0 183794 319
1 183794 319
0 184004 511
1 184004 511
0 184633 250
1 184633 250
0 184843 250
1 184843 250
0 185053 250
1 185053 250
0 185262 250
1 185262 250
2 185472 250
4 185472 250
2 185682 510
4 185682 510
2 186307 250
4 186307 250
2 186515 414
4 186515 414
2 186932 250
4 186932 250
2 187140 250
4 187140 250
2 187349 415
4 187349 415
2 187768 250
4 187768 250
0 187978 250
2 187978 250
0 188188 415
2 188188 415
0 188607 415
2 188607 415
2 189027 250
3 189080 391
4 189449 415
3 189872 415
1 190295 415
2 190717 414
3 191134 414
2 191550 414
0 191967 414
1 192384 414
2 192800 414
1 193217 414
0 193634 414
3 194050 250
4 194120 366
2 194470 414
1 194890 414
0 195309 415
2 195729 250
3 195781 390
4 196145 414
0 196562 250
1 196562 250
0 196701 250
1 196701 250
0 196979 250
1 196979 250
0 197118 250
1 197118 250
2 197395 414
3 197815 414
0 198235 250
1 198235 250
0 198374 250
1 198374 250
0 198654 250
1 198654 250
0 198794 250
1 198794 250
1 199074 415
2 199496 415
1 199919 415
0 200341 415
3 200764 250
4 200833 366
2 201181 414
1 201597 414
0 202014 414
0 202431 250
1 202431 250
0 202640 415
1 202640 415
0 203060 250
1 203060 250
0 203270 250
0 203689 250
1 203689 250
0 203899 415
1 203899 415
0 204319 415
1 204319 415
0 204738 250
1 204738 250
0 204948 250
1 204948 250
0 205158 442
1 205158 442
