1 2000 250
3 2000 250
4 2000 250
6 2000 250
0 2413 250
6 2413 250
1 2827 250
3 2827 250
4 2827 250
6 2827 250
0 3240 250
6 3240 250
1 3653 250
3 3653 250
4 3653 250
6 3653 250
0 4066 250
6 4066 250
1 4480 250
3 4480 250
4 4480 250
6 4480 250
0 4893 250
6 4893 250
0 5306 250
2 5306 250
3 5306 250
6 5306 250
0 5694 250
6 5694 250
0 6082 250
2 6082 250
3 6082 250
6 6082 250
0 6469 250
6 6469 250
0 6857 250
2 6857 250
3 6857 250
6 6857 250
0 7270 250
6 7270 250
0 7684 250
2 7684 250
3 7684 250
6 7684 250
1 8097 250
2 8097 250
3 8097 250
6 8097 250
1 8511 250
2 8511 250
3 8511 250
6 8511 250
1 8920 250
6 8920 250
2 9330 250
3 9330 250
4 9330 250
6 9330 250
2 9739 250
6 9739 250
2 10149 250
3 10149 250
4 10149 250
6 10149 250
2 10558 250
6 10558 250
2 10968 250
3 10968 250
4 10968 250
6 10968 250
2 11377 250
6 11377 250
1 11787 250
3 11787 250
4 11787 250
6 11787 250
2 11787 1642
0 12175 250
6 12175 250
1 12564 250
3 12564 250
4 12564 250
6 12564 250
0 12952 250
6 12952 250
1 13340 250
3 13340 250
4 13340 250
6 13340 250
0 13728 250
6 13728 250
1 14117 250
3 14117 250
4 14117 250
6 14117 250
0 14505 250
6 14505 250
0 14893 250
1 14893 250
3 14893 250
6 14893 250
1 15296 250
6 15296 250
1 15498 250
6 15498 250
0 15699 250
1 15699 250
3 15699 250
6 15699 250
1 16102 250
6 16102 250
0 16505 250
1 16505 250
3 16505 250
6 16505 250
1 16908 250
6 16908 250
0 17312 250
1 17312 250
3 17312 250
6 17312 250
1 17715 250
6 17715 250
1 18118 250
3 18118 250
4 18118 250
6 18118 250
0 18510 250
6 18510 250
1 18902 250
3 18902 250
4 18902 250
6 18902 250
0 19295 250
6 19295 250
1 19687 250
3 19687 250
4 19687 250
6 19687 250
0 20080 250
6 20080 250
1 20472 250
3 20472 250
4 20472 250
6 20472 250
0 20864 250
6 20864 250
0 21258 250
1 21258 250
2 21258 250
6 21258 250
0 21652 250
6 21652 250
0 22046 250
1 22046 250
2 22046 250
6 22046 250
0 22440 250
6 22440 250
0 22834 250
1 22834 250
2 22834 250
6 22834 250
0 23228 250
6 23228 250
0 23622 250
1 23622 250
2 23622 250
6 23622 250
0 24017 250
6 24017 250
1 24411 250
3 24411 250
4 24411 250
6 24411 250
0 24810 250
6 24810 250
1 25209 250
3 25209 250
4 25209 250
6 25209 250
0 25608 250
6 25608 250
1 26007 970
3 26007 970
4 26007 970
6 26007 250
1 27603 250
3 27603 250
4 27603 250
6 27603 250
0 28017 250
6 28017 250
1 28431 250
3 28431 250
4 28431 250
6 28431 250
0 28845 250
6 28845 250
1 29259 250
3 29259 250
4 29259 250
6 29259 250
0 29674 250
6 29674 250
1 30088 250
3 30088 250
4 30088 250
6 30088 250
0 30502 250
6 30502 250
0 30916 250
2 30916 250
3 30916 250
6 30916 250
2 30916 1978
0 31323 250
6 31323 250
0 31730 250
2 31730 250
3 31730 250
6 31730 250
0 32137 250
6 32137 250
0 32544 250
2 32544 250
3 32544 250
6 32544 250
0 32951 250
6 32951 250
0 33358 250
2 33358 250
3 33358 250
6 33358 250
1 33765 250
2 33765 250
3 33765 250
6 33765 250
1 34172 250
2 34172 250
3 34172 250
6 34172 250
1 34575 250
6 34575 250
2 34978 250
3 34978 250
4 34978 250
6 34978 250
2 35381 250
6 35381 250
2 35784 250
3 35784 250
4 35784 250
6 35784 250
2 36187 250
6 36187 250
2 36590 250
3 36590 250
4 36590 250
6 36590 250
2 36993 250
6 36993 250
1 37396 250
3 37396 250
4 37396 250
6 37396 250
0 37799 250
6 37799 250
1 38202 250
3 38202 250
4 38202 250
6 38202 250
0 38605 250
6 38605 250
1 39008 250
3 39008 250
4 39008 250
6 39008 250
0 39411 250
6 39411 250
1 39814 250
3 39814 250
4 39814 250
6 39814 250
0 40217 250
6 40217 250
0 40620 250
1 40620 250
3 40620 250
6 40620 250
1 41023 250
6 41023 250
0 41426 250
1 41426 250
3 41426 250
6 41426 250
1 41828 250
6 41828 250
0 42231 250
1 42231 250
3 42231 250
6 42231 250
1 42634 250
6 42634 250
0 43036 250
1 43036 250
3 43036 250
6 43036 250
1 43439 250
6 43439 250
1 43842 250
3 43842 250
4 43842 250
6 43842 250
0 44244 250
6 44244 250
1 44647 250
3 44647 250
4 44647 250
6 44647 250
0 45050 250
6 45050 250
1 45452 250
3 45452 250
4 45452 250
6 45452 250
0 45855 250
6 45855 250
1 46258 250
3 46258 250
4 46258 250
6 46258 250
0 46661 250
6 46661 250
0 47064 250
1 47064 250
2 47064 250
6 47064 250
0 47467 250
6 47467 250
0 47870 250
1 47870 250
2 47870 250
6 47870 250
0 48273 250
6 48273 250
0 48676 250
1 48676 250
2 48676 250
6 48676 250
0 49079 250
6 49079 250
0 49482 250
1 49482 250
2 49482 250
6 49482 250
0 49885 250
6 49885 250
1 50288 250
3 50288 250
4 50288 250
6 50288 250
0 50691 250
6 50691 250
1 51094 250
3 51094 250
4 51094 250
6 51094 250
0 51479 250
6 51479 250
1 51864 250
3 51864 250
4 51864 250
6 51864 250
1 52249 250
6 52249 250
2 52634 250
4 52634 250
6 52634 250
2 52634 730
2 53019 250
3 53019 250
6 53019 250
1 53276 250
6 53276 250
1 53404 250
3 53404 250
6 53404 250
1 53791 250
6 53791 250
1 54177 586
3 54177 586
6 54177 250
1 54950 250
3 54950 250
6 54950 250
1 55337 250
6 55337 250
1 55723 250
3 55723 250
6 55723 250
1 56110 250
6 56110 250
3 56901 586
6 56901 250
3 57709 250
6 57709 250
2 58517 586
6 58517 250
2 59326 250
6 59326 250
1 60134 586
6 60134 250
1 60948 250
6 60948 250
2 61769 586
6 61769 250
2 62589 250
6 62589 250
1 63409 586
6 63409 250
1 64225 250
6 64225 250
0 65035 250
6 65035 250
3 65440 250
6 65440 250
1 65845 250
6 65845 250
2 66250 250
6 66250 250
2 66655 250
6 66655 250
2 67060 250
6 67060 250
2 67458 250
6 67458 250
0 67857 250
6 67857 250
0 68255 250
6 68255 250
2 68654 250
4 68654 250
6 68654 250
2 68654 2266
2 69052 250
3 69052 250
6 69052 250
1 69451 250
3 69451 250
6 69451 250
1 69849 250
6 69849 250
1 70248 250
3 70248 250
6 70248 250
1 70655 250
6 70655 250
1 71063 250
6 71063 250
1 71470 250
6 71470 250
1 71877 250
6 71877 250
1 72285 250
6 72285 250
3 73099 586
6 73099 250
3 73914 250
6 73914 250
2 74728 586
6 74728 250
2 75543 250
6 75543 250
1 76358 586
6 76358 250
1 77172 250
6 77172 250
2 77987 586
6 77987 250
2 78802 250
6 78802 250
1 79617 586
6 79617 250
1 80431 250
6 80431 250
0 81246 250
6 81246 250
3 81653 250
6 81653 250
1 82061 250
6 82061 250
2 82468 250
6 82468 250
2 82875 250
6 82875 250
2 83283 250
6 83283 250
2 83686 250
6 83686 250
2 84090 250
6 84090 250
2 84493 778
6 84493 250
2 85704 250
6 85704 250
1 86107 250
6 86107 250
2 86510 250
6 86510 250
1 86914 250
6 86914 250
3 87317 250
6 87317 250
3 87721 250
6 87721 250
3 88124 250
6 88124 250
3 88528 250
6 88528 250
3 88931 250
6 88931 250
3 89334 250
6 89334 250
3 89738 250
6 89738 250
3 90147 250
6 90147 250
2 90557 250
3 90557 250
6 90557 250
2 90557 1162
2 90966 250
4 90966 250
6 90966 250
3 91376 586
4 91376 586
6 91376 250
3 92194 970
4 92194 970
6 92194 250
1 93787 250
3 93787 250
4 93787 250
6 93787 250
0 94196 250
6 94196 250
1 94605 250
3 94605 250
4 94605 250
6 94605 250
0 95014 250
6 95014 250
1 95423 250
3 95423 250
4 95423 250
6 95423 250
0 95832 250
6 95832 250
1 96241 250
3 96241 250
4 96241 250
6 96241 250
0 96650 250
6 96650 250
0 97059 250
2 97059 250
3 97059 250
6 97059 250
0 97468 250
6 97468 250
0 97877 250
2 97877 250
3 97877 250
6 97877 250
0 98286 250
6 98286 250
0 98695 250
2 98695 250
3 98695 250
6 98695 250
0 99103 250
6 99103 250
0 99512 250
2 99512 250
3 99512 250
6 99512 250
1 99921 250
2 99921 250
3 99921 250
6 99921 250
1 100330 250
2 100330 250
3 100330 250
6 100330 250
1 100734 250
6 100734 250
2 101138 250
3 101138 250
4 101138 250
6 101138 250
2 101542 250
6 101542 250
2 101946 250
3 101946 250
4 101946 250
6 101946 250
2 102350 250
6 102350 250
2 102754 250
3 102754 250
4 102754 250
6 102754 250
2 103158 250
6 103158 250
1 103562 250
3 103562 250
4 103562 250
6 103562 250
0 103966 250
6 103966 250
1 104369 250
3 104369 250
4 104369 250
6 104369 250
0 104761 250
6 104761 250
1 105153 250
3 105153 250
4 105153 250
6 105153 250
0 105545 250
6 105545 250
1 105937 250
3 105937 250
4 105937 250
6 105937 250
0 106329 250
6 106329 250
0 106721 250
1 106721 250
3 106721 250
6 106721 250
1 107124 250
6 107124 250
0 107526 250
1 107526 250
3 107526 250
6 107526 250
1 107929 250
6 107929 250
0 108332 250
1 108332 250
3 108332 250
6 108332 250
1 108735 250
6 108735 250
0 109138 250
1 109138 250
3 109138 250
6 109138 250
1 109548 250
6 109548 250
1 109958 250
3 109958 250
4 109958 250
6 109958 250
2 109958 1738
0 110368 250
6 110368 250
1 110778 250
3 110778 250
4 110778 250
6 110778 250
0 111188 250
6 111188 250
1 111598 250
3 111598 250
4 111598 250
6 111598 250
0 112008 250
6 112008 250
1 112418 250
3 112418 250
4 112418 250
6 112418 250
0 112828 250
6 112828 250
0 113238 250
1 113238 250
2 113238 250
6 113238 250
0 113648 250
6 113648 250
0 114058 250
1 114058 250
2 114058 250
6 114058 250
0 114468 250
6 114468 250
0 114878 250
1 114878 250
2 114878 250
6 114878 250
0 115288 250
6 115288 250
0 115698 250
1 115698 250
2 115698 250
6 115698 250
0 116108 250
6 116108 250
1 116518 250
3 116518 250
4 116518 250
6 116518 250
0 116922 250
6 116922 250
1 117326 250
3 117326 250
4 117326 250
6 117326 250
0 117730 250
6 117730 250
1 118133 250
3 118133 250
4 118133 250
6 118133 250
1 118537 250
6 118537 250
2 118941 250
4 118941 250
6 118941 250
2 119337 250
3 119337 250
6 119337 250
1 119734 250
3 119734 250
6 119734 250
1 120131 250
6 120131 250
1 120527 586
3 120527 586
6 120527 250
1 121317 250
3 121317 250
6 121317 250
1 121711 250
6 121711 250
1 122106 250
3 122106 250
6 122106 250
1 122501 250
6 122501 250
3 123306 586
6 123306 250
3 124126 250
6 124126 250
2 124946 586
6 124946 250
2 125766 250
6 125766 250
1 126589 586
6 126589 250
1 127415 250
6 127415 250
2 128240 586
6 128240 250
2 129066 250
6 129066 250
1 129887 586
6 129887 250
2 129887 2410
1 130704 250
6 130704 250
0 131521 250
6 131521 250
3 131929 250
6 131929 250
1 132337 250
6 132337 250
2 132745 250
6 132745 250
2 133154 250
6 133154 250
2 133562 250
6 133562 250
2 133970 250
6 133970 250
2 134378 250
6 134378 250
2 134787 250
6 134787 250
2 135195 250
4 135195 250
6 135195 250
2 135603 250
3 135603 250
6 135603 250
1 136011 250
3 136011 250
6 136011 250
1 136415 250
6 136415 250
1 136819 250
3 136819 250
6 136819 250
1 137223 250
6 137223 250
1 137627 250
3 137627 250
6 137627 250
1 138031 250
6 138031 250
1 138434 250
3 138434 250
6 138434 250
1 138838 250
6 138838 250
3 139651 586
6 139651 250
3 140468 250
6 140468 250
2 141286 586
6 141286 250
2 142104 250
6 142104 250
1 142923 586
6 142923 250
1 143745 250
6 143745 250
2 144566 586
6 144566 250
2 145388 250
6 145388 250
1 146209 586
6 146209 250
1 147031 250
6 147031 250
0 147858 250
6 147858 250
3 148275 250
6 148275 250
1 148692 250
6 148692 250
2 149109 250
6 149109 250
2 149526 250
6 149526 250
2 149943 250
6 149943 250
2 150360 250
6 150360 250
2 150776 250
6 150776 250
2 151189 778
6 151189 250
2 152425 250
6 152425 250
2 152425 2410
1 152838 250
6 152838 250
2 153250 250
6 153250 250
1 153662 250
6 153662 250
3 154074 250
6 154074 250
3 154488 250
6 154488 250
3 154902 250
6 154902 250
3 155316 250
6 155316 250
3 155730 250
6 155730 250
3 156143 250
6 156143 250
3 156557 250
6 156557 250
3 156971 250
6 156971 250
2 157385 250
3 157385 250
6 157385 250
2 157799 250
4 157799 250
6 157799 250
3 158213 586
4 158213 586
6 158213 250
3 159040 970
4 159040 970
6 159040 250
1 160696 250
3 160696 250
4 160696 250
6 160696 250
0 161113 250
6 161113 250
1 161531 250
3 161531 250
4 161531 250
6 161531 250
0 161949 250
6 161949 250
1 162366 250
3 162366 250
4 162366 250
6 162366 250
0 162784 250
6 162784 250
1 163202 250
3 163202 250
4 163202 250
6 163202 250
0 163619 250
6 163619 250
0 164037 250
2 164037 250
3 164037 250
6 164037 250
0 164451 250
6 164451 250
0 164864 250
2 164864 250
3 164864 250
6 164864 250
0 165277 250
6 165277 250
0 165691 250
2 165691 250
3 165691 250
6 165691 250
0 166104 250
6 166104 250
0 166518 250
2 166518 250
3 166518 250
6 166518 250
1 166931 250
2 166931 250
3 166931 250
6 166931 250
1 167345 250
2 167345 250
3 167345 250
6 167345 250
2 167345 1690
1 167758 250
6 167758 250
2 168172 250
3 168172 250
4 168172 250
6 168172 250
2 168586 250
6 168586 250
2 169000 970
3 169000 970
4 169000 970
6 169000 250
1 170656 250
3 170656 250
4 170656 250
6 170656 250
0 171069 250
6 171069 250
1 171483 250
3 171483 250
4 171483 250
6 171483 250
0 171896 250
6 171896 250
1 172310 250
3 172310 250
4 172310 250
6 172310 250
0 172724 250
6 172724 250
1 173137 250
3 173137 250
4 173137 250
6 173137 250
0 173551 250
6 173551 250
0 173965 250
1 173965 250
3 173965 250
6 173965 250
1 174377 250
6 174377 250
0 174789 250
1 174789 250
3 174789 250
6 174789 250
1 175201 250
6 175201 250
0 175613 250
1 175613 250
3 175613 250
6 175613 250
1 176025 250
6 176025 250
0 176437 250
1 176437 250
3 176437 250
6 176437 250
1 176849 250
6 176849 250
1 177262 250
3 177262 250
4 177262 250
6 177262 250
0 177661 250
6 177661 250
1 178061 250
3 178061 250
4 178061 250
6 178061 250
0 178461 250
6 178461 250
1 178861 250
3 178861 250
4 178861 250
6 178861 250
0 179261 250
6 179261 250
1 179660 250
3 179660 250
4 179660 250
6 179660 250
0 180060 250
6 180060 250
0 180460 250
1 180460 250
2 180460 250
6 180460 250
0 180877 250
6 180877 250
0 181293 250
1 181293 250
2 181293 250
6 181293 250
0 181710 250
6 181710 250
0 182126 250
1 182126 250
2 182126 250
6 182126 250
0 182543 250
6 182543 250
0 182960 250
1 182960 250
2 182960 250
6 182960 250
0 183376 250
6 183376 250
1 183793 250
3 183793 250
4 183793 250
6 183793 250
0 184210 250
6 184210 250
1 184626 250
3 184626 250
4 184626 250
6 184626 250
0 185024 250
6 185024 250
1 185423 250
3 185423 250
4 185423 250
6 185423 250
0 185821 250
6 185821 250
1 186219 250
3 186219 250
4 186219 250
6 186219 250
0 186617 250
6 186617 250
1 187016 250
3 187016 250
4 187016 250
6 187016 250
0 187415 250
6 187415 250
1 187814 250
3 187814 250
4 187814 250
6 187814 250
0 188214 250
6 188214 250
1 188613 970
3 188613 970
4 188613 970
6 188613 250
2 188613 538
1 190298 250
3 190298 250
4 190298 250
6 190298 250
0 190716 250
6 190716 250
1 191133 250
3 191133 250
4 191133 250
6 191133 250
0 191551 250
6 191551 250
1 191969 250
3 191969 250
4 191969 250
6 191969 250
0 192386 250
6 192386 250
1 192804 250
3 192804 250
4 192804 250
6 192804 250
0 193222 250
6 193222 250
1 193639 250
2 193639 250
4 193639 250
6 193639 250
0 194055 250
6 194055 250
1 194470 250
2 194470 250
4 194470 250
6 194470 250
0 194886 250
6 194886 250
1 195302 250
2 195302 250
4 195302 250
6 195302 250
0 195717 250
6 195717 250
1 196133 250
2 196133 250
4 196133 250
6 196133 250
0 196548 250
6 196548 250
1 196964 250
2 196964 250
3 196964 250
6 196964 250
1 197380 250
6 197380 250
1 197796 250
2 197796 250
3 197796 250
6 197796 250
1 198212 250
6 198212 250
1 198628 250
2 198628 250
3 198628 250
6 198628 250
1 199044 250
6 199044 250
1 199460 250
2 199460 250
3 199460 250
6 199460 250
1 199876 250
6 199876 250
1 200292 250
3 200292 250
4 200292 250
6 200292 250
0 200708 250
6 200708 250
1 201124 250
3 201124 250
4 201124 250
6 201124 250
0 201526 250
6 201526 250
1 201928 250
3 201928 250
4 201928 250
6 201928 250
0 202330 250
6 202330 250
1 202732 250
3 202732 250
4 202732 250
6 202732 250
0 203134 250
6 203134 250
1 203537 250
3 203537 250
4 203537 250
6 203537 250
0 203954 250
6 203954 250
1 204372 250
3 204372 250
4 204372 250
6 204372 250
0 204790 250
6 204790 250
1 205207 250
3 205207 250
4 205207 250
6 205207 250
0 205625 250
6 205625 250
1 206043 250
3 206043 250
4 206043 250
6 206043 250
0 206460 250
6 206460 250
1 206878 250
2 206878 250
4 206878 250
6 206878 250
0 207296 250
6 207296 250
1 207714 250
2 207714 250
4 207714 250
6 207714 250
0 208131 250
6 208131 250
1 208549 250
2 208549 250
4 208549 250
6 208549 250
0 208967 250
6 208967 250
1 209384 250
2 209384 250
4 209384 250
6 209384 250
0 209802 250
6 209802 250
1 210220 250
2 210220 250
3 210220 250
6 210220 250
2 210220 1690
1 210637 250
6 210637 250
1 211055 250
2 211055 250
3 211055 250
6 211055 250
1 211473 250
6 211473 250
1 211891 250
2 211891 250
3 211891 250
6 211891 250
1 212308 250
6 212308 250
1 212726 250
2 212726 250
3 212726 250
6 212726 250
1 213144 250
6 213144 250
1 213561 250
3 213561 250
4 213561 250
6 213561 250
0 213962 250
6 213962 250
1 214363 250
3 214363 250
4 214363 250
6 214363 250
0 214763 250
6 214763 250
1 215164 250
3 215164 250
4 215164 250
6 215164 250
0 215564 250
6 215564 250
1 215965 250
3 215965 250
4 215965 250
6 215965 250
0 216366 250
6 216366 250
1 216766 250
3 216766 250
4 216766 250
6 216766 250
0 217182 250
6 217182 250
1 217598 250
3 217598 250
4 217598 250
6 217598 250
0 218014 250
6 218014 250
1 218430 250
3 218430 250
4 218430 250
6 218430 250
0 218846 250
6 218846 250
1 219262 250
3 219262 250
4 219262 250
6 219262 250
0 219678 250
6 219678 250
1 220095 250
2 220095 250
4 220095 250
6 220095 250
0 220511 250
6 220511 250
1 220927 250
2 220927 250
4 220927 250
6 220927 250
0 221343 250
6 221343 250
1 221759 250
2 221759 250
4 221759 250
6 221759 250
0 222175 250
6 222175 250
1 222592 250
2 222592 250
4 222592 250
6 222592 250
0 223009 250
6 223009 250
1 223426 250
2 223426 250
3 223426 250
6 223426 250
1 223842 250
6 223842 250
1 224259 250
2 224259 250
3 224259 250
6 224259 250
1 224676 250
6 224676 250
1 225093 250
2 225093 250
3 225093 250
6 225093 250
1 225509 250
6 225509 250
1 225926 250
2 225926 250
3 225926 250
6 225926 250
1 226343 250
6 226343 250
1 226760 250
3 226760 250
4 226760 250
6 226760 250
1 226965 250
3 226965 250
4 226965 250
6 226965 250
1 227170 250
3 227170 250
4 227170 250
6 227170 250
1 227375 250
3 227375 250
4 227375 250
6 227375 250
1 227580 250
3 227580 250
4 227580 250
6 227580 250
1 227785 250
3 227785 250
4 227785 250
6 227785 250
1 227990 250
3 227990 250
4 227990 250
6 227990 250
1 228194 250
3 228194 250
4 228194 250
6 228194 250
1 228399 250
3 228399 250
4 228399 250
6 228399 250
2 228399 1162
1 228604 250
3 228604 250
4 228604 250
6 228604 250
1 228809 250
3 228809 250
4 228809 250
6 228809 250
1 229014 250
3 229014 250
4 229014 250
6 229014 250
1 229219 250
3 229219 250
4 229219 250
6 229219 250
1 229424 250
3 229424 250
4 229424 250
6 229424 250
1 229629 250
3 229629 250
4 229629 250
6 229629 250
1 229834 250
3 229834 250
4 229834 250
6 229834 250
1 230039 250
3 230039 250
4 230039 250
6 230039 250
0 230456 250
6 230456 250
1 230873 250
3 230873 250
4 230873 250
6 230873 250
0 231291 250
6 231291 250
1 231708 250
3 231708 250
4 231708 250
6 231708 250
0 232125 250
6 232125 250
1 232542 250
3 232542 250
4 232542 250
6 232542 250
0 232959 250
6 232959 250
1 233376 250
2 233376 250
4 233376 250
6 233376 250
0 233793 250
6 233793 250
1 234210 250
2 234210 250
4 234210 250
6 234210 250
0 234628 250
6 234628 250
1 235045 250
2 235045 250
4 235045 250
6 235045 250
0 235462 250
6 235462 250
1 235879 250
2 235879 250
4 235879 250
6 235879 250
0 236296 250
6 236296 250
1 236713 250
2 236713 250
3 236713 250
6 236713 250
1 237130 250
6 237130 250
1 237547 250
2 237547 250
3 237547 250
6 237547 250
1 237965 250
6 237965 250
1 238382 250
2 238382 250
3 238382 250
6 238382 250
1 238792 250
6 238792 250
1 239202 250
2 239202 250
3 239202 250
6 239202 250
1 239612 250
6 239612 250
1 240022 250
3 240022 250
4 240022 250
6 240022 250
0 240432 250
6 240432 250
1 240842 250
3 240842 250
4 240842 250
6 240842 250
0 241253 250
6 241253 250
1 241663 250
3 241663 250
4 241663 250
6 241663 250
0 242073 250
6 242073 250
1 242483 250
3 242483 250
4 242483 250
6 242483 250
0 242893 250
6 242893 250
1 243303 250
3 243303 250
4 243303 250
6 243303 250
0 243716 250
6 243716 250
1 244129 250
3 244129 250
4 244129 250
6 244129 250
0 244542 250
6 244542 250
1 244955 250
3 244955 250
4 244955 250
6 244955 250
0 245368 250
6 245368 250
1 245781 250
3 245781 250
4 245781 250
6 245781 250
0 246194 250
6 246194 250
1 246607 250
2 246607 250
4 246607 250
6 246607 250
0 247026 250
6 247026 250
1 247445 250
2 247445 250
4 247445 250
6 247445 250
0 247864 250
6 247864 250
1 248283 250
2 248283 250
4 248283 250
6 248283 250
0 248702 250
6 248702 250
1 249121 250
2 249121 250
4 249121 250
6 249121 250
0 249540 250
6 249540 250
1 249959 250
2 249959 250
3 249959 250
6 249959 250
1 250376 250
6 250376 250
1 250792 250
2 250792 250
3 250792 250
6 250792 250
1 251208 250
6 251208 250
1 251625 250
2 251625 250
3 251625 250
6 251625 250
1 252041 250
6 252041 250
1 252458 250
2 252458 250
3 252458 250
6 252458 250
1 252874 250
6 252874 250
3 253290 250
4 253290 250
6 253290 250
2 253290 970
3 253489 250
4 253489 250
6 253489 250
3 253688 250
4 253688 250
6 253688 250
3 253887 250
4 253887 250
6 253887 250
3 254085 250
4 254085 250
6 254085 250
3 254284 250
4 254284 250
6 254284 250
3 254483 250
4 254483 250
6 254483 250
3 254682 250
4 254682 250
6 254682 250
3 254880 250
4 254880 250
6 254880 250
3 255079 250
4 255079 250
6 255079 250
3 255278 250
4 255278 250
6 255278 250
3 255477 250
4 255477 250
6 255477 250
3 255676 250
4 255676 250
6 255676 250
3 255874 250
4 255874 250
6 255874 250
3 256073 250
4 256073 250
6 256073 250
3 256471 250
4 256471 250
6 256471 250
0 256879 250
6 256879 250
3 257287 250
4 257287 250
6 257287 250
0 257695 250
6 257695 250
3 258103 250
4 258103 250
6 258103 250
0 258511 250
6 258511 250
3 258919 250
4 258919 250
6 258919 250
0 259327 250
6 259327 250
2 259735 250
4 259735 250
6 259735 250
0 260147 250
6 260147 250
2 260559 250
4 260559 250
6 260559 250
0 260971 250
6 260971 250
2 261177 250
4 261177 250
6 261177 250
2 261796 586
4 261796 586
6 261796 250
0 262620 250
6 262620 250
2 263032 250
3 263032 250
6 263032 250
1 263439 250
6 263439 250
2 263845 250
3 263845 250
6 263845 250
1 264252 250
6 264252 250
2 264659 250
3 264659 250
6 264659 250
2 264862 250
3 264862 250
6 264862 250
1 265066 250
6 265066 250
1 265269 250
6 265269 250
2 265472 250
3 265472 250
6 265472 250
1 265879 250
6 265879 250
3 266286 250
4 266286 250
6 266286 250
3 266483 250
4 266483 250
6 266483 250
3 266681 250
4 266681 250
6 266681 250
3 266879 250
4 266879 250
6 266879 250
3 267274 250
4 267274 250
6 267274 250
3 267472 250
4 267472 250
6 267472 250
3 267867 250
4 267867 250
6 267867 250
3 268262 250
4 268262 250
6 268262 250
3 268658 250
4 268658 250
6 268658 250
3 269053 250
4 269053 250
6 269053 250
3 269448 250
4 269448 250
6 269448 250
2 269448 3274
0 269850 250
6 269850 250
3 270252 250
4 270252 250
6 270252 250
0 270653 250
6 270653 250
3 271055 250
4 271055 250
6 271055 250
0 271457 250
6 271457 250
3 271658 490
4 271658 490
6 271658 250
0 272260 250
6 272260 250
2 272662 250
4 272662 250
6 272662 250
0 273069 250
6 273069 250
2 273476 250
4 273476 250
6 273476 250
0 273882 250
6 273882 250
2 274086 490
4 274086 490
6 274086 250
2 274696 250
4 274696 250
6 274696 250
2 275103 250
4 275103 250
6 275103 250
0 275509 250
6 275509 250
1 275916 250
6 275916 250
1 276325 250
6 276325 250
1 276733 250
6 276733 250
1 277142 250
6 277142 250
1 277550 250
6 277550 250
1 277959 250
6 277959 250
1 278367 250
6 278367 250
1 278776 250
6 278776 250
0 279184 250
6 279184 250
0 279584 250
6 279584 250
0 279984 250
6 279984 250
0 280384 250
6 280384 250
3 280784 490
4 280784 490
6 280784 250
3 281384 490
4 281384 490
6 281384 250
3 281984 250
4 281984 250
6 281984 250
3 282184 250
6 282184 250
3 282790 250
4 282790 250
6 282790 250
3 282993 250
4 282993 250
6 282993 250
3 283196 250
4 283196 250
6 283196 250
3 283399 250
4 283399 250
6 283399 250
3 283602 250
4 283602 250
6 283602 250
3 283805 250
4 283805 250
6 283805 250
3 284008 250
4 284008 250
6 284008 250
3 284211 250
4 284211 250
6 284211 250
3 284414 250
4 284414 250
6 284414 250
3 284617 250
4 284617 250
6 284617 250
3 285024 250
4 285024 250
6 285024 250
3 285227 250
4 285227 250
6 285227 250
2 285633 250
4 285633 250
6 285633 250
2 286039 250
4 286039 250
6 286039 250
2 286445 250
4 286445 250
6 286445 250
2 286648 250
6 286648 250
2 286851 250
4 286851 250
6 286851 250
2 287054 250
4 287054 250
6 287054 250
2 287461 250
4 287461 250
6 287461 250
2 287665 250
4 287665 250
6 287665 250
2 288072 250
4 288072 250
6 288072 250
2 288276 250
6 288276 250
2 288479 250
4 288479 250
6 288479 250
2 288887 250
3 288887 250
6 288887 250
2 289294 490
3 289294 490
6 289294 250
2 289906 250
3 289906 250
6 289906 250
2 290109 250
3 290109 250
6 290109 250
2 290517 250
3 290517 250
6 290517 250
2 290924 250
3 290924 250
6 290924 250
2 291128 250
3 291128 250
6 291128 250
2 291535 250
3 291535 250
6 291535 250
2 291739 250
3 291739 250
6 291739 250
3 292147 250
4 292147 250
6 292147 250
3 292351 250
4 292351 250
6 292351 250
0 292556 250
6 292556 250
3 292965 250
4 292965 250
6 292965 250
0 293170 250
6 293170 250
3 293579 250
4 293579 250
6 293579 250
2 293784 250
3 293784 250
6 293784 250
2 294193 250
4 294193 250
6 294193 250
3 294602 538
4 294602 538
6 294602 250
