1 2000 322
3 2000 322
4 2000 322
6 2000 250
2 2416 322
6 2416 250
1 2833 322
3 2833 322
4 2833 322
6 2833 250
2 3249 298
6 3249 250
1 3562 346
6 3562 250
2 3666 322
3 3666 322
6 3666 250
1 4082 322
6 4082 250
1 4499 322
2 4499 322
3 4499 322
6 4499 250
1 4915 322
6 4915 250
1 5332 322
2 5332 322
4 5332 322
6 5332 250
1 5748 322
6 5748 250
1 6164 322
2 6164 418
4 6164 418
6 6164 250
0 6580 322
6 6580 250
0 6996 322
2 6996 322
3 6996 322
6 6996 250
0 7412 322
6 7412 250
0 7828 322
1 7828 322
3 7828 322
6 7828 250
0 8244 322
6 8244 250
1 8660 322
3 8660 322
4 8660 322
6 8660 250
2 9068 322
6 9068 250
1 9475 322
3 9475 322
4 9475 322
6 9475 250
2 9883 250
6 9883 250
1 10155 354
6 10155 250
2 10290 322
3 10290 322
6 10290 250
1 10698 322
6 10698 250
1 11105 322
2 11105 322
3 11105 322
6 11105 250
1 11513 322
6 11513 250
2 11920 322
4 11920 322
6 11920 250
2 11920 1066
1 12341 322
6 12341 250
2 12761 322
3 12761 418
6 12761 250
1 13182 322
6 13182 250
0 13602 322
2 13602 322
3 13602 322
6 13602 250
2 14023 322
6 14023 250
2 14443 322
6 14443 250
2 14864 322
6 14864 250
1 15284 322
3 15284 322
4 15284 322
6 15284 250
2 15685 322
6 15685 250
1 16086 322
3 16086 322
4 16086 322
6 16086 250
2 16487 298
6 16487 250
1 16788 346
6 16788 250
2 16888 322
3 16888 322
6 16888 250
1 17289 322
6 17289 250
1 17690 322
2 17690 322
3 17690 322
6 17690 250
1 18091 322
6 18091 250
1 18492 322
2 18492 322
4 18492 322
6 18492 250
1 18885 322
6 18885 250
1 19278 322
2 19278 418
4 19278 418
6 19278 250
0 19671 322
6 19671 250
0 20063 322
2 20063 322
3 20063 322
6 20063 250
0 20456 322
6 20456 250
0 20849 322
1 20849 322
3 20849 322
6 20849 250
0 21242 322
6 21242 250
1 21635 322
3 21635 322
4 21635 322
6 21635 250
2 22025 322
6 22025 250
1 22415 322
3 22415 322
4 22415 322
6 22415 250
2 22805 250
6 22805 250
1 23065 354
6 23065 250
2 23195 322
3 23195 322
6 23195 250
1 23585 322
6 23585 250
1 23975 322
2 23975 322
3 23975 322
6 23975 250
1 24365 322
6 24365 250
2 24755 322
4 24755 322
6 24755 250
1 25159 322
6 25159 250
2 25563 322
3 25563 418
6 25563 250
1 25967 322
6 25967 250
0 26371 322
2 26371 322
3 26371 322
6 26371 250
2 26775 322
6 26775 250
2 27179 322
3 27179 322
6 27179 250
2 27583 322
6 27583 250
1 27987 322
3 27987 322
4 27987 322
6 27987 250
2 28388 322
6 28388 250
1 28789 322
3 28789 322
4 28789 322
6 28789 250
2 29190 298
6 29190 250
1 29491 346
6 29491 250
2 29591 322
3 29591 322
6 29591 250
1 29993 322
6 29993 250
1 30394 322
2 30394 322
3 30394 322
6 30394 250
1 30795 322
6 30795 250
1 31196 322
2 31196 322
4 31196 322
6 31196 250
1 31592 322
6 31592 250
1 31988 322
2 31988 418
4 31988 418
6 31988 250
0 32385 322
6 32385 250
0 32781 322
2 32781 322
3 32781 322
6 32781 250
0 33177 322
6 33177 250
0 33574 322
1 33574 322
3 33574 322
6 33574 250
0 33970 322
6 33970 250
1 34366 322
3 34366 322
4 34366 322
6 34366 250
2 34366 1066
2 34766 322
6 34766 250
1 35166 378
3 35166 378
4 35166 378
6 35166 250
1 35832 354
6 35832 250
2 35965 322
3 35965 322
6 35965 250
1 36365 322
6 36365 250
2 36765 322
3 36765 322
6 36765 250
1 37165 322
6 37165 250
2 37565 322
4 37565 322
6 37565 250
1 37968 322
6 37968 250
2 38371 322
3 38371 418
6 38371 250
1 38773 322
6 38773 250
0 39176 322
2 39176 322
3 39176 322
6 39176 250
2 39579 322
6 39579 250
0 39982 322
2 39982 322
3 39982 322
6 39982 250
1 40406 322
6 40406 250
0 40830 322
2 40830 322
4 40830 322
6 40830 250
1 41251 322
6 41251 250
0 41671 322
2 41671 322
4 41671 322
6 41671 250
1 42091 322
6 42091 250
0 42512 322
2 42512 322
3 42512 322
6 42512 250
0 42932 322
6 42932 250
0 43353 322
2 43353 322
3 43353 322
6 43353 250
0 43773 322
6 43773 250
0 44193 322
1 44193 322
3 44193 322
6 44193 250
0 44606 322
6 44606 250
0 45020 322
1 45020 322
3 45020 322
6 45020 250
0 45433 322
6 45433 250
1 45846 322
3 45846 322
4 45846 322
6 45846 250
2 46259 322
6 46259 250
1 46672 322
3 46672 322
4 46672 322
6 46672 250
2 47085 322
6 47085 250
1 47499 322
3 47499 322
4 47499 322
6 47499 250
2 47903 322
6 47903 250
1 48307 322
3 48307 322
4 48307 322
6 48307 250
2 48711 250
6 48711 250
1 48913 250
6 48913 250
1 49115 322
2 49115 322
3 49115 322
6 49115 250
1 49519 322
6 49519 250
1 49923 322
2 49923 322
3 49923 322
6 49923 250
1 50328 322
6 50328 250
2 50732 322
4 50732 322
6 50732 250
1 51148 322
6 51148 250
2 51565 322
3 51565 418
6 51565 250
1 51982 322
6 51982 250
0 52399 322
2 52399 322
3 52399 322
6 52399 250
2 52815 322
6 52815 250
2 53232 322
6 53232 250
2 53649 322
6 53649 250
1 54066 322
3 54066 322
4 54066 322
6 54066 250
2 54470 322
6 54470 250
1 54874 322
3 54874 322
4 54874 322
6 54874 250
2 55278 250
6 55278 250
1 55480 250
6 55480 250
1 55682 322
2 55682 322
3 55682 322
6 55682 250
1 56087 322
6 56087 250
1 56491 322
2 56491 322
3 56491 322
6 56491 250
1 56895 322
6 56895 250
1 57299 322
2 57299 322
4 57299 322
6 57299 250
1 57704 322
6 57704 250
1 58110 322
2 58110 418
4 58110 418
6 58110 250
0 58515 322
6 58515 250
0 58921 322
2 58921 322
3 58921 322
6 58921 250
0 59326 322
6 59326 250
0 59732 322
1 59732 322
3 59732 322
6 59732 250
0 60137 322
6 60137 250
1 60543 322
3 60543 322
4 60543 322
6 60543 250
2 60543 1066
2 60951 322
6 60951 250
1 61359 322
3 61359 322
4 61359 322
6 61359 250
2 61767 250
6 61767 250
1 62039 354
6 62039 250
2 62175 322
3 62175 322
6 62175 250
1 62583 322
6 62583 250
1 62991 322
2 62991 322
3 62991 322
6 62991 250
1 63399 322
6 63399 250
2 63807 322
4 63807 322
6 63807 250
1 64222 322
6 64222 250
2 64636 322
3 64636 418
6 64636 250
1 65050 322
6 65050 250
0 65465 322
2 65465 322
3 65465 322
6 65465 250
2 65879 322
6 65879 250
2 66293 322
3 66293 322
6 66293 250
2 66707 322
6 66707 250
1 67122 322
3 67122 322
4 67122 322
6 67122 250
2 67540 322
6 67540 250
1 67959 322
3 67959 322
4 67959 322
6 67959 250
2 68377 298
6 68377 250
1 68691 346
6 68691 250
2 68796 322
3 68796 322
6 68796 250
1 69214 322
6 69214 250
1 69633 322
2 69633 322
3 69633 322
6 69633 250
1 70051 322
6 70051 250
1 70470 322
2 70470 322
4 70470 322
6 70470 250
1 70887 322
6 70887 250
1 71304 322
2 71304 418
4 71304 418
6 71304 250
0 71721 322
6 71721 250
0 72138 322
2 72138 322
3 72138 322
6 72138 250
0 72555 322
6 72555 250
0 72971 322
1 72971 322
3 72971 322
6 72971 250
0 73388 322
6 73388 250
1 73805 322
3 73805 322
4 73805 322
6 73805 250
2 74230 322
6 74230 250
1 74654 378
3 74654 378
4 74654 378
6 74654 250
1 75362 354
6 75362 250
2 75503 322
3 75503 322
6 75503 250
1 75928 322
6 75928 250
2 76352 322
3 76352 322
6 76352 250
1 76777 322
6 76777 250
2 77201 322
4 77201 322
6 77201 250
0 77627 322
6 77627 250
2 78052 322
3 78052 418
6 78052 250
1 78477 322
6 78477 250
0 78903 322
2 78903 322
3 78903 322
6 78903 250
2 79328 322
6 79328 250
0 79754 322
2 79754 322
3 79754 322
6 79754 250
1 80179 322
6 80179 250
0 80604 322
2 80604 322
4 80604 322
6 80604 250
1 81033 322
6 81033 250
0 81462 322
2 81462 322
4 81462 322
6 81462 250
1 81890 322
6 81890 250
0 82319 322
2 82319 322
3 82319 322
6 82319 250
0 82748 322
6 82748 250
0 83176 322
2 83176 322
3 83176 322
6 83176 250
0 83605 322
6 83605 250
0 84034 322
1 84034 322
3 84034 322
6 84034 250
2 84034 970
0 84453 322
6 84453 250
0 84872 322
1 84872 322
3 84872 322
6 84872 250
0 85292 322
6 85292 250
1 85711 322
3 85711 322
4 85711 322
6 85711 250
2 86130 322
6 86130 250
1 86549 322
3 86549 322
4 86549 322
6 86549 250
2 86969 322
6 86969 250
1 87388 322
3 87388 322
4 87388 322
6 87388 250
2 87802 322
6 87802 250
1 88217 322
3 88217 322
4 88217 322
6 88217 250
2 88631 322
6 88631 250
1 89046 322
2 89046 322
3 89046 322
6 89046 250
1 89460 322
6 89460 250
1 89875 322
2 89875 322
3 89875 322
6 89875 250
1 90289 322
6 90289 250
2 90704 322
4 90704 322
6 90704 250
1 91117 322
6 91117 250
2 91530 322
3 91530 418
6 91530 250
1 91943 322
6 91943 250
0 92356 418
2 92356 418
3 92356 418
6 92356 250
2 93183 322
6 93183 250
1 93596 322
6 93596 250
2 94009 610
4 94009 1378
6 94009 250
1 95700 994
6 95700 250
0 99068 538
2 99068 538
6 99068 250
2 100744 610
4 100744 610
6 100744 250
1 102399 610
4 102399 610
6 102399 250
1 104053 610
3 104053 610
6 104053 250
0 105748 610
2 105748 610
6 105748 250
3 107444 418
4 107444 418
6 107444 250
2 107444 1450
2 108304 250
4 108304 250
6 108304 250
1 108734 250
4 108734 250
6 108734 250
2 109164 418
3 109164 418
6 109164 250
1 110024 250
3 110024 250
6 110024 250
0 110454 250
3 110454 250
6 110454 250
1 110884 418
2 110884 418
6 110884 250
0 111777 418
2 111777 418
6 111777 250
0 112670 610
1 112670 610
6 112670 250
4 114456 418
6 114456 250
3 115322 250
6 115322 250
1 115538 250
6 115538 250
2 115755 250
6 115755 250
1 115971 250
6 115971 250
3 116188 418
6 116188 250
2 117054 250
6 117054 250
0 117270 250
6 117270 250
1 117487 514
6 117487 250
0 117920 418
6 117920 250
0 118798 418
3 118798 418
6 118798 250
1 119676 322
2 119676 322
6 119676 250
4 120115 250
6 120115 250
3 120334 250
6 120334 250
2 120444 250
6 120444 250
1 120554 250
6 120554 250
0 120773 250
6 120773 250
0 120993 250
1 121212 250
2 121432 322
5 121432 250
2 121863 322
4 122294 250
3 122509 250
2 122725 322
5 122725 250
3 123156 322
3 123587 322
0 124018 250
1 124233 250
2 124449 250
5 124449 250
3 124664 250
2 124880 322
3 125312 322
4 125744 250
3 125960 250
2 126177 250
5 126177 250
1 126393 250
0 126609 610
5 126609 250
0 128338 250
1 128409 250
2 128552 250
5 128552 250
2 128766 322
2 129194 322
1 129621 250
2 129693 250
3 129835 250
5 129835 250
2 130049 250
3 130263 250
5 130263 250
4 130477 250
5 130477 250
3 130691 250
2 130905 250
5 130905 250
1 131119 250
0 131332 322
5 131332 250
4 131760 250
2 131760 730
3 131978 250
2 132196 250
5 132196 250
1 132414 322
5 132414 250
3 132849 250
2 133067 322
1 133503 514
0 134810 250
1 135028 250
3 135246 250
5 135246 250
2 135680 322
2 136114 250
3 136186 250
2 136548 250
3 136765 250
5 136765 250
4 136837 250
3 137199 250
2 137416 250
5 137416 250
3 137633 250
1 137850 322
5 137850 250
0 138284 250
1 138501 250
2 138718 322
5 138718 250
3 139150 250
4 139582 250
3 139798 250
2 140014 250
5 140014 250
1 140230 250
0 140446 466
5 140446 250
0 141526 250
1 141742 250
2 141958 250
5 141958 250
3 142174 322
4 142603 322
3 143033 250
2 143248 250
1 143462 250
5 143462 250
3 143892 250
4 143964 250
3 144322 250
2 144751 322
3 145181 250
2 145395 322
5 145395 250
1 145827 250
4 146044 250
5 146044 250
3 146261 250
2 146478 250
5 146478 250
1 146695 250
0 146912 250
5 146912 250
0 147346 538
2 149082 610
4 149082 610
6 149082 250
2 149082 1450
1 150870 610
4 150870 610
6 150870 250
1 152657 610
3 152657 610
6 152657 250
0 154438 610
2 154438 610
6 154438 250
2 156220 610
4 156220 610
6 156220 250
1 157981 610
4 157981 610
6 157981 250
1 159743 610
3 159743 610
6 159743 250
0 161545 610
2 161545 610
6 161545 250
1 163346 322
3 163346 322
4 163346 322
6 163346 250
2 163786 322
6 163786 250
1 164226 322
3 164226 322
4 164226 322
6 164226 250
2 164666 322
6 164666 250
1 165105 322
2 165105 322
3 165105 322
6 165105 250
1 165545 322
6 165545 250
1 165985 322
2 165985 322
3 165985 322
6 165985 250
1 166425 322
6 166425 250
1 166865 322
2 166865 322
4 166865 322
6 166865 250
1 167301 322
6 167301 250
1 167738 322
2 167738 418
4 167738 418
6 167738 250
0 168175 322
6 168175 250
0 168612 322
2 168612 322
3 168612 322
6 168612 250
0 169049 322
6 169049 250
0 169486 322
1 169486 322
3 169486 322
6 169486 250
0 169922 322
6 169922 250
1 170359 322
3 170359 322
4 170359 322
6 170359 250
2 170791 322
6 170791 250
1 171223 322
3 171223 322
4 171223 322
6 171223 250
2 171655 250
6 171655 250
1 171943 354
6 171943 250
2 172087 322
3 172087 322
6 172087 250
1 172519 322
6 172519 250
1 172950 322
2 172950 322
3 172950 322
6 172950 250
1 173382 322
6 173382 250
2 173814 322
4 173814 322
6 173814 250
1 174253 322
6 174253 250
2 174692 322
3 174692 418
6 174692 250
1 175131 322
6 175131 250
2 175570 322
3 175570 250
2 175570 682
4 175680 298
2 176009 322
3 176009 322
2 176448 250
1 176667 250
0 176887 250
5 176887 250
1 177106 250
0 177326 610
5 177326 250
1 179073 322
2 179073 322
3 179073 322
6 179073 250
1 179510 322
6 179510 250
1 179947 322
2 179947 322
3 179947 322
6 179947 250
1 180384 322
6 180384 250
0 180821 322
3 180821 322
4 180821 322
6 180821 250
1 181259 322
6 181259 250
1 181698 322
2 181698 418
4 181698 418
6 181698 250
0 182137 322
6 182137 250
0 182575 322
2 182575 322
3 182575 322
6 182575 250
0 183014 322
6 183014 250
0 183452 322
1 183452 322
3 183452 322
6 183452 250
0 183891 322
6 183891 250
1 184330 322
3 184330 322
4 184330 322
6 184330 250
2 184756 322
6 184756 250
1 185183 322
3 185183 322
4 185183 322
6 185183 250
2 185610 314
6 185610 250
1 186036 322
2 186036 322
3 186036 322
6 186036 250
1 186463 322
6 186463 250
1 186890 322
2 186890 322
3 186890 322
6 186890 250
1 187316 322
6 187316 250
2 187743 322
4 187743 322
6 187743 250
1 188173 322
6 188173 250
2 188603 322
3 188603 418
6 188603 250
1 189032 322
6 189032 250
0 189462 322
2 189462 322
3 189462 322
6 189462 250
2 189892 322
6 189892 250
3 190322 250
6 190322 250
1 190537 250
6 190537 250
1 190751 322
6 190751 250
2 191181 562
4 191181 562
6 191181 250
1 192714 322
2 192714 250
3 192933 250
4 193153 250
5 193153 250
3 193372 322
5 193372 250
1 193810 322
3 193810 322
2 194248 250
1 194467 250
2 194686 514
1 196004 322
3 196004 322
2 196443 250
1 196663 250
0 196882 250
5 196882 250
1 197102 250
0 197322 322
5 197322 250
1 197761 250
2 197981 250
0 198200 634
5 198200 250
3 200376 250
2 200376 970
4 200449 250
3 200811 250
2 201029 250
3 201246 250
2 201682 394
0 202547 250
1 202764 250
2 202980 250
5 202980 250
2 203413 394
0 204495 250
1 204711 250
2 204928 250
5 204928 250
0 205144 250
5 205144 250
1 205254 298
2 205584 322
0 206023 322
2 206463 322
0 206902 250
1 207049 250
1 207342 250
2 207561 250
5 207561 250
3 207781 322
4 208001 250
5 208001 250
3 208221 250
5 208221 250
2 208440 250
0 208660 322
5 208660 250
2 209094 250
0 209312 250
5 209312 250
1 209529 250
5 209529 250
2 209601 250
3 209746 322
5 209746 250
3 210180 250
3 210397 370
4 211700 250
3 211918 250
2 212135 418
5 212135 250
1 213024 250
2 213246 346
3 213912 322
2 214357 250
5 214357 250
1 214579 322
0 215023 250
1 215246 250
5 215246 250
2 215394 250
1 215690 418
5 215690 250
0 216581 250
1 216803 250
2 217026 250
5 217026 250
2 217471 442
3 219253 418
4 219253 418
6 219253 250
2 220167 250
4 220167 250
6 220167 250
1 220625 250
4 220625 250
6 220625 250
2 221082 418
3 221082 418
6 221082 250
1 221997 250
3 221997 250
6 221997 250
0 222454 250
3 222454 250
6 222454 250
1 222912 418
2 222912 418
6 222912 250
0 223915 418
2 223915 418
6 223915 250
0 225016 1018
1 225016 1018
6 225016 250
