0 2243 250
1 2660 250
2 3076 250
1 3493 250
0 3910 250
1 4326 250
2 4743 250
1 5160 250
0 5576 250
1 5993 250
3 6410 250
1 6826 250
0 7243 250
1 7660 250
3 8076 250
1 8493 250
0 8910 250
2 8910 1738
2 9326 250
3 9743 250
2 10160 250
0 10576 250
2 10993 250
3 11410 250
2 11821 250
2 12232 250
3 12232 250
2 12645 250
3 12645 250
2 13059 250
3 13059 250
1 13270 250
2 13270 250
1 13482 250
2 13482 250
2 13904 250
3 13904 250
2 14315 250
3 14315 250
2 14726 250
3 14726 250
1 14932 250
2 14932 250
1 15137 250
2 15137 250
2 15548 414
3 15548 414
2 15962 414
3 15962 414
2 16376 414
3 16376 414
2 16789 414
3 16789 414
2 17203 414
3 17203 414
2 17620 414
3 17620 414
2 18037 414
3 18037 414
2 18453 414
3 18453 414
1 18870 415
2 18870 415
1 19289 415
2 19289 415
1 19709 415
2 19709 415
1 20129 413
2 20129 413
1 20529 414
2 20529 414
1 20945 414
2 20945 414
1 21362 414
2 21362 414
1 21779 414
2 21779 414
0 22195 414
1 22195 414
2 22195 1690
0 22612 414
1 22612 414
0 23029 414
1 23029 414
0 23445 414
1 23445 414
0 23862 414
1 23862 414
0 24279 414
1 24279 414
0 24695 414
1 24695 414
0 25112 394
1 25112 394
1 25529 414
3 25529 414
1 25945 414
3 25945 414
1 26362 414
3 26362 414
1 26779 414
3 26779 414
1 27195 414
3 27195 414
1 27606 414
3 27606 414
1 28017 414
3 28017 414
1 28428 414
3 28428 414
2 28839 414
3 28839 414
2 29253 414
3 29253 414
2 29667 414
3 29667 414
2 30081 414
3 30081 414
2 30494 414
3 30494 414
2 30911 414
3 30911 414
2 31328 414
3 31328 414
2 31744 414
3 31744 414
1 32161 414
2 32161 414
1 32578 414
2 32578 414
1 32994 414
2 32994 414
1 33411 414
2 33411 414
1 33828 414
2 33828 414
1 34241 414
2 34241 414
1 34655 414
2 34655 414
1 35069 414
2 35069 414
0 35483 414
2 35483 414
2 35483 1738
0 35899 414
2 35899 414
0 36316 414
2 36316 414
0 36733 414
2 36733 414
0 37149 414
2 37149 414
0 37566 414
2 37566 414
0 37983 414
2 37983 414
0 38399 414
2 38399 414
0 38816 415
1 38816 415
0 39236 415
1 39236 415
0 39655 415
1 39655 415
0 40075 415
1 40075 415
0 40494 414
1 40494 414
0 40908 414
1 40908 414
0 41322 538
1 41322 538
0 42150 606
1 42150 606
0 42983 606
1 42983 606
0 43818 607
1 43818 607
0 44657 250
1 44657 250
0 45077 250
1 45077 250
2 45496 607
3 45496 607
2 46335 607
3 46335 607
2 47174 607
3 47174 607
1 48014 250
2 48014 250
1 48433 250
2 48433 250
2 48853 415
2 48853 1594
3 49272 415
2 49692 607
1 50531 414
2 50948 414
1 51364 606
0 52198 415
1 52617 415
0 53037 607
3 53876 414
2 54293 414
1 54709 606
0 55543 991
0 57233 607
1 57233 607
0 58072 250
1 58072 250
0 58492 250
1 58492 250
2 58911 606
3 58911 606
2 59745 606
3 59745 606
2 60578 607
3 60578 607
1 61423 250
2 61423 250
1 61845 250
2 61845 250
2 62268 415
3 62688 415
2 63107 607
1 63946 414
2 64363 414
1 64780 606
0 65613 415
1 66033 415
0 66452 607
3 67291 414
2 67705 414
1 68119 606
0 68946 962
0 70613 591
1 70613 591
0 71446 250
1 71446 250
2 72268 414
3 72268 414
2 72268 1690
2 72677 414
3 72677 414
2 73085 414
3 73085 414
2 73493 414
3 73493 414
2 73901 415
3 73901 415
2 74321 415
3 74321 415
2 74740 415
3 74740 415
2 75160 415
3 75160 415
1 75579 414
2 75579 414
1 75996 414
2 75996 414
1 76413 414
2 76413 414
1 76829 414
2 76829 414
1 77246 414
2 77246 414
1 77660 414
2 77660 414
1 78074 414
2 78074 414
1 78487 414
2 78487 414
0 78901 414
1 78901 414
0 79318 414
1 79318 414
0 79735 414
1 79735 414
0 80151 414
1 80151 414
0 80568 414
1 80568 414
0 80985 414
1 80985 414
0 81401 414
1 81401 414
0 81818 414
1 81818 414
1 82235 414
3 82235 414
1 82651 414
3 82651 414
1 83068 414
3 83068 414
1 83485 414
3 83485 414
1 83901 414
3 83901 414
1 84312 414
3 84312 414
1 84723 414
3 84723 414
1 85134 414
3 85134 414
2 85545 415
3 85545 415
2 85545 1690
2 85965 415
3 85965 415
2 86384 415
3 86384 415
2 86804 415
3 86804 415
2 87223 414
3 87223 414
2 87637 414
3 87637 414
2 88051 414
3 88051 414
2 88465 414
3 88465 414
1 88879 414
2 88879 414
1 89295 414
2 89295 414
1 89712 414
2 89712 414
1 90129 414
2 90129 414
1 90545 414
2 90545 414
1 90962 414
2 90962 414
1 91379 414
2 91379 414
1 91795 414
2 91795 414
0 92212 414
2 92212 414
0 92629 414
2 92629 414
0 93045 414
2 93045 414
0 93459 414
2 93459 414
0 93873 414
2 93873 414
0 94289 414
2 94289 414
0 94706 414
2 94706 414
0 95120 414
2 95120 414
0 95534 415
1 95534 415
0 95953 415
1 95953 415
0 96373 415
1 96373 415
0 96792 415
1 96792 415
0 97212 415
1 97212 415
0 97632 415
1 97632 415
0 98051 538
1 98051 538
0 98885 606
1 98885 606
2 98885 1114
0 99718 606
1 99718 606
0 100551 607
1 100551 607
0 101390 250
1 101390 250
0 101810 250
1 101810 250
2 102230 606
3 102230 606
2 103063 606
3 103063 606
2 103896 607
3 103896 607
1 104735 250
2 104735 250
1 105155 250
2 105155 250
2 105574 415
3 105994 415
2 106414 607
1 107253 415
2 107672 415
1 108092 607
0 108931 415
1 109351 415
0 109770 607
3 110609 414
2 111023 414
1 111437 606
0 112265 991
0 113955 607
1 113955 607
0 114794 250
1 114794 250
0 115214 250
1 115214 250
2 115633 607
3 115633 607
2 116472 607
3 116472 607
2 117311 606
3 117311 606
1 118145 250
2 118145 250
1 118561 250
2 118561 250
2 118978 414
2 118978 1738
3 119395 414
2 119811 606
1 120645 414
2 121061 414
1 121478 606
0 122311 415
1 122734 415
0 123156 607
3 124002 414
2 124415 414
1 124829 606
0 125657 250
2 126076 250
3 126496 250
2 126915 250
0 127335 250
2 127755 250
3 128174 250
2 128594 250
1 129013 250
2 129430 250
3 129847 250
2 130263 250
1 130680 250
2 131097 250
3 131513 250
2 131930 250
0 132347 250
2 132763 250
3 133180 250
2 133597 250
0 134013 250
2 134013 1690
2 134430 250
3 134847 250
2 135263 250
0 135680 250
1 136094 250
2 136508 250
1 136921 250
0 137335 250
1 137749 250
2 138163 250
1 138577 250
0 138990 250
2 139407 250
3 139824 250
2 140240 250
0 140657 250
2 141074 250
3 141490 250
2 141907 250
1 142324 250
2 142740 250
3 143157 250
2 143574 250
1 143990 250
2 144407 250
3 144824 250
2 145240 250
0 145657 250
2 146074 250
3 146490 250
2 146907 250
0 147324 250
2 147738 250
3 148151 250
2 148565 250
0 148979 250
1 149396 250
2 149812 250
1 150229 250
0 150646 250
1 151062 250
2 151479 250
1 151896 250
2 152104 1594
2 152312 607
3 152312 607
2 153151 607
3 153151 607
2 153991 606
3 153991 606
2 154824 250
3 154824 250
2 155241 250
0 155657 606
1 155657 606
0 156485 580
1 156485 580
0 157312 538
2 158146 538
0 158979 572
1 158979 572
1 159807 586
2 159807 586
2 160634 584
3 160634 584
2 161462 414
3 161462 414
3 161876 414
0 162289 581
0 163123 250
0 163539 250
1 163956 584
1 164795 250
1 165215 250
2 165634 581
2 166456 250
2 166867 250
3 167278 414
3 167692 414
3 168106 414
3 168520 414
0 168933 606
1 168933 606
2 168933 1114
0 169761 414
1 169761 414
0 170175 250
0 170589 250
0 171005 250
0 171422 414
1 171422 414
0 171839 414
1 171839 414
2 172255 607
3 172255 607
2 173100 415
3 173100 415
2 173523 250
2 173945 250
2 174365 250
1 174785 250
2 174785 250
1 175204 250
2 175204 250
2 175624 414
3 176040 414
2 176457 606
1 177290 415
2 177710 415
1 178130 607
0 178969 415
1 179388 415
0 179808 607
3 180647 415
2 181067 415
1 181486 607
0 182325 991
2 182325 1306
0 184004 607
1 184004 607
0 184843 250
1 184843 250
0 185262 250
1 185262 250
2 185472 250
3 185472 250
2 185682 510
3 185682 510
2 186307 250
3 186307 250
2 186515 510
3 186515 510
2 187140 250
3 187140 250
2 187349 607
3 187349 607
1 188188 250
2 188188 250
1 188607 250
2 188607 250
2 189027 415
3 189449 415
2 189872 607
1 190717 414
2 191134 414
1 191550 606
0 192384 414
1 192800 414
0 193217 606
3 194050 415
2 194470 415
1 194890 607
2 195729 414
3 195729 414
2 196145 414
3 196145 414
2 196562 250
2 196979 250
1 197395 415
2 197395 415
1 197815 415
2 197815 415
1 198235 250
1 198654 250
0 199074 607
1 199074 607
0 199919 415
1 199919 415
0 200341 250
1 200341 250
1 200764 606
2 200764 606
1 201597 414
2 201597 414
1 202014 250
2 202014 250
0 202431 511
1 202431 511
0 203060 250
1 203060 250
0 203689 511
1 203689 511
0 204319 511
1 204319 511
0 204948 250
1 204948 250
0 205158 250
1 205158 250
