0 2095 250
1 2095 250
0 2347 250
1 2347 250
0 2598 250
1 2598 250
0 2843 250
1 2843 250
0 3089 250
1 3089 250
0 3341 250
1 3341 250
0 3593 250
1 3593 250
0 3835 250
1 3835 250
0 4076 250
1 4076 250
0 4321 250
1 4321 250
0 4566 250
1 4566 250
0 4813 250
1 4813 250
0 5060 250
1 5060 250
0 5303 250
1 5303 250
0 5547 250
2 5547 250
0 5794 250
2 5794 250
1 6041 250
2 6041 250
1 6289 250
2 6289 250
1 6537 250
2 6537 250
1 6785 250
2 6785 250
1 7033 250
2 7033 250
1 7282 250
2 7282 250
1 7530 250
2 7530 250
1 7778 250
2 7778 250
1 8026 250
2 8026 250
1 8273 250
2 8273 250
1 8521 250
2 8521 250
1 8768 250
2 8768 250
1 9016 250
2 9016 250
1 9263 250
2 9263 250
1 9510 250
2 9510 250
1 9758 250
2 9758 250
0 10005 250
1 10005 250
2 10005 1738
0 10253 250
1 10253 250
0 10500 250
1 10500 250
0 10747 250
1 10747 250
0 10994 250
1 10994 250
0 11241 250
1 11241 250
0 11489 250
1 11489 250
0 11736 250
1 11736 250
0 11983 250
1 11983 250
0 12232 250
1 12232 250
0 12482 250
1 12482 250
0 12731 250
1 12731 250
0 12980 250
1 12980 250
0 13230 250
1 13230 250
0 13479 250
2 13479 250
0 13728 250
2 13728 250
1 13977 250
2 13977 250
1 14225 250
2 14225 250
1 14472 250
2 14472 250
1 14719 250
2 14719 250
1 14966 250
2 14966 250
1 15213 250
2 15213 250
1 15460 250
2 15460 250
1 15707 250
2 15707 250
1 15954 250
2 15954 250
1 16198 250
2 16198 250
1 16441 250
2 16441 250
1 16685 250
2 16685 250
1 16929 250
3 16929 250
1 17172 250
3 17172 250
2 17416 250
3 17416 250
2 17660 250
3 17660 250
3 17903 418
4 18159 250
3 18415 418
4 18669 250
3 18923 417
4 19169 250
3 19415 417
4 19670 250
2 19925 417
4 20166 250
2 20407 250
3 20652 417
1 20897 250
3 21141 417
1 21406 250
3 21651 250
3 21897 417
4 22140 250
3 22382 417
4 22628 250
3 22873 417
4 23122 250
3 23370 417
4 23621 250
2 23871 417
4 24118 250
2 24365 250
3 24606 417
1 24847 250
3 25100 417
1 25354 250
3 25607 250
3 25860 417
4 26109 250
3 26357 417
4 26598 250
3 26840 417
4 27089 250
3 27338 417
4 27582 250
2 27827 250
3 27827 250
2 28072 250
3 28072 250
2 28317 250
3 28317 250
2 28568 250
3 28568 250
2 28820 250
3 28820 250
2 29068 250
3 29068 250
2 29317 250
3 29317 250
2 29558 250
3 29558 250
1 29800 250
2 29800 250
2 29800 1738
1 30047 250
2 30047 250
1 30294 250
2 30294 250
1 30541 250
2 30541 250
1 30788 250
2 30788 250
1 31035 250
2 31035 250
1 31281 250
2 31281 250
1 31528 250
2 31528 250
2 31775 250
4 31775 250
2 32027 250
4 32027 250
2 32278 250
4 32278 250
2 32529 250
4 32529 250
3 32781 250
4 32781 250
3 33027 250
4 33027 250
3 33273 250
4 33273 250
3 33519 250
4 33519 250
1 33765 250
2 33765 250
1 34012 250
2 34012 250
1 34259 250
2 34259 250
1 34505 250
2 34505 250
1 34752 250
2 34752 250
1 35002 250
2 35002 250
1 35251 250
2 35251 250
1 35500 250
2 35500 250
2 35750 250
4 35750 250
2 35998 250
4 35998 250
2 36246 250
4 36246 250
2 36494 250
4 36494 250
3 36742 250
4 36742 250
3 36990 250
4 36990 250
3 37237 250
4 37237 250
3 37485 250
4 37485 250
0 37732 250
2 37732 250
0 37980 250
2 37980 250
0 38228 250
2 38228 250
0 38475 250
2 38475 250
0 38723 250
2 38723 250
0 38971 250
2 38971 250
0 39218 250
2 39218 250
0 39466 250
2 39466 250
2 39714 250
4 39714 250
2 39961 250
4 39961 250
3 40208 250
4 40208 250
3 40455 250
4 40455 250
1 40702 250
2 40702 250
1 40952 250
2 40952 250
1 41201 250
2 41201 250
1 41450 250
2 41450 250
1 41700 250
2 41700 250
1 41947 250
2 41947 250
2 42194 250
4 42194 250
2 42442 250
4 42442 250
3 42689 250
4 42689 250
3 42935 250
4 42935 250
3 43182 250
4 43182 250
3 43428 250
4 43428 250
1 43675 250
2 43675 250
1 43925 250
2 43925 250
1 44175 250
2 44175 250
0 44424 250
1 44424 250
0 44549 250
1 44549 250
1 44674 250
2 44674 250
1 44801 250
2 44801 250
1 44929 250
2 44929 250
1 45183 250
2 45183 250
1 45428 250
2 45428 250
1 45673 250
2 45920 250
1 46167 250
3 46417 250
4 46542 465
3 47158 417
2 47657 250
1 47898 250
0 48140 250
1 48384 442
1 49117 250
1 49364 250
1 49610 250
2 49610 1738
2 49856 250
1 50101 250
3 50347 250
4 50470 465
3 51095 417
2 51603 369
1 51969 250
0 52092 801
0 53598 250
1 53598 250
0 53845 250
1 53845 250
0 54091 250
1 54091 250
0 54337 250
1 54337 250
0 54584 250
1 54584 250
0 54819 250
1 54819 250
0 55055 250
1 55055 250
0 55306 250
1 55306 250
0 55558 250
1 55558 250
0 55804 250
1 55804 250
0 56049 250
1 56049 250
0 56296 250
1 56296 250
0 56543 250
1 56543 250
0 56789 250
1 56789 250
0 57036 250
2 57036 250
0 57279 250
2 57279 250
1 57523 250
2 57523 250
1 57781 250
2 57781 250
1 58039 250
2 58039 250
1 58293 250
2 58293 250
1 58548 250
2 58548 250
1 58793 250
2 58793 250
1 59038 250
2 59038 250
1 59287 250
2 59287 250
1 59537 250
2 59537 250
1 59781 250
2 59781 250
1 60025 250
2 60025 250
1 60277 250
2 60277 250
1 60529 250
2 60529 250
1 60770 250
2 60770 250
1 61011 250
2 61011 250
1 61262 250
2 61262 250
0 61513 250
1 61513 250
0 61758 250
1 61758 250
0 62003 250
1 62003 250
0 62257 250
1 62257 250
0 62511 250
1 62511 250
0 62754 250
1 62754 250
0 62998 250
1 62998 250
0 63252 250
1 63252 250
0 63506 250
1 63506 250
0 63748 250
1 63748 250
0 63990 250
1 63990 250
0 64236 250
1 64236 250
0 64481 250
1 64481 250
0 64724 250
1 64724 250
0 64966 250
2 64966 250
0 65216 250
2 65216 250
1 65466 250
2 65466 250
1 65709 250
2 65709 250
1 65953 250
2 65953 250
1 66208 250
2 66208 250
1 66464 250
2 66464 250
1 66712 250
2 66712 250
1 66961 250
2 66961 250
1 67207 250
2 67207 250
1 67454 250
2 67454 250
1 67698 250
2 67698 250
1 67942 250
2 67942 250
1 68187 250
2 68187 250
1 68433 250
2 68433 250
1 68675 250
2 68675 250
1 68917 250
2 68917 250
1 69169 250
2 69169 250
3 69420 416
2 69420 1738
4 69676 250
3 69933 416
4 70184 250
3 70436 416
4 70680 250
3 70924 417
4 71173 250
2 71423 416
4 71665 250
2 71907 250
3 72153 416
1 72400 250
3 72646 416
1 72896 250
3 73146 250
3 73396 416
4 73644 250
3 73893 416
4 74143 250
3 74392 416
4 74634 250
3 74876 417
4 75128 250
2 75379 416
4 75621 250
2 75863 250
3 76111 416
1 76359 250
3 76607 416
1 76855 250
3 77105 250
3 77354 416
4 77604 250
3 77854 416
4 78103 250
3 78346 416
4 78590 250
3 78833 416
4 79084 250
2 79335 250
3 79335 250
2 79582 250
3 79582 250
2 79828 250
3 79828 250
2 80075 250
3 80075 250
2 80321 250
3 80321 250
2 80568 250
3 80568 250
2 80814 250
3 80814 250
2 81061 250
3 81061 250
1 81307 250
2 81307 250
1 81555 250
2 81555 250
1 81804 250
2 81804 250
1 82052 250
2 82052 250
1 82300 250
2 82300 250
1 82548 250
2 82548 250
1 82797 250
2 82797 250
1 83045 250
2 83045 250
2 83293 250
4 83293 250
2 83539 250
4 83539 250
2 83786 250
4 83786 250
2 84032 250
4 84032 250
3 84278 250
4 84278 250
3 84525 250
4 84525 250
3 84771 250
4 84771 250
3 85017 250
4 85017 250
1 85264 250
2 85264 250
1 85513 250
2 85513 250
1 85762 250
2 85762 250
1 86012 250
2 86012 250
1 86261 250
2 86261 250
1 86511 250
2 86511 250
1 86760 250
2 86760 250
1 87009 250
2 87009 250
2 87259 250
4 87259 250
2 87506 250
4 87506 250
2 87753 250
4 87753 250
2 88000 250
4 88000 250
3 88247 250
4 88247 250
3 88494 250
4 88494 250
3 88741 250
4 88741 250
3 88989 250
4 88989 250
0 89236 250
2 89236 250
2 89236 1738
0 89485 250
2 89485 250
0 89734 250
2 89734 250
0 89983 250
2 89983 250
0 90232 250
2 90232 250
0 90481 250
2 90481 250
0 90731 250
2 90731 250
0 90980 250
2 90980 250
2 91229 250
4 91229 250
2 91475 250
4 91475 250
3 91722 250
4 91722 250
3 91969 250
4 91969 250
1 92215 250
2 92215 250
1 92461 250
2 92461 250
1 92707 250
2 92707 250
1 92953 250
2 92953 250
1 93199 250
2 93199 250
1 93449 250
2 93449 250
2 93698 250
4 93698 250
2 93948 250
4 93948 250
3 94197 250
4 94197 250
3 94443 250
4 94443 250
3 94690 250
4 94690 250
3 94936 250
4 94936 250
1 95182 250
2 95182 250
1 95420 250
2 95420 250
1 95658 250
2 95658 250
0 95903 250
1 95903 250
0 96026 250
1 96026 250
1 96149 250
2 96149 250
1 96279 250
2 96279 250
1 96410 250
2 96410 250
1 96671 250
2 96671 250
1 96920 250
2 96920 250
1 97169 250
2 97169 250
1 97416 250
2 97416 250
2 97664 250
4 97664 250
2 97912 250
4 97912 250
3 98160 250
4 98160 250
3 98406 250
4 98406 250
3 98652 250
4 98652 250
3 98897 250
4 98897 250
1 99143 250
2 99143 250
1 99393 250
2 99393 250
1 99643 250
2 99643 250
0 99888 250
1 99888 250
0 100010 250
1 100010 250
1 100132 250
2 100132 250
1 100253 250
2 100253 250
1 100374 250
2 100374 250
1 100617 250
2 100617 250
1 101123 250
2 101123 250
1 101372 250
2 101372 250
1 101621 250
2 101621 250
0 101870 250
1 101870 250
0 102119 250
2 102119 250
0 102366 250
1 102366 250
0 102614 250
2 102614 250
3 102862 250
4 103105 250
0 103347 250
2 103347 250
1 103590 250
2 103590 250
1 103840 250
3 103840 250
2 104090 250
3 104090 250
1 104339 250
3 104339 250
2 104589 250
2 104710 250
0 104831 250
5 104831 250
1 105074 250
2 105074 250
1 105319 250
2 105319 250
1 105564 250
2 105564 250
0 105809 250
1 105809 250
0 106054 250
2 106054 250
0 106299 250
1 106299 250
0 106544 250
2 106544 250
4 106788 250
4 107033 250
0 107287 250
2 107287 250
1 107540 250
2 107540 250
1 107787 250
3 107787 250
2 108035 250
3 108035 250
1 108282 250
3 108282 250
2 108530 250
2 108650 250
0 108771 250
5 108771 250
1 109012 250
2 109012 250
2 109012 1738
1 109261 250
2 109261 250
1 109511 250
2 109511 250
0 109760 250
1 109760 250
0 110010 250
2 110010 250
0 110267 250
1 110267 250
0 110524 250
2 110524 250
4 110774 250
4 111024 250
0 111271 250
2 111271 250
1 111519 250
2 111519 250
1 111766 250
3 111766 250
2 112013 250
3 112013 250
1 112256 250
3 112256 250
2 112500 250
2 112622 250
0 112744 250
5 112744 250
1 112987 250
2 112987 250
1 113237 250
2 113237 250
1 113488 250
2 113488 250
0 113738 250
1 113738 250
0 113989 250
2 113989 250
0 114231 250
1 114231 250
0 114473 250
2 114473 250
4 114716 250
4 114958 250
0 115207 250
2 115207 250
1 115456 250
2 115456 250
1 115705 250
3 115705 250
2 115953 250
3 115953 250
0 116201 250
1 116449 250
2 116697 250
3 116945 250
4 117028 480
3 117698 250
4 117824 250
3 117949 250
4 118073 250
3 118197 416
5 118197 250
2 118693 250
1 118940 416
2 119433 250
0 119679 705
0 120922 250
1 121005 384
2 121417 250
2 121664 250
3 121911 250
3 122156 250
4 122402 250
4 122648 250
4 122894 416
7 123388 250
2 123511 250
5 123511 250
2 123635 416
1 124129 250
1 124252 250
2 124376 250
5 124376 250
2 124501 250
1 124626 250
0 124752 250
3 124877 250
5 124877 250
4 124959 385
3 125370 250
2 125616 250
3 125739 250
2 125862 250
3 125987 250
0 126111 250
5 126111 250
1 126235 250
2 126360 250
2 126484 250
1 126608 250
0 126733 250
3 126857 250
5 126857 250
4 126940 385
3 127357 250
2 127607 250
3 127732 250
2 127857 250
3 127979 250
0 128102 250
5 128102 250
2 128102 2026
1 128224 250
2 128347 250
1 128470 250
2 128592 250
3 128715 250
4 128837 993
2 130831 250
1 131058 250
2 131286 250
3 131535 250
3 131784 250
4 131909 250
3 132034 250
2 132283 250
1 132533 250
1 132782 250
2 132782 250
1 133030 250
2 133030 250
1 133278 250
2 133278 250
1 133526 250
2 133526 250
1 133774 250
2 133774 250
1 134022 250
2 134022 250
1 134270 250
2 134270 250
1 134518 250
2 134518 250
2 134766 250
4 134766 250
2 135016 250
4 135016 250
2 135265 250
4 135265 250
2 135515 250
4 135515 250
3 135765 250
4 135765 250
3 136011 250
4 136011 250
3 136257 250
4 136257 250
3 136503 250
4 136503 250
1 136749 250
2 136749 250
1 136997 250
2 136997 250
1 137245 250
2 137245 250
1 137492 250
2 137492 250
1 137740 250
2 137740 250
1 137988 250
2 137988 250
1 138236 250
2 138236 250
1 138483 250
2 138483 250
2 138731 250
4 138731 250
2 138977 250
4 138977 250
2 139222 250
4 139222 250
2 139468 250
4 139468 250
3 139713 250
4 139713 250
3 139959 250
4 139959 250
3 140204 250
4 140204 250
3 140449 250
4 140449 250
0 140695 250
2 140695 250
0 140945 250
2 140945 250
0 141196 250
2 141196 250
0 141446 250
2 141446 250
0 141697 250
2 141697 250
0 141947 250
2 141947 250
0 142197 250
2 142197 250
0 142448 250
2 142448 250
2 142698 250
4 142698 250
2 142938 250
4 142938 250
3 143177 250
4 143177 250
3 143436 250
4 143436 250
1 143694 250
2 143694 250
1 143937 250
2 143937 250
1 144179 250
2 144179 250
1 144421 250
2 144421 250
1 144664 250
2 144664 250
1 144918 250
2 144918 250
2 145172 250
4 145172 250
2 145419 250
4 145419 250
3 145665 250
4 145665 250
3 145912 250
4 145912 250
3 146158 250
4 146158 250
3 146408 250
4 146408 250
1 146657 250
2 146657 250
1 146894 250
2 146894 250
1 147131 250
2 147131 250
0 147391 250
1 147391 250
0 147521 250
1 147521 250
1 147651 250
2 147651 250
1 147774 250
2 147774 250
1 147897 250
2 147897 250
1 148142 250
2 148142 250
1 148388 250
2 148388 250
1 148633 250
2 148633 250
1 148882 250
2 148882 250
2 149131 250
4 149131 250
2 149379 250
4 149379 250
3 149628 250
4 149628 250
3 149877 250
4 149877 250
3 150125 250
4 150125 250
3 150374 250
4 150374 250
1 150623 250
2 150623 250
1 150852 250
2 150852 250
1 151082 250
2 151082 250
0 151345 250
1 151345 250
0 151477 250
1 151477 250
1 151609 250
2 151609 250
1 151732 250
2 151732 250
1 151854 250
2 151854 250
1 152100 250
2 152100 250
1 152346 250
2 152346 250
1 152591 250
2 152591 250
1 152839 250
2 152839 250
2 153086 250
4 153086 250
2 153333 250
4 153333 250
3 153581 250
4 153581 250
3 153833 250
4 153833 250
3 154084 250
4 154084 250
3 154336 250
4 154336 250
1 154587 250
2 154587 250
1 154820 250
2 154820 250
1 155052 250
2 155052 250
0 155314 250
1 155314 250
0 155444 250
1 155444 250
1 155575 250
2 155575 250
1 155695 250
2 155695 250
1 155814 250
2 155814 250
1 156053 250
2 156053 250
1 156292 250
2 156292 250
1 156531 250
2 156531 250
1 156782 250
2 156782 250
2 157032 250
4 157032 250
2 157282 250
4 157282 250
3 157533 250
4 157533 250
3 157788 250
4 157788 250
3 158043 250
4 158043 250
3 158297 250
4 158297 250
1 158552 250
2 158552 250
1 158795 250
2 158795 250
1 159038 250
2 159038 250
1 159160 250
2 159160 250
0 159281 250
1 159281 250
0 159524 250
2 159524 250
0 159764 250
1 159764 250
0 160005 442
2 160005 442
