4 4874 250
6 4874 250
3 4953 250
6 4953 250
2 5032 250
6 5032 250
1 5112 250
6 5112 250
0 5191 250
5 5191 250
0 5509 250
3 6306 250
4 6306 250
2 6465 250
5 6465 250
2 6784 250
3 7581 250
4 7581 250
0 7740 250
5 7740 250
0 8056 250
3 8847 250
4 8847 250
1 9005 250
5 9005 250
1 9321 250
3 10112 250
4 10112 250
0 10270 250
5 10270 250
0 10587 250
3 11380 250
4 11380 250
2 11538 250
5 11538 250
2 11855 250
3 12648 250
4 12648 250
0 12806 250
5 12806 250
0 13124 250
3 13917 250
4 13917 250
1 14076 250
5 14076 250
1 14393 250
3 15186 250
4 15186 250
0 15345 250
5 15345 250
0 15663 250
3 16458 250
4 16458 250
2 16617 250
5 16617 250
2 16934 250
3 17729 250
4 17729 250
0 17888 250
5 17888 250
0 18203 250
3 18989 250
4 18989 250
1 19146 250
5 19146 250
1 19461 250
3 20247 250
4 20247 250
0 20405 250
5 20405 250
0 20722 250
3 21516 250
4 21516 250
2 21674 250
5 21674 250
2 21992 250
3 22785 250
4 22785 250
0 22944 250
5 22944 250
0 23264 250
3 24063 250
4 24063 250
1 24223 250
5 24223 250
1 24543 250
3 25343 250
4 25343 250
0 25502 250
5 25502 250
0 25819 250
3 26612 250
4 26612 250
2 26771 250
5 26771 250
2 27088 250
3 27880 250
4 27880 250
0 28039 250
5 28039 250
2 28039 1834
0 28354 250
3 29144 250
4 29144 250
1 29301 250
5 29301 250
1 29617 250
3 30406 250
4 30406 250
3 30564 250
5 30564 250
3 30883 250
3 31681 250
4 31681 250
1 31840 250
5 31840 250
1 32159 250
3 32956 250
4 32956 250
2 33116 250
5 33116 250
2 33431 250
3 34219 250
4 34219 250
2 34377 250
5 34377 250
2 34692 250
3 35481 250
4 35481 250
3 35639 250
5 35639 250
3 35955 250
3 36746 250
4 36746 250
1 36904 250
5 36904 250
1 37220 250
3 38011 250
4 38011 250
2 38169 250
5 38169 250
2 38483 250
3 39269 250
4 39269 250
2 39426 250
5 39426 250
2 39740 250
1 40368 250
3 40368 250
0 40525 250
0 40683 250
2 40683 250
0 41003 250
2 41003 250
1 41966 250
2 41966 250
1 42287 250
2 42287 250
2 43249 250
4 43249 250
2 43567 250
4 43567 250
1 44522 250
2 44601 250
3 44840 250
0 45158 250
2 45476 250
0 45795 250
2 45795 250
0 46110 250
2 46110 250
1 47055 250
2 47055 250
1 47370 250
2 47370 250
2 48316 250
4 48316 250
2 48633 250
4 48633 250
1 49584 250
2 49664 250
3 49901 250
0 50219 250
2 50536 250
0 50853 250
2 50853 250
2 50853 1834
0 51171 250
2 51171 250
1 52125 250
2 52125 250
1 52443 250
2 52443 250
2 53397 250
4 53397 250
2 53714 250
4 53714 250
1 54667 250
2 54746 250
3 54984 250
0 55301 250
2 55619 250
0 55936 250
2 55936 250
0 56251 250
2 56251 250
1 57196 250
2 57196 250
1 57511 250
2 57511 250
2 58456 250
4 58456 250
2 58773 250
4 58773 250
1 59724 250
2 59804 250
3 60042 250
0 60359 250
2 60676 250
1 60993 250
4 61310 250
2 61627 250
3 61706 250
4 61944 250
0 62261 250
0 62578 250
3 63370 250
4 63370 250
2 63529 250
5 63529 250
2 63846 250
3 64638 250
4 64638 250
0 64796 250
5 64796 250
0 65113 250
3 65907 250
4 65907 250
1 66066 250
5 66066 250
1 66383 250
3 67177 250
4 67177 250
0 67335 250
5 67335 250
0 67650 250
3 68437 250
4 68437 250
2 68595 250
5 68595 250
2 68909 250
3 69696 250
4 69696 250
0 69854 250
5 69854 250
0 70170 250
3 70963 250
4 70963 250
1 71121 250
5 71121 250
1 71438 250
3 72230 250
4 72230 250
0 72389 250
5 72389 250
0 72704 250
3 73491 250
4 73491 250
2 73649 250
5 73649 250
2 73964 250
3 74751 250
4 74751 250
0 74909 250
5 74909 250
2 74909 1834
0 75225 250
3 76017 250
4 76017 250
1 76176 250
5 76176 250
1 76493 250
3 77285 250
4 77285 250
0 77443 250
5 77443 250
0 77760 250
3 78552 250
4 78552 250
2 78710 250
5 78710 250
2 79027 250
3 79818 250
4 79818 250
0 79977 250
5 79977 250
0 80296 250
3 81096 250
4 81096 250
1 81255 250
5 81255 250
1 81575 250
3 82374 250
4 82374 250
0 82534 250
5 82534 250
0 82851 250
3 83644 250
4 83644 250
2 83803 250
5 83803 250
2 84120 250
3 84914 250
4 84914 250
0 85072 250
5 85072 250
0 85389 250
3 86181 250
4 86181 250
1 86339 250
5 86339 250
1 86656 250
3 87447 250
4 87447 250
3 87606 250
5 87606 250
3 87924 250
3 88718 250
4 88718 250
1 88877 250
5 88877 250
1 89195 250
3 89989 250
4 89989 250
2 90148 250
5 90148 250
2 90464 250
3 91255 250
4 91255 250
2 91413 250
5 91413 250
2 91729 250
3 92520 250
4 92520 250
3 92678 250
5 92678 250
3 92996 250
3 93789 250
4 93789 250
1 93948 250
5 93948 250
1 94266 250
3 95059 250
4 95059 250
2 95218 250
5 95218 250
2 95535 250
3 96326 250
4 96326 250
2 96484 250
5 96484 250
2 96800 250
1 97433 250
3 97433 250
0 97592 250
0 97750 250
2 97750 250
2 97750 1834
0 98069 250
2 98069 250
1 99026 250
2 99026 250
1 99345 250
2 99345 250
2 100303 250
4 100303 250
2 100622 250
4 100622 250
1 101582 250
2 101662 250
3 101901 250
0 102221 250
2 102541 250
0 102861 250
2 102861 250
0 103176 250
2 103176 250
1 104122 250
2 104122 250
1 104437 250
2 104437 250
2 105383 250
4 105383 250
2 105700 250
4 105700 250
1 106650 250
2 106729 250
3 106967 250
0 107284 250
2 107601 250
0 107918 250
2 107918 250
0 108232 250
2 108232 250
1 109176 250
2 109176 250
1 109490 250
2 109490 250
2 110433 250
4 110433 250
2 110753 250
4 110753 250
1 111711 250
2 111791 250
3 112030 250
0 112349 250
2 112669 250
0 112988 250
2 112988 250
0 113305 250
2 113305 250
1 114256 250
2 114256 250
1 114573 250
2 114573 250
2 115524 250
4 115524 250
2 115843 250
4 115843 250
1 116799 250
3 117118 250
0 117437 250
2 117756 250
1 118074 250
4 118393 250
2 118712 250
3 118792 250
4 119031 250
0 119350 250
1 119350 250
0 119662 250
1 119662 250
4 119975 250
1 120287 682
4 120287 682
0 121850 250
1 121850 250
2 121850 1834
0 122161 250
1 122161 250
4 122473 250
1 122785 682
4 122785 682
0 124344 250
1 124344 250
0 124669 250
1 124669 250
4 124994 250
1 125318 682
4 125318 682
1 126942 250
2 127021 250
3 127257 250
0 127572 250
2 127887 250
1 128202 250
4 128517 250
2 128833 250
3 128911 250
4 129148 250
0 129463 250
1 129463 250
0 129781 250
1 129781 250
4 130099 250
1 130417 682
4 130417 682
0 132007 250
1 132007 250
0 132319 250
1 132319 250
4 132631 250
1 132944 682
4 132944 682
0 134505 250
1 134505 250
0 134823 250
1 134823 250
4 135142 250
1 135461 682
4 135461 682
1 137056 250
2 137135 250
3 137374 250
0 137692 250
2 138010 250
1 138328 250
4 138645 250
2 138963 250
3 139043 250
4 139281 250
0 139599 250
0 139913 250
7 140227 250
7 140384 250
7 140542 250
3 140699 250
4 140699 250
2 140856 250
5 140856 250
2 141170 250
7 141484 250
7 141641 250
7 141798 250
3 141955 250
4 141955 250
0 142112 250
5 142112 250
0 142430 250
7 142749 250
7 142909 250
7 143068 250
3 143227 250
4 143227 250
1 143387 250
5 143387 250
1 143706 250
7 144024 250
7 144184 250
7 144343 250
3 144503 250
4 144503 250
0 144662 250
5 144662 250
2 144662 1834
0 144987 250
7 145312 250
7 145474 250
7 145637 250
3 145799 250
4 145799 250
2 145961 250
5 145961 250
2 146286 250
7 146611 250
7 146774 250
7 146936 250
3 147098 250
4 147098 250
0 147261 250
5 147261 250
0 147592 250
7 147924 250
7 148089 250
7 148255 250
3 148421 250
4 148421 250
1 148587 250
5 148587 250
1 148918 250
7 149249 250
7 149415 250
7 149581 250
3 149746 250
4 149746 250
0 149912 250
5 149912 250
0 150201 250
7 150491 250
7 150635 250
7 150780 250
3 150924 250
4 150924 250
2 151069 250
5 151069 250
2 151358 250
7 151647 250
7 151792 250
7 151936 250
3 152081 250
4 152081 250
0 152226 250
5 152226 250
0 152551 250
7 152876 250
7 153038 250
7 153201 250
3 153363 250
4 153363 250
1 153526 250
5 153526 250
1 153851 250
7 154176 250
7 154339 250
7 154501 250
3 154664 250
4 154664 250
0 154826 250
5 154826 250
0 155146 250
7 155465 250
7 155624 250
7 155784 250
3 155944 250
4 155944 250
2 156103 250
5 156103 250
2 156422 250
7 156742 250
7 156901 250
7 157061 250
3 157220 250
4 157220 250
0 157380 250
5 157380 250
0 157696 250
7 158012 250
7 158170 250
7 158328 250
3 158486 250
4 158486 250
1 158644 250
5 158644 250
1 158960 250
7 159276 250
7 159434 250
7 159592 250
3 159750 250
4 159750 250
3 159908 250
5 159908 250
3 160225 250
7 160541 250
7 160700 250
7 160858 250
3 161017 250
4 161017 250
1 161175 250
5 161175 250
1 161492 250
7 161809 250
7 161967 250
7 162126 250
3 162284 250
4 162284 250
2 162443 250
5 162443 250
2 162760 250
7 163078 250
7 163237 250
7 163396 250
3 163555 250
4 163555 250
2 163714 250
5 163714 250
2 164031 250
7 164349 250
7 164508 250
7 164667 250
3 164825 250
4 164825 250
3 164984 250
5 164984 250
3 165300 250
7 165615 250
7 165773 250
7 165930 250
3 166088 250
4 166088 250
1 166246 250
5 166246 250
1 166561 250
7 166876 250
7 167034 250
7 167192 250
3 167349 250
4 167349 250
2 167507 250
5 167507 250
2 167507 1834
2 167820 250
7 168132 250
7 168289 250
7 168445 250
3 168601 250
4 168601 250
2 168758 250
5 168758 250
2 169070 250
0 170008 250
2 170008 250
0 170337 250
2 170337 250
0 170666 250
2 170666 250
0 170994 250
2 170994 250
1 171323 250
2 171323 250
1 171651 250
2 171651 250
1 171980 250
2 171980 250
1 172309 250
2 172309 250
2 172637 250
4 172637 250
2 172952 250
4 172952 250
2 173266 250
4 173266 250
2 173580 250
4 173580 250
1 173895 250
2 173973 250
3 174209 250
0 174524 250
2 174838 250
0 175152 250
2 175152 250
0 175474 250
2 175474 250
0 175796 250
2 175796 250
0 176118 250
2 176118 250
1 176440 250
2 176440 250
1 176762 250
2 176762 250
1 177083 250
2 177083 250
1 177405 250
2 177405 250
2 177727 250
4 177727 250
2 178043 250
4 178043 250
2 178359 250
4 178359 250
2 178676 250
4 178676 250
1 178992 250
2 179071 250
3 179308 250
0 179624 250
2 179940 250
0 180257 250
2 180257 250
0 180571 250
2 180571 250
0 180885 250
2 180885 250
0 181199 250
2 181199 250
1 181513 250
2 181513 250
1 181827 250
2 181827 250
1 182141 250
2 182141 250
1 182455 250
2 182455 250
2 182770 250
4 182770 250
2 183085 250
4 183085 250
2 183400 250
4 183400 250
2 183716 250
4 183716 250
1 184031 250
2 184110 250
3 184347 250
0 184662 250
2 184977 250
0 185293 250
2 185293 250
0 185609 250
2 185609 250
0 185926 250
2 185926 250
0 186242 250
2 186242 250
1 186558 250
2 186558 250
1 186875 250
2 186875 250
1 187191 250
2 187191 250
1 187508 250
2 187508 250
2 187824 250
4 187824 250
2 188136 250
4 188136 250
2 188448 250
4 188448 250
2 188761 250
4 188761 250
1 189073 250
2 189151 250
3 189385 250
0 189697 250
2 190009 250
1 190321 250
2 190321 2218
4 190633 250
2 190945 250
3 191023 250
4 191257 250
0 191569 250
1 191569 250
0 191887 250
1 191887 250
4 192205 250
1 192523 682
4 192523 682
0 194113 250
1 194113 250
0 194429 250
1 194429 250
4 194745 250
1 195062 682
4 195062 682
0 196643 250
1 196643 250
0 196958 250
1 196958 250
4 197274 250
1 197589 682
4 197589 682
1 199166 250
2 199246 250
3 199484 250
0 199802 250
2 200119 250
1 200437 250
4 200755 250
2 201072 250
3 201152 250
4 201390 250
0 201707 250
1 201707 250
0 202024 250
1 202024 250
4 202341 250
1 202657 682
4 202657 682
0 204240 250
1 204240 250
0 204554 250
1 204554 250
4 204868 250
1 205182 682
4 205182 682
0 206753 250
1 206753 250
0 207071 250
1 207071 250
4 207389 250
1 207708 682
4 207708 682
1 209298 250
2 209377 250
3 209614 250
0 209930 250
2 210245 250
1 210561 250
4 210876 250
2 211192 250
3 211271 250
4 211507 250
0 211823 250
2 211823 250
0 212144 250
2 212144 250
7 212466 250
7 212626 250
7 212948 250
2 213108 250
4 213108 250
2 213430 250
4 213430 250
7 213751 250
7 213912 250
7 214233 250
0 214394 250
1 214394 250
2 214394 1834
0 214708 250
1 214708 250
7 215023 250
7 215181 250
7 215496 250
1 215653 250
3 215653 250
1 215968 250
3 215968 250
1 216283 250
2 216441 250
1 216598 250
2 216756 250
0 216913 250
1 216913 250
0 217239 250
1 217239 250
7 217565 250
7 217728 250
7 218054 250
2 218217 250
4 218217 250
2 218543 250
4 218543 250
7 218870 250
7 219033 250
7 219359 250
0 219522 250
2 219522 250
0 219961 346
2 219961 346
1 221278 250
3 221278 250
2 221931 250
1 222651 250
2 223143 250
5 223143 250
1 223630 346
0 224975 1642
1 224975 1642
3 224975 1642
4 235255 1148
5 235255 250
6 235255 250
