2 3745 250
2 3900 250
2 4056 250
2 4211 250
2 4384 250
2 4557 250
2 5416 250
2 5610 250
2 5803 250
2 5961 250
2 6119 250
2 6277 250
3 7669 250
4 7819 250
3 7968 250
5 7968 250
2 8118 250
5 8118 250
4 8268 250
2 8418 250
5 8418 250
1 8568 250
5 8568 250
4 8717 250
1 8867 250
5 8867 250
0 9017 250
5 9017 250
4 9167 250
0 9317 250
5 9317 250
7 9466 250
5 9466 250
4 9616 250
7 9766 250
5 9766 250
4 9916 250
3 10066 250
5 10066 250
2 10066 442
4 10143 250
5 10143 250
4 10220 250
4 10375 250
3 10529 250
4 10684 250
2 10838 250
5 10838 250
1 10993 250
5 10993 250
4 11147 250
1 11302 250
5 11302 250
0 11456 250
5 11456 250
4 11611 250
0 11765 250
5 11765 250
7 11920 250
5 11920 250
4 12074 250
7 12229 250
5 12229 250
4 12383 250
2 12538 250
5 12538 250
3 12688 746
1 14336 250
2 14636 250
3 14936 250
4 15083 250
3 15230 250
2 15377 554
1 16405 250
5 16405 250
0 16552 250
2 17287 250
3 17433 842
3 19340 250
2 19340 1114
2 19414 250
1 19487 250
0 19634 986
5 19634 250
4 21972 250
4 22123 250
4 22274 250
3 22425 250
5 22425 250
3 22576 250
3 22727 250
2 22878 250
5 22878 250
2 23029 250
2 23180 250
1 23331 250
5 23331 250
1 23482 250
1 23633 250
0 23784 250
5 23784 250
0 23935 250
7 24086 250
5 24086 250
7 24237 250
4 24388 250
5 24388 250
4 24537 250
4 24686 250
3 24835 250
5 24835 250
3 24985 250
3 25134 250
2 25283 250
5 25283 250
2 25432 250
2 25581 250
1 25730 250
5 25730 250
1 25879 250
1 26028 250
0 26177 250
5 26177 250
0 26326 250
7 26475 250
5 26475 250
7 26624 250
4 26773 250
5 26773 250
4 26923 250
4 27073 250
3 27223 250
5 27223 250
3 27373 250
3 27523 250
2 27673 250
5 27673 250
2 27823 250
2 27972 250
1 28122 250
5 28122 250
1 28272 250
1 28422 250
0 28572 250
5 28572 250
0 28722 250
7 28872 250
5 28872 250
7 29022 250
1 29172 602
2 29172 602
4 29172 602
2 29172 1018
0 30291 602
1 30291 602
2 30291 602
0 31411 250
1 31681 250
2 31951 250
3 32215 250
1 32478 250
2 32745 250
3 33011 250
4 33267 250
2 33523 250
3 33651 362
3 34037 250
4 34037 250
3 34284 250
2 34407 250
2 34530 410
2 34986 250
1 35053 250
0 35120 250
1 35523 410
3 35523 410
1 36020 314
2 36020 314
1 36268 250
3 36392 314
4 36392 314
2 36640 250
1 36765 250
0 37013 250
7 37261 250
1 37510 314
3 37510 314
7 37755 250
7 37878 250
1 38001 314
2 38001 314
1 38247 250
3 38370 314
4 38370 314
2 38615 250
1 38738 250
0 38984 250
7 39229 250
1 39475 314
3 39475 314
7 39723 250
7 39847 250
1 39971 314
2 39971 314
1 40219 250
3 40343 314
4 40343 314
2 40591 250
1 40715 250
0 40963 250
7 41211 250
3 41459 250
2 41459 1018
4 41519 250
3 41579 250
2 41700 250
1 41820 250
3 41941 250
2 42062 250
1 42182 250
0 42303 250
4 42423 250
5 42423 250
3 42544 250
2 42664 250
1 42785 250
3 42905 250
2 43026 250
1 43146 250
0 43267 250
1 43387 314
3 43387 314
7 43630 250
7 43752 250
1 43873 314
2 43873 314
1 44116 250
3 44238 314
4 44238 314
2 44481 250
1 44602 250
0 44845 250
7 45088 250
1 45331 314
3 45331 314
7 45574 250
7 45696 250
1 45817 314
2 45817 314
1 46060 250
3 46182 314
4 46182 314
2 46425 250
1 46546 250
0 46789 250
7 47032 250
1 47275 314
3 47275 314
7 47518 250
7 47639 250
1 47760 314
2 47760 314
1 48003 250
3 48124 314
4 48124 314
2 48367 250
1 48488 250
0 48730 250
7 48973 250
1 49216 314
3 49216 314
7 49457 250
7 49578 250
1 49699 314
2 49699 314
1 49940 250
3 50061 314
4 50061 314
2 50303 250
1 50424 250
0 50665 250
7 50907 250
1 51148 410
4 51148 410
2 51148 1018
0 51632 314
2 51632 314
1 51874 250
3 51995 314
4 51995 314
3 52237 250
2 52358 250
1 52600 250
0 52842 314
1 53084 314
4 53084 314
7 53329 250
7 53451 250
0 53573 314
2 53573 314
1 53818 250
3 53940 314
4 53940 314
3 54185 250
2 54307 250
1 54551 250
0 54796 314
1 55040 314
4 55040 314
7 55286 250
7 55409 250
0 55531 314
2 55531 314
1 55777 250
3 55900 314
4 55900 314
3 56145 250
2 56268 250
1 56513 250
0 56759 314
1 57004 314
4 57004 314
7 57248 250
7 57370 250
0 57492 314
2 57492 314
1 57735 250
3 57857 314
4 57857 314
3 58101 250
2 58223 250
1 58466 250
0 58710 314
1 58954 410
3 58954 410
1 59449 410
2 59449 410
0 59944 410
2 59944 410
0 60439 410
1 60439 410
2 60935 410
4 60935 410
2 61422 410
3 61422 410
1 61909 410
3 61909 410
1 62396 410
2 62396 410
1 62883 314
4 62883 314
2 62883 1018
1 63131 314
4 63131 314
0 63379 314
2 63379 314
1 63627 250
1 63751 362
2 63751 362
1 64123 250
0 64371 250
7 64619 250
1 64867 314
4 64867 314
1 65108 314
4 65108 314
0 65349 314
2 65349 314
1 65590 250
1 65710 362
2 65710 362
1 66071 250
0 66312 250
7 66553 250
1 66793 314
4 66793 314
1 67033 314
4 67033 314
0 67272 314
2 67272 314
1 67512 250
1 67632 362
2 67632 362
1 67991 250
0 68231 250
7 68470 250
1 68710 362
4 68710 362
0 69079 362
2 69079 362
2 69449 250
3 69511 386
1 69942 250
0 70188 250
7 70435 250
1 70681 314
3 70681 314
7 70924 250
7 71045 250
1 71166 314
2 71166 314
1 71409 250
3 71530 314
4 71530 314
2 71773 250
1 71894 250
0 72137 250
7 72379 250
1 72622 314
3 72622 314
7 72864 250
7 72985 250
1 73106 250
5 73106 250
0 73227 250
1 73348 250
2 73469 250
3 73529 250
4 73711 250
3 73832 250
2 73953 250
3 74074 250
2 74195 250
1 74316 250
0 74437 250
1 74558 314
3 74558 314
7 74798 250
7 74918 250
1 75038 314
2 75038 314
1 75278 250
3 75398 314
4 75398 314
2 75638 250
1 75758 250
0 75998 250
7 76238 250
1 76479 314
3 76479 314
7 76718 250
7 76838 250
1 76957 314
2 76957 314
1 77197 250
3 77316 314
4 77316 314
2 77556 250
2 77556 586
1 77675 250
2 77795 250
1 77915 250
3 78034 250
1 78154 250
4 78274 250
1 78393 314
4 78393 314
7 78640 250
7 78763 250
0 78886 314
2 78886 314
1 79132 250
3 79255 314
4 79255 314
3 79501 250
2 79624 250
1 79870 250
0 80116 314
1 80363 314
4 80363 314
7 80606 250
7 80727 250
0 80849 314
2 80849 314
1 81092 250
3 81214 314
4 81214 314
3 81457 250
2 81578 250
1 81822 250
0 82065 314
1 82308 346
4 82308 346
0 82792 314
2 82792 314
1 83034 250
3 83155 314
4 83155 314
3 83397 250
2 83518 250
1 83760 250
0 84002 314
1 84244 314
4 84244 314
2 84244 1018
7 84488 250
7 84609 250
0 84731 314
2 84731 314
1 84975 250
3 85097 314
4 85097 314
3 85341 250
2 85462 250
1 85706 250
0 85950 314
1 86194 410
3 86194 410
1 86684 410
2 86684 410
0 87173 410
2 87173 410
0 87663 410
1 87663 410
2 88153 410
4 88153 410
2 88635 410
3 88635 410
1 89118 410
3 89118 410
1 89600 410
2 89600 410
1 90082 314
4 90082 314
1 90329 314
4 90329 314
0 90576 314
2 90576 314
1 90823 250
1 90947 362
2 90947 362
1 91318 250
0 91565 250
7 91812 250
1 92059 314
4 92059 314
1 92300 314
4 92300 314
0 92540 314
2 92540 314
1 92780 250
1 92900 362
2 92900 362
1 93260 250
0 93500 250
7 93740 250
1 93980 314
4 93980 314
1 94222 314
4 94222 314
0 94463 314
2 94463 314
1 94704 250
1 94825 362
2 94825 362
1 95187 250
0 95428 250
7 95669 250
2 95911 250
2 95911 1018
3 95971 338
2 96275 250
3 96335 338
2 96638 250
3 96699 386
2 97123 250
3 97184 250
2 97366 250
3 97426 250
2 97487 250
1 97608 314
7 97851 250
0 98101 314
2 98101 314
1 98351 314
3 98351 314
7 98601 250
1 98851 250
1 98976 250
1 99101 314
2 99101 314
1 99351 250
1 99601 410
3 99601 410
0 100098 314
2 100098 314
1 100345 314
3 100345 314
1 100593 250
1 100716 250
1 100840 314
2 100840 314
1 101087 506
3 101087 506
4 101087 506
7 101829 250
0 102079 314
2 102079 314
1 102329 314
3 102329 314
7 102579 250
1 102829 250
1 103079 314
3 103079 314
1 103329 250
1 103579 410
3 103579 410
1 104070 250
2 104070 250
1 104310 250
3 104310 250
2 104551 250
3 104551 250
1 104792 250
2 105033 410
3 105033 410
4 105033 410
2 105755 250
2 105755 826
1 105878 250
2 106002 250
3 106126 250
4 106188 626
4 107239 250
3 107404 250
5 107404 250
2 107569 250
5 107569 250
3 107734 410
2 108234 250
5 108234 250
1 108484 250
2 108609 250
0 108734 538
3 109567 250
4 109650 346
4 109981 250
3 110063 250
2 110146 250
4 110228 250
3 110311 250
2 110393 250
1 110475 250
2 110599 250
1 110723 250
0 110846 250
3 110970 250
5 110970 250
4 111094 250
3 111217 250
2 111341 250
1 111464 250
2 111588 250
1 111712 314
2 111955 250
1 112076 250
0 112198 314
2 112441 250
5 112441 250
3 112562 250
4 112684 410
3 113170 314
2 113413 250
5 113413 250
1 113534 250
1 113656 314
3 113656 314
7 113898 250
7 114019 250
1 114140 314
2 114140 314
1 114382 250
3 114503 314
4 114503 314
2 114745 250
1 114866 250
0 115108 250
7 115350 250
4 115592 250
2 115592 1018
3 115711 250
2 115831 250
1 115950 250
3 116069 250
2 116189 250
1 116308 250
0 116427 250
3 116547 250
2 116666 250
1 116785 250
0 116905 250
2 117024 250
0 117143 250
1 117263 250
2 117382 250
1 117501 314
3 117501 314
7 117743 250
7 117865 250
1 117986 314
2 117986 314
1 118228 250
3 118349 314
4 118349 314
2 118591 250
1 118713 250
0 118955 250
7 119197 250
1 119439 314
3 119439 314
7 119679 250
7 119799 250
1 119919 314
2 119919 314
1 120159 250
3 120279 314
4 120279 314
2 120518 250
1 120638 250
0 120878 250
7 121118 250
1 121357 410
4 121357 410
0 121843 314
2 121843 314
1 122086 250
3 122208 314
4 122208 314
3 122450 250
2 122572 250
7 122815 250
7 122936 250
7 123058 250
7 123179 250
1 123301 394
4 123301 394
0 123784 314
2 123784 314
1 124026 250
3 124147 314
4 124147 314
3 124388 250
2 124509 250
7 124751 250
7 124872 250
7 124993 250
7 125113 250
1 125234 410
4 125234 410
0 125710 314
2 125710 314
1 125948 250
3 126067 314
4 126067 314
3 126305 250
2 126424 250
7 126662 250
7 126781 250
7 126900 250
7 127019 250
1 127138 314
4 127138 314
1 127384 314
4 127384 314
0 127630 314
2 127630 314
1 127876 250
3 127999 314
4 127999 314
3 128245 250
2 128368 250
1 128614 250
0 128860 314
1 129106 410
3 129106 410
2 129106 1786
1 129602 410
2 129602 410
0 130098 410
2 130098 410
0 130594 410
1 130594 410
2 131090 410
4 131090 410
2 131573 410
3 131573 410
1 132055 410
3 132055 410
1 132537 410
2 132537 410
1 133020 314
4 133020 314
1 133267 314
4 133267 314
0 133515 314
2 133515 314
1 133762 250
1 133886 362
2 133886 362
1 134257 250
0 134505 250
7 134752 250
1 135000 314
4 135000 314
1 135242 314
4 135242 314
0 135484 314
2 135484 314
1 135727 250
1 135848 362
2 135848 362
1 136211 250
0 136454 250
7 136696 250
1 136938 314
4 136938 314
1 137180 314
4 137180 314
0 137422 314
2 137422 314
1 137664 250
1 137785 362
2 137785 362
1 138148 250
0 138390 250
7 138632 250
1 138874 362
4 138874 362
0 139241 362
2 139241 362
2 139608 250
3 139669 386
1 140098 250
0 140342 250
7 140587 250
0 140832 794
1 140832 794
3 140832 794
2 140832 1786
1 142342 410
1 142845 794
3 142845 794
4 142845 794
1 144312 410
0 144801 506
1 144801 506
3 144801 506
3 145556 250
1 145808 250
0 146059 250
1 146311 410
1 146814 506
3 146814 506
4 146814 506
4 147551 250
2 147797 250
1 148043 250
2 148289 250
0 148535 250
0 148781 794
1 148781 794
3 148781 794
1 150272 410
1 150769 506
3 150769 506
4 150769 506
4 151493 250
2 151735 250
1 151976 250
2 152218 250
0 152459 890
1 152580 842
3 152701 794
1 154143 410
1 154624 250
3 154624 250
4 154624 250
2 154624 1018
1 154861 250
3 154861 250
4 154861 250
1 155099 250
3 155099 250
4 155099 250
1 155337 250
3 155337 250
4 155337 250
1 155575 250
3 155575 250
4 155575 250
0 155813 250
0 155931 250
0 156050 410
1 156050 410
3 156050 410
1 156526 250
3 156526 250
4 156526 250
1 156765 250
3 156765 250
4 156765 250
1 157005 250
3 157005 250
4 157005 250
1 157244 250
3 157244 250
4 157244 250
1 157364 250
3 157364 250
4 157364 250
1 157483 250
3 157483 250
4 157483 250
0 157962 410
1 157962 410
3 157962 410
1 158441 250
3 158441 250
4 158441 250
1 158683 250
3 158683 250
4 158683 250
1 158926 250
3 158926 250
4 158926 250
1 159169 250
3 159169 250
4 159169 250
1 159412 250
3 159412 250
4 159412 250
0 159897 410
1 159897 410
3 159897 410
0 160382 410
1 160862 250
6 160862 250
2 161342 250
6 161342 250
3 161822 250
6 161822 250
4 162062 250
6 162062 250
3 162302 250
3 162364 386
4 162364 386
5 162364 250
3 162802 250
3 162865 482
4 162865 482
5 162865 250
3 163553 250
3 163615 338
4 163615 338
5 163615 250
3 163928 250
3 163991 338
4 163991 338
5 163991 250
3 164303 250
3 164364 482
4 164364 482
5 164364 250
3 165034 250
4 165156 250
3 165278 410
2 165765 250
4 165765 250
1 166009 250
3 166009 250
0 166252 250
0 166500 250
1 166748 250
2 166748 250
2 166996 250
3 166996 250
4 167243 250
3 167491 250
2 167739 250
1 167987 250
2 168235 250
2 168235 1018
3 168295 482
2 168961 506
2 169687 250
1 169748 250
0 169808 250
1 170172 602
1 171171 250
2 171233 250
0 171421 250
1 171670 250
2 171795 250
1 171920 698
2 173150 250
3 173395 250
1 173640 250
2 173763 250
3 173885 698
3 175128 250
4 175190 250
2 175377 250
3 175627 250
4 175751 250
3 175876 698
3 177110 250
2 177233 250
1 177356 410
0 177848 250
1 177848 250
1 178094 602
2 178094 602
4 179075 314
2 179075 1594
4 179320 250
3 179443 250
2 179566 250
1 179811 602
1 180793 250
0 180916 250
0 181039 250
1 181162 250
2 181285 250
0 181530 250
2 181776 506
2 182514 410
4 182514 410
2 183007 410
3 183007 410
1 183499 410
3 183499 410
1 183992 250
2 183992 250
1 184111 362
3 184111 362
5 184111 250
3 184469 250
0 184708 410
1 184708 410
0 185186 250
1 185425 250
2 185663 250
3 185723 386
2 186150 250
3 186150 250
1 186397 250
2 186397 250
1 186644 250
2 186644 250
0 186891 250
2 186891 250
0 187139 250
1 187386 250
1 187633 250
2 187633 250
3 187633 250
2 187880 250
3 187941 250
2 188002 250
1 188125 250
0 188247 250
1 188369 314
0 188613 250
1 188674 386
1 189101 250
2 189162 250
3 189223 250
3 189590 250
4 189651 482
3 190318 250
4 190439 250
3 190559 250
4 190680 250
2 190801 250
5 190801 250
3 190862 386
2 191285 250
3 191406 250
2 191527 250
3 191648 250
3 191769 250
2 191891 250
1 192014 250
0 192136 250
1 192259 250
2 192381 250
2 192504 250
3 192504 250
1 192626 458
2 192626 458
0 193239 250
2 193484 410
4 193484 410
2 193969 250
3 193969 250
5 193969 250
2 194210 250
3 194210 250
1 194451 394
3 194451 394
1 194933 250
2 194933 250
5 194933 250
1 195174 250
2 195174 250
0 195415 410
2 195415 410
0 195894 250
1 195894 250
5 195894 250
0 196132 250
1 196132 250
0 196369 250
1 196429 386
1 196845 250
0 197082 410
3 197082 410
2 197082 442
1 197558 1658
2 197558 1658
1 201142 250
2 201202 250
3 201261 250
1 201381 986
4 201381 986
3 203231 674
6 203231 250
3 204306 250
6 204306 250
4 204363 250
6 204363 250
2 204589 250
6 204589 250
1 204815 250
6 204815 250
4 205042 890
6 205042 250
3 206665 250
4 206665 250
6 206665 250
2 206897 922
3 206897 922
6 206897 250
4 208625 250
6 208625 250
2 208625 1258
4 209082 250
6 209082 250
3 209310 250
6 209310 250
3 209766 250
6 209766 250
2 209994 250
6 209994 250
2 210335 250
1 210449 250
0 210563 410
3 210563 410
2 211039 250
3 211039 250
7 211991 250
7 212110 250
7 212229 250
7 212348 250
2 212467 250
4 212467 250
2 212584 250
4 212584 250
2 212700 250
4 212700 250
2 212817 250
4 212817 250
2 212933 250
3 212933 250
2 213049 250
3 213049 250
2 213166 250
3 213166 250
1 213282 250
4 213282 250
1 213399 250
4 213399 250
1 213515 250
4 213515 250
1 213632 250
3 213632 250
1 213748 250
3 213748 250
1 213865 250
2 213865 250
1 213981 250
2 213981 250
0 214098 250
1 214098 250
0 214214 250
1 214214 250
2 214330 250
4 214330 250
2 214447 250
4 214447 250
2 214564 250
4 214564 250
2 214681 250
4 214681 250
2 214798 250
3 214798 250
2 214915 250
3 214915 250
2 215032 250
3 215032 250
1 215149 250
4 215149 250
1 215266 250
4 215266 250
1 215383 250
4 215383 250
1 215500 250
3 215500 250
1 215617 250
3 215617 250
1 215734 250
2 215734 250
1 215851 250
2 215851 250
0 215968 250
1 215968 250
0 216085 250
1 216085 250
2 216202 250
4 216202 250
2 216317 250
4 216317 250
2 216432 250
4 216432 250
2 216547 250
4 216547 250
2 216661 250
3 216661 250
2 216776 250
3 216776 250
2 216891 250
3 216891 250
1 217006 250
4 217006 250
1 217121 250
4 217121 250
1 217236 250
4 217236 250
1 217350 250
3 217350 250
1 217465 250
3 217465 250
1 217580 250
2 217580 250
1 217695 250
2 217695 250
0 217810 250
1 217810 250
0 217925 250
1 217925 250
2 218039 250
4 218039 250
2 218157 250
4 218157 250
2 218276 250
4 218276 250
2 218394 250
4 218394 250
2 218512 250
3 218512 250
2 218630 250
3 218630 250
2 218748 250
3 218748 250
1 218866 250
4 218866 250
1 218984 250
4 218984 250
1 219102 250
4 219102 250
1 219220 250
3 219220 250
1 219338 250
3 219338 250
1 219456 250
2 219456 250
1 219574 250
2 219574 250
0 219693 250
1 219693 250
0 219811 250
1 219811 250
2 219929 250
4 219929 250
2 219929 1018
2 220043 250
4 220043 250
2 220158 250
4 220158 250
2 220272 250
4 220272 250
2 220387 250
3 220387 250
2 220501 250
3 220501 250
2 220616 250
3 220616 250
1 220730 250
4 220730 250
1 220845 250
4 220845 250
1 220959 250
4 220959 250
1 221074 250
3 221074 250
1 221188 250
3 221188 250
1 221303 250
2 221303 250
1 221417 250
2 221417 250
0 221532 250
1 221532 250
0 221646 250
1 221646 250
2 221761 250
4 221761 250
2 221879 250
4 221879 250
2 221998 250
4 221998 250
2 222116 250
4 222116 250
2 222234 250
3 222234 250
2 222353 250
3 222353 250
2 222471 250
3 222471 250
1 222589 250
4 222589 250
1 222708 250
4 222708 250
1 222826 250
4 222826 250
1 222945 250
3 222945 250
1 223063 250
3 223063 250
1 223181 250
2 223181 250
1 223300 250
2 223300 250
0 223418 250
1 223418 250
0 223537 250
1 223537 250
2 223655 250
4 223655 250
2 223773 250
4 223773 250
2 223891 250
4 223891 250
2 224010 250
4 224010 250
2 224128 250
3 224128 250
2 224246 250
3 224246 250
2 224364 250
3 224364 250
1 224483 250
4 224483 250
1 224601 250
4 224601 250
1 224719 250
4 224719 250
1 224837 250
3 224837 250
1 224955 250
3 224955 250
1 225074 250
2 225074 250
1 225192 250
2 225192 250
0 225310 250
1 225310 250
0 225428 250
1 225428 250
2 225547 250
4 225547 250
2 225667 250
4 225667 250
2 225788 250
4 225788 250
2 225908 250
4 225908 250
2 226029 250
3 226029 250
2 226149 250
3 226149 250
2 226270 250
3 226270 250
1 226391 250
4 226391 250
1 226511 250
4 226511 250
1 226632 250
4 226632 250
1 226752 250
3 226752 250
1 226873 250
3 226873 250
1 226993 250
2 226993 250
1 227114 250
2 227114 250
0 227235 250
1 227235 250
0 227355 250
1 227355 250
0 227476 410
2 227476 410
3 227476 410
0 227960 410
1 227960 410
2 227960 410
0 228444 410
2 228444 410
3 228444 410
1 228928 410
2 228928 410
3 228928 410
1 229413 410
2 229413 410
4 229413 410
1 229895 410
2 229895 410
3 229895 410
1 230378 410
3 230378 410
4 230378 410
1 230860 410
1 231343 410
3 231343 410
2 231343 1786
1 231822 410
2 231822 410
0 232302 410
2 232302 410
0 232782 410
1 232782 410
2 233262 410
4 233262 410
2 233746 410
3 233746 410
1 234231 410
3 234231 410
1 234715 410
2 234715 410
1 235199 314
4 235199 314
1 235442 314
4 235442 314
0 235685 314
2 235685 314
1 235928 250
1 236050 362
2 236050 362
1 236414 250
0 236657 250
7 236901 250
1 237144 314
4 237144 314
1 237385 314
4 237385 314
0 237627 314
2 237627 314
1 237868 250
1 237989 362
2 237989 362
1 238352 250
0 238593 250
7 238835 250
1 239076 410
3 239076 410
1 239561 410
2 239561 410
0 240046 410
2 240046 410
0 240531 410
1 240531 410
2 241016 410
4 241016 410
2 241495 410
3 241495 410
1 241974 410
3 241974 410
1 242453 410
2 242453 410
1 242932 314
4 242932 314
1 243177 314
4 243177 314
0 243422 314
2 243422 314
1 243667 250
1 243789 362
2 243789 362
1 244157 250
0 244402 250
7 244647 250
1 244892 314
4 244892 314
1 245131 314
4 245131 314
0 245369 314
2 245369 314
1 245608 250
1 245728 362
2 245728 362
1 246086 250
0 246325 250
7 246564 250
1 246803 410
3 246803 410
2 246803 1786
1 247281 410
2 247281 410
0 247760 410
2 247760 410
0 248239 410
1 248239 410
2 248717 410
4 248717 410
2 249192 410
3 249192 410
1 249667 410
3 249667 410
1 250142 410
2 250142 410
1 250617 314
4 250617 314
1 250859 314
4 250859 314
0 251101 314
2 251101 314
1 251343 250
1 251465 362
2 251465 362
1 251828 250
0 252070 250
7 252312 250
1 252554 314
4 252554 314
1 252794 314
4 252794 314
0 253034 314
2 253034 314
1 253274 250
1 253393 362
2 253393 362
1 253753 250
0 253993 250
7 254233 250
1 254473 410
3 254473 410
1 254947 410
2 254947 410
0 255422 410
2 255422 410
0 255896 410
1 255896 410
2 256371 410
4 256371 410
2 256848 410
3 256848 410
1 257326 410
3 257326 410
1 257803 410
2 257803 410
1 258280 362
2 258280 362
4 258280 362
0 258660 362
2 258660 362
3 258660 362
0 259039 362
1 259039 362
2 259039 362
0 259419 362
1 259419 362
3 259419 362
0 259798 314
1 259798 314
2 259798 314
0 260051 314
1 260304 410
2 260304 410
4 260304 410
0 260715 410
2 260715 410
3 260715 410
0 261116 346
1 261116 346
2 261116 346
1 261983 4858
2 261983 4858
3 261983 4858
