1 6321 617
2 6321 617
6 6321 250
0 7900 617
1 7900 617
6 7900 250
0 9479 1001
2 9479 1001
6 9479 250
2 9479 826
1 12637 617
2 12637 617
6 12637 250
0 14216 617
1 14216 617
6 14216 250
0 15795 809
2 15795 809
6 15795 250
2 18163 250
6 18163 250
3 18360 250
6 18360 250
2 18558 250
6 18558 250
1 18755 250
6 18755 250
1 18952 617
2 18952 617
6 18952 250
0 20531 617
1 20531 617
6 20531 250
0 22110 1001
2 22110 1001
6 22110 250
3 25663 250
6 25663 250
3 25860 250
4 25860 250
6 25860 250
3 26255 250
4 26255 250
6 26255 250
2 26650 377
4 26650 377
6 26650 250
2 27242 250
3 27242 250
6 27242 250
2 27439 329
4 27439 329
6 27439 250
2 27834 250
3 27834 250
6 27834 250
1 28031 250
6 28031 250
0 28229 250
6 28229 250
0 28426 617
2 28426 617
6 28426 250
0 30005 425
2 30005 425
3 30005 425
6 30005 250
0 30795 425
2 30795 425
3 30795 425
6 30795 250
3 31584 250
6 31584 250
4 31683 250
6 31683 250
3 31781 250
6 31781 250
4 31880 250
6 31880 250
3 31979 250
6 31979 250
4 32077 250
6 32077 250
3 32176 250
6 32176 250
4 32275 250
6 32275 250
2 32373 250
6 32373 250
4 32472 250
6 32472 250
2 32571 250
6 32571 250
4 32670 250
6 32670 250
2 32768 250
6 32768 250
4 32867 250
6 32867 250
2 32966 250
6 32966 250
4 33064 250
6 33064 250
1 33163 250
6 33163 250
4 33262 250
6 33262 250
1 33360 250
6 33360 250
4 33459 250
6 33459 250
1 33558 250
6 33558 250
4 33656 250
6 33656 250
1 33755 250
6 33755 250
4 33854 250
6 33854 250
1 33952 250
6 33952 250
4 34051 250
6 34051 250
1 34150 250
6 34150 250
4 34248 250
6 34248 250
1 34347 250
6 34347 250
4 34446 250
6 34446 250
1 34545 250
6 34545 250
4 34643 250
6 34643 250
3 34742 250
6 34742 250
2 34742 1018
4 34841 250
6 34841 250
3 34939 250
6 34939 250
4 35038 250
6 35038 250
3 35137 250
6 35137 250
4 35235 250
6 35235 250
3 35334 250
6 35334 250
4 35433 250
6 35433 250
2 35531 250
6 35531 250
4 35630 250
6 35630 250
2 35729 250
6 35729 250
4 35827 250
6 35827 250
2 35926 250
6 35926 250
4 36025 250
6 36025 250
2 36123 250
6 36123 250
4 36222 250
6 36222 250
1 36321 250
6 36321 250
4 36420 250
6 36420 250
1 36518 250
6 36518 250
4 36617 250
6 36617 250
1 36716 250
6 36716 250
4 36814 250
6 36814 250
1 36913 250
6 36913 250
4 37012 250
6 37012 250
0 37110 425
1 37110 425
6 37110 250
1 37900 617
2 37900 617
6 37900 250
0 39479 617
1 39479 617
6 39479 250
0 41058 1001
2 41058 1001
6 41058 250
1 44216 617
2 44216 617
6 44216 250
0 45795 617
1 45795 617
6 45795 250
0 47373 809
2 47373 809
6 47373 250
2 49742 250
6 49742 250
3 49939 250
6 49939 250
2 50137 250
6 50137 250
1 50334 250
6 50334 250
1 50531 617
2 50531 617
6 50531 250
0 52110 617
1 52110 617
6 52110 250
0 53689 585
2 53689 585
6 53689 250
0 55137 250
2 55137 250
6 55137 250
0 55268 329
2 55268 329
6 55268 250
0 55663 425
2 55663 425
6 55663 250
0 56452 346
2 56452 346
6 56452 250
3 57242 250
6 57242 250
3 57439 250
4 57439 250
6 57439 250
3 57834 250
4 57834 250
6 57834 250
2 58229 377
4 58229 377
6 58229 250
2 58821 250
3 58821 250
6 58821 250
2 59018 329
4 59018 329
6 59018 250
2 59413 250
3 59413 250
6 59413 250
1 59610 250
6 59610 250
0 59808 250
3 59808 250
6 59808 250
0 60005 329
2 60005 329
6 60005 250
0 60400 250
2 60400 250
6 60400 250
0 60597 345
2 60597 345
6 60597 250
0 61058 250
2 61058 250
6 61058 250
0 61189 329
2 61189 329
6 61189 250
0 61584 329
2 61584 329
6 61584 250
0 61979 329
2 61979 329
6 61979 250
0 62373 329
2 62373 329
6 62373 250
0 62768 329
2 62768 329
6 62768 250
3 63163 250
4 63163 250
6 63163 250
3 63558 250
4 63558 250
6 63558 250
2 63952 250
3 63952 250
6 63952 250
2 64347 250
4 64347 250
6 64347 250
1 64545 250
3 64545 250
6 64545 250
1 64939 250
6 64939 250
1 65137 250
2 65137 250
6 65137 250
1 65531 250
6 65531 250
2 65729 250
6 65729 250
1 65926 250
6 65926 250
0 66123 250
6 66123 250
0 66321 329
1 66321 329
6 66321 250
0 66716 329
6 66716 250
0 67110 250
2 67110 250
6 67110 250
3 67505 250
6 67505 250
2 67702 250
6 67702 250
0 68295 329
1 68295 329
6 68295 250
0 68689 329
1 68689 329
6 68689 250
0 69084 329
1 69084 329
6 69084 250
3 69479 250
4 69479 250
6 69479 250
3 69873 250
4 69873 250
6 69873 250
2 70268 250
3 70268 250
6 70268 250
2 70663 250
4 70663 250
6 70663 250
1 70860 250
3 70860 250
6 70860 250
1 71255 250
6 71255 250
1 71452 250
2 71452 250
6 71452 250
1 71847 250
6 71847 250
2 72045 250
6 72045 250
1 72242 250
6 72242 250
0 72439 250
6 72439 250
0 72637 329
1 72637 329
6 72637 250
2 72637 1018
0 73031 329
6 73031 250
0 73426 250
2 73426 250
6 73426 250
3 73821 250
6 73821 250
2 74018 250
6 74018 250
0 74610 329
1 74610 329
6 74610 250
0 75005 329
1 75005 329
6 75005 250
0 75400 329
1 75400 329
6 75400 250
3 75795 250
6 75795 250
4 75893 250
6 75893 250
3 75992 250
6 75992 250
4 76091 250
6 76091 250
3 76189 250
6 76189 250
4 76288 250
6 76288 250
3 76387 250
6 76387 250
4 76485 250
6 76485 250
2 76584 250
6 76584 250
4 76683 250
6 76683 250
2 76781 250
6 76781 250
4 76880 250
6 76880 250
2 76979 250
6 76979 250
4 77077 250
6 77077 250
2 77176 250
6 77176 250
4 77275 250
6 77275 250
1 77373 250
6 77373 250
4 77472 250
6 77472 250
1 77571 250
6 77571 250
4 77670 250
6 77670 250
1 77768 250
6 77768 250
4 77867 250
6 77867 250
1 77966 250
6 77966 250
4 78064 250
6 78064 250
1 78163 250
6 78163 250
4 78262 250
6 78262 250
1 78360 250
6 78360 250
4 78459 250
6 78459 250
1 78558 250
6 78558 250
4 78656 250
6 78656 250
1 78755 250
6 78755 250
4 78854 250
6 78854 250
3 78952 250
6 78952 250
4 79051 250
6 79051 250
3 79150 250
6 79150 250
4 79248 250
6 79248 250
3 79347 250
6 79347 250
4 79446 250
6 79446 250
3 79545 250
6 79545 250
4 79643 250
6 79643 250
2 79742 250
6 79742 250
4 79841 250
6 79841 250
2 79939 250
6 79939 250
4 80038 250
6 80038 250
2 80137 250
6 80137 250
4 80235 250
6 80235 250
2 80334 250
6 80334 250
4 80433 250
6 80433 250
0 80531 617
1 80531 617
6 80531 250
1 82110 329
6 82110 250
1 82503 329
6 82503 250
1 82895 329
6 82895 250
1 83287 297
2 83287 297
6 83287 250
1 83549 457
2 83549 457
6 83549 250
1 84464 250
6 84464 250
0 84660 250
6 84660 250
1 84856 250
6 84856 250
2 85052 250
6 85052 250
0 85248 329
1 85248 329
6 85248 250
0 85641 329
1 85641 329
6 85641 250
0 86033 250
1 86033 250
6 86033 250
0 86164 250
1 86164 250
6 86164 250
0 86294 250
1 86294 250
6 86294 250
0 86425 297
1 86425 297
6 86425 250
0 86687 250
1 86687 250
6 86687 250
0 86817 329
1 86817 329
6 86817 250
0 87210 329
1 87210 329
6 87210 250
0 87602 250
1 87602 250
6 87602 250
0 87798 250
2 87798 250
6 87798 250
0 87994 250
3 87994 250
6 87994 250
1 88386 329
6 88386 250
1 88779 329
6 88779 250
1 89171 329
6 89171 250
1 89563 297
2 89563 297
6 89563 250
1 89825 361
2 89825 361
6 89825 250
0 90348 329
1 90348 329
2 90348 329
6 90348 250
0 90740 329
1 90740 329
2 90740 329
6 90740 250
0 91132 281
1 91132 281
2 91132 281
6 91132 250
1 91328 377
2 91328 377
6 91328 250
0 91917 329
1 91917 329
6 91917 250
0 92309 250
1 92309 250
6 92309 250
0 92505 250
2 92505 250
6 92505 250
0 92701 250
1 92701 250
6 92701 250
0 92897 250
2 92897 250
6 92897 250
0 93094 329
1 93094 329
6 93094 250
0 93486 329
1 93486 329
6 93486 250
2 93878 250
6 93878 250
3 94074 250
6 94074 250
2 94270 250
6 94270 250
1 94467 250
6 94467 250
1 94663 617
2 94663 617
6 94663 250
0 96232 617
1 96232 617
6 96232 250
0 97801 585
2 97801 585
6 97801 250
0 99239 250
2 99239 250
6 99239 250
0 99370 329
2 99370 329
6 99370 250
0 99762 425
2 99762 425
6 99762 250
0 100547 346
2 100547 346
6 100547 250
3 101135 250
6 101135 250
3 101331 250
6 101331 250
3 101527 250
4 101527 250
6 101527 250
3 101919 250
4 101919 250
6 101919 250
2 102312 377
4 102312 377
6 102312 250
2 102900 250
3 102900 250
6 102900 250
2 103096 329
4 103096 329
6 103096 250
2 103488 250
3 103488 250
6 103488 250
1 103685 250
3 103685 250
6 103685 250
1 103946 250
3 103946 250
6 103946 250
0 104077 329
2 104077 329
6 104077 250
2 104077 1018
0 104469 250
2 104469 250
6 104469 250
0 104665 345
2 104665 345
6 104665 250
0 105123 250
2 105123 250
6 105123 250
0 105254 329
2 105254 329
6 105254 250
0 105646 425
2 105646 425
6 105646 250
0 106421 250
6 106421 250
1 106615 250
6 106615 250
2 106809 250
6 106809 250
4 107196 425
6 107196 250
3 107982 521
4 107982 521
6 107982 250
3 109160 250
6 109160 250
2 109553 329
3 109553 329
6 109553 250
1 109945 250
6 109945 250
0 110142 250
6 110142 250
0 110338 521
2 110338 521
6 110338 250
1 111516 250
2 111516 250
6 111516 250
0 111909 617
1 111909 617
6 111909 250
3 113480 250
4 113480 250
6 113480 250
3 113872 250
4 113872 250
6 113872 250
2 114264 250
3 114264 250
6 114264 250
2 114656 250
4 114656 250
6 114656 250
1 114853 250
3 114853 250
6 114853 250
1 115245 250
6 115245 250
1 115441 250
2 115441 250
6 115441 250
1 115833 250
6 115833 250
2 116029 250
6 116029 250
1 116225 250
6 116225 250
0 116421 250
6 116421 250
0 116617 329
1 116617 329
6 116617 250
0 117010 329
6 117010 250
0 117402 250
2 117402 250
6 117402 250
3 117794 250
6 117794 250
2 117990 250
6 117990 250
0 118578 329
1 118578 329
6 118578 250
0 118971 329
1 118971 329
6 118971 250
0 119363 329
1 119363 329
6 119363 250
3 119755 250
4 119755 250
6 119755 250
3 120147 250
4 120147 250
6 120147 250
2 120539 250
3 120539 250
6 120539 250
2 120932 250
4 120932 250
6 120932 250
1 121128 250
3 121128 250
6 121128 250
1 121520 250
6 121520 250
1 121716 250
2 121716 250
6 121716 250
1 122108 250
6 122108 250
2 122304 250
6 122304 250
1 122500 250
6 122500 250
0 122696 250
6 122696 250
0 122893 329
1 122893 329
6 122893 250
0 123285 329
6 123285 250
0 123677 250
2 123677 250
6 123677 250
3 124069 250
6 124069 250
2 124265 250
6 124265 250
0 124854 329
1 124854 329
6 124854 250
0 125246 329
1 125246 329
6 125246 250
0 125638 329
1 125638 329
6 125638 250
3 126030 250
4 126030 250
6 126030 250
3 126422 250
4 126422 250
6 126422 250
2 126815 250
3 126815 250
6 126815 250
2 127207 250
4 127207 250
6 127207 250
1 127403 250
3 127403 250
6 127403 250
1 127795 250
6 127795 250
1 127991 250
2 127991 250
6 127991 250
1 128383 250
6 128383 250
2 128579 250
6 128579 250
1 128776 250
6 128776 250
0 128972 250
6 128972 250
0 129168 329
1 129168 329
6 129168 250
0 129560 329
6 129560 250
0 129952 250
2 129952 250
6 129952 250
3 130344 250
6 130344 250
2 130540 250
6 130540 250
0 131129 250
6 131129 250
1 131259 250
6 131259 250
2 131325 250
6 131325 250
3 131390 250
6 131390 250
2 131521 250
6 131521 250
3 131717 250
6 131717 250
2 131913 250
6 131913 250
1 132109 250
6 132109 250
3 132305 250
4 132305 250
6 132305 250
3 132698 250
4 132698 250
6 132698 250
2 133090 250
3 133090 250
6 133090 250
2 133482 250
4 133482 250
6 133482 250
1 133678 250
3 133678 250
6 133678 250
1 134070 250
6 134070 250
1 134266 250
2 134266 250
6 134266 250
1 134658 250
6 134658 250
2 134855 250
6 134855 250
1 135051 250
6 135051 250
0 135247 250
6 135247 250
0 135443 329
1 135443 329
6 135443 250
2 135443 1018
0 135835 329
6 135835 250
0 136227 250
2 136227 250
6 136227 250
3 136619 250
6 136619 250
2 136816 250
6 136816 250
0 137404 329
1 137404 329
6 137404 250
0 137796 329
1 137796 329
6 137796 250
0 138188 329
1 138188 329
6 138188 250
3 138580 250
6 138580 250
4 138679 250
6 138679 250
3 138777 250
6 138777 250
4 138875 250
6 138875 250
3 138973 250
6 138973 250
4 139071 250
6 139071 250
3 139169 250
6 139169 250
4 139267 250
6 139267 250
2 139365 250
6 139365 250
4 139463 250
6 139463 250
2 139561 250
6 139561 250
4 139659 250
6 139659 250
2 139757 250
6 139757 250
4 139855 250
6 139855 250
2 139953 250
6 139953 250
4 140051 250
6 140051 250
1 140149 250
6 140149 250
4 140247 250
6 140247 250
1 140345 250
6 140345 250
4 140443 250
6 140443 250
1 140541 250
6 140541 250
4 140639 250
6 140639 250
1 140737 250
6 140737 250
4 140835 250
6 140835 250
1 140933 250
6 140933 250
4 141031 250
6 141031 250
1 141129 250
6 141129 250
4 141227 250
6 141227 250
1 141325 250
6 141325 250
4 141423 250
6 141423 250
1 141521 250
6 141521 250
4 141619 250
6 141619 250
0 141717 250
6 141717 250
1 141815 250
6 141815 250
0 141913 250
6 141913 250
1 142011 250
6 142011 250
0 142109 250
6 142109 250
1 142207 250
6 142207 250
0 142305 250
6 142305 250
1 142403 250
6 142403 250
0 142501 250
6 142501 250
2 142599 250
6 142599 250
0 142697 250
6 142697 250
2 142795 250
6 142795 250
0 142893 250
6 142893 250
2 142991 250
6 142991 250
0 143090 250
6 143090 250
4 143188 250
6 143188 250
0 143286 250
6 143286 250
3 143384 250
6 143384 250
0 143482 250
6 143482 250
3 143580 250
6 143580 250
0 143678 250
6 143678 250
3 143776 250
6 143776 250
0 143874 250
6 143874 250
3 143972 250
6 143972 250
0 144070 250
6 144070 250
3 144168 250
6 144168 250
0 144266 250
6 144266 250
3 144364 250
6 144364 250
0 144462 250
6 144462 250
3 144560 250
6 144560 250
0 144658 250
6 144658 250
3 144756 250
6 144756 250
3 144854 250
6 144854 250
4 144952 250
6 144952 250
3 145050 250
6 145050 250
4 145148 250
6 145148 250
3 145246 250
6 145246 250
4 145344 250
6 145344 250
3 145442 250
6 145442 250
4 145540 250
6 145540 250
2 145638 250
6 145638 250
4 145736 250
6 145736 250
2 145834 250
6 145834 250
4 145932 250
6 145932 250
2 146030 250
6 146030 250
4 146128 250
6 146128 250
2 146226 250
6 146226 250
4 146324 250
6 146324 250
1 146422 250
6 146422 250
4 146520 250
6 146520 250
1 146618 250
6 146618 250
4 146716 250
6 146716 250
1 146814 250
6 146814 250
4 146912 250
6 146912 250
1 147010 250
6 147010 250
4 147108 250
6 147108 250
1 147206 250
6 147206 250
4 147304 250
6 147304 250
1 147403 250
6 147403 250
4 147501 250
6 147501 250
1 147599 250
6 147599 250
4 147697 250
6 147697 250
1 147795 250
6 147795 250
4 147893 250
6 147893 250
0 147991 250
6 147991 250
1 148089 250
6 148089 250
0 148187 250
6 148187 250
1 148285 250
6 148285 250
0 148383 250
6 148383 250
1 148481 250
6 148481 250
0 148579 250
6 148579 250
1 148677 250
6 148677 250
0 148775 250
6 148775 250
2 148873 250
6 148873 250
0 148971 250
6 148971 250
2 149069 250
6 149069 250
0 149167 250
6 149167 250
2 149265 250
6 149265 250
0 149363 250
6 149363 250
4 149461 250
6 149461 250
0 149559 1978
1 149559 1978
6 149559 250
