2 5968 250
2 6761 250
3 7158 490
2 7952 250
1 8349 650
0 9539 650
2 10729 250
1 11126 250
2 11920 490
1 12714 250
0 13110 730
2 15491 250
2 16285 250
3 16682 490
2 17476 250
1 17872 650
0 19063 650
2 20253 250
1 20650 250
2 21444 490
1 22238 250
0 22634 730
2 25015 250
2 25809 250
3 26206 490
2 26999 250
1 27396 650
0 28587 650
2 29777 250
1 30174 250
2 30968 490
1 31761 250
0 32158 730
2 34539 250
2 34539 3610
2 35333 250
3 35730 490
2 36523 250
1 36920 650
0 38111 650
2 39301 250
1 39698 250
2 40492 490
1 41285 250
0 41682 730
2 44063 250
2 44857 250
3 45254 490
2 46047 250
1 46444 650
0 47635 650
2 48825 250
1 49222 250
2 50016 490
1 50809 250
0 51206 730
2 53587 250
2 54381 250
3 54777 490
2 55571 250
1 55968 650
0 57158 650
2 58349 250
1 58746 250
2 59539 490
1 60333 250
0 60730 730
2 63111 250
2 63905 250
3 64301 490
2 65095 250
1 65492 650
0 66682 650
2 67873 250
1 68270 250
2 69063 490
1 69857 250
0 70254 730
2 72635 250
2 73428 250
3 73825 490
2 74619 250
1 75016 650
0 76206 730
2 82159 250
2 82159 3850
2 82952 250
3 83349 490
2 84143 250
1 84540 650
0 85730 650
2 86921 250
1 87317 250
2 88111 490
1 88905 250
0 89302 730
0 91683 650
1 91683 650
0 92873 650
1 92873 650
0 94063 650
1 94063 650
0 95254 650
1 95254 650
0 96444 650
2 96444 650
0 97635 650
2 97635 650
0 98825 650
2 98825 650
0 100016 650
2 100016 650
2 101206 650
3 101206 650
2 102397 650
3 102397 650
2 103587 650
3 103587 650
2 104778 650
3 104778 650
1 105968 650
2 105968 650
1 107159 650
2 107159 650
1 108349 650
2 108349 650
1 109540 650
2 109540 650
0 110730 650
1 110730 650
0 111921 650
1 111921 650
0 113111 650
1 113111 650
0 114302 650
1 114302 650
0 115492 650
2 115492 650
0 116683 650
2 116683 650
0 117873 650
2 117873 650
0 119064 650
2 119064 650
2 120254 650
3 120254 650
2 121445 650
3 121445 650
2 122635 650
3 122635 650
2 123826 650
3 123826 650
1 125016 650
2 125016 650
1 126207 650
2 126207 650
1 127397 650
2 127397 650
1 128588 650
2 128588 650
0 129778 650
1 129778 650
0 130969 650
1 130969 650
0 132159 650
1 132159 650
0 133349 650
1 133349 650
0 134540 650
2 134540 650
0 135730 650
2 135730 650
0 136921 650
2 136921 650
0 138111 650
2 138111 650
2 139302 650
3 139302 650
2 139302 4090
2 140492 650
3 140492 650
2 141683 650
3 141683 650
2 142873 650
3 142873 650
1 144064 650
2 144064 650
1 145254 650
2 145254 650
1 146445 650
2 146445 650
1 147635 650
2 147635 650
0 148826 650
1 148826 650
0 150016 650
1 150016 650
0 151207 650
1 151207 650
0 152397 650
1 152397 650
0 153588 650
2 153588 650
0 154778 650
2 154778 650
0 155969 650
2 155969 650
0 157159 650
2 157159 650
2 158350 650
3 158350 650
2 159540 650
3 159540 650
2 160731 650
3 160731 650
2 161921 650
3 161921 650
1 163112 650
2 163112 650
1 164302 650
2 164302 650
1 165493 650
2 165493 650
1 166683 730
2 166683 730
2 177397 250
2 178191 250
3 178588 490
2 179382 250
1 179778 650
0 180969 650
2 182159 250
1 182556 250
2 183350 490
1 184144 250
0 184540 730
2 186921 250
2 187715 250
3 188112 490
2 188905 250
1 189302 650
0 190493 650
2 191683 250
1 192080 250
2 192874 490
1 193667 250
0 194064 730
2 196445 250
2 197239 250
3 197636 490
2 198429 250
1 198826 650
0 200017 650
2 201207 250
1 201604 250
2 202398 490
1 203191 250
0 203588 730
2 205969 250
2 205969 3610
2 206763 250
3 207160 490
2 207953 250
1 208350 650
0 209541 650
2 210731 250
1 211128 250
2 211922 490
1 212715 250
0 213112 730
2 215493 250
2 216287 250
3 216683 490
2 217477 250
1 217874 650
0 219064 730
2 225017 250
2 225811 250
3 226207 490
2 227001 250
1 227398 650
0 228588 650
2 229779 250
1 230176 250
2 230969 490
1 231763 250
0 232160 730
0 234541 650
1 234541 650
0 235731 650
1 235731 650
0 236922 650
1 236922 650
0 238112 650
1 238112 650
0 239303 650
2 239303 650
0 240493 650
2 240493 650
0 241684 650
2 241684 650
0 242874 650
2 242874 650
2 244065 650
3 244065 650
2 245255 650
3 245255 650
2 246446 650
3 246446 650
2 247636 650
3 247636 650
1 248827 650
2 248827 650
1 250017 650
2 250017 650
1 251208 650
2 251208 650
1 252398 650
2 252398 650
0 253589 650
1 253589 650
0 254779 650
1 254779 650
0 255970 650
1 255970 650
0 257160 650
1 257160 650
0 258350 650
2 258350 650
0 259541 650
2 259541 650
0 260731 650
2 260731 650
0 261922 650
2 261922 650
2 263112 650
3 263112 650
2 264303 650
3 264303 650
2 265493 650
3 265493 650
2 266684 650
3 266684 650
1 267874 650
2 267874 650
1 269065 650
2 269065 650
1 270255 650
2 270255 650
1 271446 650
2 271446 650
0 272636 650
1 272636 650
0 273827 650
1 273827 650
0 275017 650
1 275017 650
0 276208 650
1 276208 650
0 277398 650
2 277398 650
0 278589 650
2 278589 650
0 279779 650
2 279779 650
0 280970 650
2 280970 650
2 282160 650
3 282160 650
2 282160 4090
2 283351 650
3 283351 650
2 284541 650
3 284541 650
2 285732 650
3 285732 650
1 286922 650
2 286922 650
1 288113 650
2 288113 650
1 289303 650
2 289303 650
1 290494 650
2 290494 650
0 291684 650
1 291684 650
0 292875 650
1 292875 650
0 294065 650
1 294065 650
0 295256 650
1 295256 650
0 296446 650
2 296446 650
0 297637 650
2 297637 650
0 298827 650
2 298827 650
0 300017 650
2 300017 650
2 301208 650
3 301208 650
2 302398 650
3 302398 650
2 303589 650
3 303589 650
2 304779 650
3 304779 650
1 305970 650
2 305970 650
1 307160 650
2 307160 650
1 308351 650
2 308351 650
1 309541 650
2 309541 650
1 310732 250
1 311327 250
1 311922 250
1 312518 250
1 313113 250
1 313708 250
1 314303 650
3 315494 250
3 316089 250
3 316684 250
3 317280 250
3 317875 250
3 318470 250
3 319065 250
0 320256 250
0 321446 250
0 322637 250
0 325018 250
0 326208 250
0 327399 250
0 329780 250
0 330970 250
0 332161 250
0 334542 250
0 335732 250
0 336923 250
0 339304 250
0 340494 250
3 341684 250
6 341684 250
3 342875 250
6 342875 250
0 344065 250
0 345256 250
3 346446 250
6 346446 250
3 347637 250
6 347637 250
0 348827 250
0 350018 250
3 351208 250
6 351208 250
3 352399 250
6 352399 250
0 353589 250
2 353589 3850
0 354780 250
3 355970 250
6 355970 250
3 357161 250
6 357161 250
0 358351 250
0 359542 250
0 360732 250
0 366685 250
2 367875 250
2 368669 250
2 369462 250
2 370256 250
2 371050 250
2 371843 250
1 372637 250
1 373431 250
1 374224 250
1 375018 250
1 375812 250
1 376605 250
0 377399 250
0 378193 250
0 378986 250
0 379780 250
0 380574 250
0 381367 250
0 382161 250
0 382955 250
0 383748 250
0 384542 250
0 385336 250
0 386129 250
2 386923 250
2 387717 250
2 388510 250
2 389304 250
2 390098 250
2 390891 250
1 391685 250
1 392479 250
1 393272 250
1 394066 250
1 394860 250
1 395653 250
0 396447 250
0 397240 250
0 398034 250
0 398828 250
0 399621 250
0 400415 250
0 401209 250
0 402002 250
0 402796 250
0 403590 250
0 404383 250
0 405177 250
2 405971 250
2 406764 250
2 407558 250
2 408352 250
2 409145 250
2 409939 250
1 410733 250
1 411526 250
1 412320 250
1 413114 250
1 413907 250
1 414701 250
0 415495 250
2 415495 4090
0 416288 250
0 417082 250
0 417876 250
0 418669 250
0 419463 250
0 420257 250
0 421050 250
0 421844 250
0 422638 250
0 423431 250
0 424225 250
2 425018 250
2 425812 250
2 426606 250
2 427399 250
2 428193 250
2 428987 250
1 429780 250
1 430574 250
1 431368 250
1 432161 250
1 432955 250
1 433749 250
0 434542 250
0 435336 250
0 436130 250
0 436923 250
0 437717 250
0 438511 250
0 439304 250
0 440098 250
0 440892 250
0 441685 250
0 442479 250
0 443273 250
3 444066 250
3 444860 250
3 445654 250
3 446447 250
3 447241 250
3 448035 250
3 448828 250
3 449622 250
3 450416 250
3 451209 250
3 452003 250
3 452796 250
3 453590 250
3 454384 250
3 455177 250
3 455971 250
3 456765 250
3 457558 250
3 458352 250
3 459146 250
3 459939 250
3 460733 250
3 461527 250
3 462320 250
3 463114 250
3 463908 250
3 464701 250
3 465495 250
3 466289 250
3 467082 250
3 467876 250
3 468670 250
3 469463 250
3 470257 250
3 471051 250
3 471844 250
3 472638 250
3 473432 250
3 474225 250
3 475019 250
3 475813 250
3 476606 250
3 477400 250
3 478194 250
3 478987 250
3 479781 250
3 480574 250
3 481368 250
2 482162 250
2 482955 250
2 483749 250
2 484543 250
2 485336 250
2 486130 250
1 486924 250
1 487717 250
1 488511 250
1 489305 250
1 490098 250
1 490892 250
0 491686 250
2 491686 3970
0 492479 250
0 493273 250
0 494067 250
0 494860 250
0 495654 250
0 496448 250
0 497241 250
0 498035 250
0 498829 250
0 499622 250
0 500416 250
2 501210 250
2 502003 250
2 502797 250
2 503591 250
2 504384 250
2 505178 250
1 505972 250
1 506765 250
1 507559 250
1 508352 250
1 509146 250
1 509940 250
0 510733 250
0 511527 250
0 512321 250
0 513114 250
0 513908 250
0 514702 250
0 515495 250
0 516289 250
0 517083 250
0 517876 250
0 518670 250
0 519464 250
2 520257 250
2 521051 250
3 521448 490
2 522241 250
1 522638 650
0 523829 650
2 525019 250
1 525416 250
2 526210 490
1 527003 250
0 527400 730
