0 2134 250
1 2404 250
2 2675 250
3 2945 250
2 3215 250
1 3486 250
0 3756 250
1 4026 250
0 4296 250
1 4567 250
2 4837 250
3 5107 250
2 5377 250
1 5648 250
0 5918 250
1 6188 250
0 6458 250
1 6729 250
2 6999 250
3 7269 250
2 7540 250
1 7810 250
0 8080 250
1 8350 250
0 8621 250
1 8891 250
2 9161 250
3 9431 250
2 9702 250
1 9972 250
3 10242 250
4 10377 250
7 10513 250
0 10783 250
1 11053 250
2 11323 250
3 11594 250
2 11864 250
1 12134 250
0 12404 250
1 12675 250
0 12945 250
1 13215 250
2 13486 250
3 13756 250
2 14026 250
1 14296 250
0 14567 250
1 14837 250
0 15107 250
1 15377 250
2 15648 250
3 15918 250
2 16188 250
1 16458 250
0 16729 250
1 16999 250
0 17269 250
2 17269 1738
1 17540 250
2 17810 250
3 18080 250
4 18350 250
3 18621 250
2 18891 250
1 19161 250
0 19431 250
1 19702 250
2 19972 250
3 20242 250
2 20513 250
1 20783 250
0 21053 250
1 21323 250
0 21594 250
1 21864 250
2 22134 250
3 22404 250
2 22675 250
1 22945 250
0 23215 250
1 23486 250
0 23756 250
1 24026 250
2 24296 250
3 24567 250
2 24837 250
1 25107 250
0 25377 250
1 25648 250
0 25918 250
1 26188 250
2 26458 250
0 28080 250
1 28350 250
2 28621 250
3 28891 250
2 29161 250
1 29431 250
0 29702 250
1 29972 250
0 30242 250
1 30513 250
2 30783 250
3 31053 250
2 31323 250
1 31594 250
0 31864 250
1 32134 250
0 32404 250
1 32675 250
2 32945 250
3 33215 250
2 33486 250
1 33756 250
0 34026 250
1 34296 250
0 34567 250
1 34837 250
2 35107 250
3 35377 250
4 35648 250
3 35918 250
2 36188 250
1 36458 250
0 36729 250
1 36999 250
2 37269 250
3 37540 250
2 37810 250
1 38080 250
0 38350 250
1 38621 250
0 38891 250
1 39161 250
2 39431 250
3 39702 250
2 39972 250
1 40242 250
0 40513 250
1 40783 250
0 41053 250
1 41323 250
2 41594 250
3 41864 250
2 42134 250
1 42404 250
0 42675 250
1 42945 250
0 43215 250
1 43486 250
2 43756 250
3 44026 250
4 44296 250
3 44567 250
2 44837 250
1 45107 250
0 45377 250
6 45377 250
1 45648 250
6 45648 250
2 45918 250
6 45918 250
3 46188 250
6 46188 250
4 46323 250
6 46323 250
2 46458 250
6 46458 250
1 46729 250
6 46729 250
0 46999 250
6 46999 250
0 47540 250
1 47810 250
2 48080 250
3 48350 250
2 48621 250
1 48891 250
0 49161 250
1 49431 250
0 49702 250
1 49972 250
2 50242 250
3 50513 250
2 50783 250
1 51053 250
0 51323 250
1 51594 250
0 51864 250
2 51864 1738
1 52134 250
2 52404 250
3 52675 250
2 52945 250
1 53215 250
0 53486 250
1 53756 250
0 54026 250
1 54296 250
2 54567 250
3 54837 250
4 55107 250
2 55648 250
1 55918 250
0 56188 250
1 56458 250
2 56729 250
3 56999 250
2 57269 250
1 57540 250
0 57810 250
1 58080 250
0 58350 250
1 58621 250
2 58891 250
3 59161 250
2 59431 250
1 59702 250
0 59972 250
1 60242 250
0 60513 250
1 60783 250
2 61053 250
3 61323 250
2 61594 250
1 61864 250
0 62134 250
1 62404 250
0 62675 250
1 62945 250
2 63215 250
0 64837 250
1 65107 250
2 65377 250
3 65648 250
2 65918 250
1 66188 250
0 66458 250
1 66729 250
0 66999 250
1 67269 250
2 67540 250
3 67810 250
2 68080 250
1 68350 250
0 68621 250
1 68891 250
0 69161 250
1 69431 250
2 69702 250
3 69972 250
2 70242 250
1 70513 250
0 70783 250
1 71053 250
0 71323 250
1 71594 250
2 71864 250
3 72134 250
4 72404 250
3 72675 250
2 72945 250
1 73215 250
0 73486 250
1 73756 250
2 74026 250
3 74296 250
2 74567 250
1 74837 250
0 75107 250
1 75377 250
0 75648 250
1 75918 250
2 76188 250
3 76458 250
2 76729 250
1 76999 250
0 77269 250
1 77540 250
0 77810 250
1 78080 250
2 78350 250
3 78621 250
2 78891 250
1 79161 250
0 79431 250
1 79702 250
0 79972 250
1 80242 250
2 80513 250
3 80783 250
4 81053 250
3 81323 250
2 81594 250
6 81594 250
1 81864 250
6 81864 250
0 82134 250
6 82134 250
2 82134 1738
1 82404 250
6 82404 250
2 82675 250
6 82675 250
3 82945 250
6 82945 250
4 83080 250
6 83080 250
2 83215 250
6 83215 250
3 83486 250
6 83486 250
1 83756 250
6 83756 250
2 84026 250
6 84026 250
0 84296 250
6 84296 250
1 84567 250
6 84567 250
2 84837 250
6 84837 250
3 85107 250
6 85107 250
4 85242 250
6 85242 250
2 85377 250
6 85377 250
3 85648 250
6 85648 250
1 85918 250
6 85918 250
2 86188 250
6 86188 250
0 86458 250
6 86458 250
1 86729 250
6 86729 250
2 86999 250
6 86999 250
3 87269 250
6 87269 250
4 87404 250
6 87404 250
2 87540 250
6 87540 250
3 87810 250
6 87810 250
1 88080 250
6 88080 250
2 88350 250
6 88350 250
0 88621 250
6 88621 250
1 88891 250
6 88891 250
2 89161 250
6 89161 250
4 89431 250
6 89431 250
3 89567 250
6 89567 250
2 89702 250
6 89702 250
1 89837 250
6 89837 250
0 89972 250
6 89972 250
3 91594 250
6 91594 250
4 91729 250
6 91729 250
2 91864 250
6 91864 250
3 92134 250
6 92134 250
1 92404 250
6 92404 250
2 92675 250
6 92675 250
0 92945 250
6 92945 250
1 93215 250
6 93215 250
2 93486 250
6 93486 250
3 93756 250
6 93756 250
4 93891 250
6 93891 250
2 94026 250
6 94026 250
3 94296 250
6 94296 250
1 94567 250
6 94567 250
2 94837 250
6 94837 250
0 95107 250
6 95107 250
1 95377 250
6 95377 250
2 95648 250
6 95648 250
3 95918 250
6 95918 250
4 96053 250
6 96053 250
2 96188 250
6 96188 250
3 96458 250
6 96458 250
1 96729 250
6 96729 250
2 96999 250
6 96999 250
0 99431 250
1 99702 250
2 99972 250
3 100242 250
2 100513 250
1 100783 250
0 101053 250
1 101323 250
0 101594 250
1 101864 250
2 102134 250
3 102404 250
2 102675 250
1 102945 250
0 103215 250
1 103486 250
0 103756 250
1 104026 250
2 104296 250
3 104567 250
2 104837 250
1 105107 250
0 105377 250
1 105648 250
0 105918 250
1 106188 250
2 106458 250
3 106729 250
4 106999 250
3 107269 250
2 107540 250
1 107810 250
0 108080 250
1 108350 250
2 108621 250
3 108891 250
2 109161 250
1 109431 250
0 109702 250
1 109972 250
0 110242 250
1 110513 250
2 110783 250
3 111053 250
2 111323 250
1 111594 250
0 111864 250
1 112134 250
0 112404 250
2 112404 1738
1 112675 250
2 112945 250
3 113215 250
2 113486 250
1 113756 250
0 114026 250
1 114296 250
0 114567 250
1 114837 250
2 115107 250
3 115377 250
4 115648 250
3 115918 250
2 116188 250
1 116458 250
0 116729 250
6 116729 250
1 116999 250
6 116999 250
2 117269 250
6 117269 250
3 117540 250
6 117540 250
4 117675 250
6 117675 250
2 117810 250
6 117810 250
3 118080 250
6 118080 250
1 118350 250
6 118350 250
2 118621 250
6 118621 250
0 118891 250
6 118891 250
1 119161 250
6 119161 250
2 119431 250
6 119431 250
3 119702 250
6 119702 250
4 119837 250
6 119837 250
2 119972 250
6 119972 250
3 120242 250
6 120242 250
1 120513 250
6 120513 250
2 120783 250
6 120783 250
0 121053 250
6 121053 250
1 121323 250
6 121323 250
2 121594 250
6 121594 250
3 121864 250
6 121864 250
4 121999 250
6 121999 250
2 122134 250
6 122134 250
3 122404 250
6 122404 250
1 122675 250
6 122675 250
2 122945 250
6 122945 250
0 123215 250
6 123215 250
1 123486 250
6 123486 250
2 123756 250
6 123756 250
1 124026 250
6 124026 250
3 124161 250
6 124161 250
4 124296 250
6 124296 250
3 124567 250
6 124567 250
2 124837 250
6 124837 250
1 125107 250
6 125107 250
0 125377 250
6 125377 250
1 125648 250
6 125648 250
2 125918 250
6 125918 250
3 126188 250
6 126188 250
4 126323 250
6 126323 250
2 126458 250
6 126458 250
3 126729 250
6 126729 250
1 126999 250
6 126999 250
2 127269 250
6 127269 250
0 127540 250
6 127540 250
1 127810 250
6 127810 250
2 128080 250
6 128080 250
3 128350 250
6 128350 250
4 128486 250
6 128486 250
2 128621 250
6 128621 250
3 128891 250
6 128891 250
1 129161 250
6 129161 250
2 129431 250
6 129431 250
0 129702 250
6 129702 250
1 129972 250
6 129972 250
2 130242 250
6 130242 250
3 130513 250
6 130513 250
4 130648 250
6 130648 250
2 130783 250
6 130783 250
3 131053 250
6 131053 250
1 131323 250
6 131323 250
2 131594 250
6 131594 250
0 131864 250
6 131864 250
1 132134 250
6 132134 250
2 132404 250
6 132404 250
1 132675 250
6 132675 250
3 132810 250
6 132810 250
4 132945 250
6 132945 250
3 133215 250
6 133215 250
2 133486 250
6 133486 250
1 133756 250
6 133756 250
