0 2000 250
1 2125 250
2 2250 250
0 2500 605
1 2500 605
0 3500 365
1 3500 365
0 3875 250
1 3875 250
2 3875 250
0 4000 250
1 4000 250
2 4000 250
0 4250 250
1 4250 250
2 4250 250
2 4750 250
3 4750 250
4 4750 250
2 5000 413
3 5000 413
4 5000 413
2 5500 250
3 5500 250
4 5500 250
0 6000 250
1 6125 250
2 6250 250
1 6500 605
2 6500 605
4 6500 605
1 7500 413
2 7500 413
4 7500 413
1 8000 250
2 8000 250
4 8000 250
1 8250 250
2 8250 250
4 8250 250
0 8750 250
2 8750 250
3 8750 250
0 9000 413
2 9000 413
3 9000 413
0 9500 250
2 9500 250
3 9500 250
0 10000 250
1 10125 250
2 10250 250
0 10500 605
1 10500 605
2 10500 1714
0 11500 413
1 11500 413
2 11500 413
0 12000 250
1 12000 250
2 12000 250
0 12250 250
1 12250 250
2 12250 250
2 12750 250
3 12750 250
4 12750 250
2 13000 413
3 13000 413
4 13000 413
2 13500 250
3 13500 250
4 13500 250
0 14000 250
1 14125 250
2 14250 250
1 14500 605
2 14500 605
4 14500 605
1 15500 413
2 15500 413
4 15500 413
1 16000 250
2 16000 250
4 16000 250
1 16250 250
2 16250 250
4 16250 250
0 16750 250
2 16750 250
3 16750 250
0 17000 413
2 17000 413
3 17000 413
0 17500 250
2 17500 250
3 17500 250
0 18000 250
1 18125 250
2 18250 250
0 18500 605
1 18500 605
0 19500 413
1 19500 413
2 19500 413
0 20000 250
1 20000 250
2 20000 250
0 20250 250
1 20250 250
2 20250 250
2 20750 250
3 20750 250
4 20750 250
2 21000 413
3 21000 413
4 21000 413
2 21500 413
3 21500 413
4 21500 413
2 22000 250
3 22000 250
4 22000 250
2 22250 250
3 22250 250
4 22250 250
1 22500 605
2 22500 605
4 22500 605
1 23500 250
2 23500 250
4 23500 250
4 23750 250
1 24000 250
2 24000 250
4 24000 250
1 24250 250
2 24250 250
4 24250 250
0 24750 250
2 24750 250
3 24750 250
0 25000 413
2 25000 413
3 25000 413
0 25500 413
2 25500 413
3 25500 413
0 26000 250
1 26125 250
2 26250 250
0 26500 605
1 26500 605
0 27500 413
1 27500 413
2 27500 413
0 28000 250
1 28000 250
2 28000 250
0 28250 250
1 28250 250
2 28250 250
2 28750 250
3 28750 250
4 28750 250
2 29000 413
3 29000 413
4 29000 413
2 29500 413
3 29500 413
4 29500 413
2 30000 250
3 30000 250
4 30000 250
2 30250 250
3 30250 250
4 30250 250
1 30500 605
2 30500 605
4 30500 605
2 30500 1738
1 31500 413
2 31500 413
4 31500 413
1 32000 250
2 32000 250
4 32000 250
1 32250 250
2 32250 250
4 32250 250
0 32750 250
2 32750 250
3 32750 250
0 33000 413
2 33000 413
3 33000 413
0 33500 413
2 33500 413
3 33500 413
0 34000 250
1 34125 250
2 34250 250
0 34500 605
1 34500 605
0 35500 413
1 35500 413
2 35500 413
0 36000 250
1 36000 250
2 36000 250
0 36250 250
1 36250 250
2 36250 250
2 36750 250
3 36750 250
4 36750 250
2 37000 413
3 37000 413
4 37000 413
2 37500 413
3 37500 413
4 37500 413
2 38000 250
3 38000 250
4 38000 250
2 38250 250
3 38250 250
4 38250 250
1 38500 605
2 38500 605
4 38500 605
1 39500 250
2 39500 250
4 39500 250
4 39750 250
1 40000 250
2 40000 250
4 40000 250
1 40250 250
2 40250 250
4 40250 250
0 40750 250
2 40750 250
3 40750 250
0 41000 413
2 41000 413
3 41000 413
0 41500 413
2 41500 413
3 41500 413
0 42000 250
1 42125 250
2 42250 250
0 42500 605
1 42500 605
0 43500 413
1 43500 413
2 43500 413
0 44000 250
1 44000 250
2 44000 250
0 44250 250
1 44250 250
2 44250 250
2 44750 250
3 44750 250
4 44750 250
2 45000 413
3 45000 413
4 45000 413
2 45500 413
3 45500 413
4 45500 413
2 46000 250
3 46000 250
4 46000 250
2 46250 250
3 46250 250
4 46250 250
1 46500 605
2 46500 605
4 46500 605
1 47500 250
2 47500 250
4 47500 250
4 47750 250
1 48000 250
2 48000 250
4 48000 250
1 48250 250
2 48250 250
4 48250 250
0 48750 250
2 48750 250
3 48750 250
0 49000 413
2 49000 413
3 49000 413
0 49500 413
2 49500 413
3 49500 413
0 50000 250
1 50125 250
2 50250 250
0 50500 605
1 50500 605
2 50500 1738
0 51500 413
1 51500 413
2 51500 413
0 52000 250
1 52000 250
2 52000 250
0 52250 250
1 52250 250
2 52250 250
2 52750 250
3 52750 250
4 52750 250
2 53000 413
3 53000 413
4 53000 413
2 53500 413
3 53500 413
4 53500 413
2 54000 250
3 54000 250
4 54000 250
2 54250 250
3 54250 250
4 54250 250
1 54500 605
2 54500 605
4 54500 605
1 55500 250
2 55500 250
4 55500 250
4 55750 250
1 56000 250
2 56000 250
4 56000 250
1 56250 250
2 56250 250
4 56250 250
0 56750 250
2 56750 250
3 56750 250
0 57000 413
2 57000 413
3 57000 413
0 57500 413
2 57500 413
3 57500 413
0 58000 250
1 58125 250
2 58250 250
0 58500 605
1 58500 605
0 59500 413
1 59500 413
2 59500 413
0 60000 250
1 60000 250
2 60000 250
0 60250 250
1 60250 250
2 60250 250
2 60750 250
3 60750 250
4 60750 250
2 61000 413
3 61000 413
4 61000 413
2 61500 413
3 61500 413
4 61500 413
2 62000 250
3 62000 250
4 62000 250
2 62250 250
3 62250 250
4 62250 250
1 62500 605
2 62500 605
4 62500 605
1 63500 250
2 63500 250
4 63500 250
4 63750 250
1 64000 250
2 64000 250
4 64000 250
1 64250 250
2 64250 250
4 64250 250
0 64750 250
2 64750 250
3 64750 250
0 65000 413
2 65000 413
3 65000 413
0 65500 413
2 65500 413
3 65500 413
0 66000 250
1 66125 250
2 66250 250
0 66500 605
1 66500 605
0 67500 413
1 67500 413
2 67500 413
0 68000 250
1 68000 250
2 68000 250
0 68250 250
1 68250 250
2 68250 250
2 68750 250
3 68750 250
4 68750 250
2 69000 413
3 69000 413
4 69000 413
2 69500 413
3 69500 413
4 69500 413
2 70000 250
3 70000 250
4 70000 250
2 70250 250
3 70250 250
4 70250 250
1 70500 605
2 70500 605
4 70500 605
2 70500 1714
1 71500 250
2 71500 250
4 71500 250
4 71750 250
1 72000 250
2 72000 250
4 72000 250
1 72250 250
2 72250 250
4 72250 250
0 72750 250
2 72750 250
3 72750 250
0 73000 413
2 73000 413
3 73000 413
0 73500 413
2 73500 413
3 73500 413
0 74000 250
1 74125 250
2 74250 250
0 74500 605
1 74500 605
0 75500 413
1 75500 413
2 75500 413
0 76000 250
1 76000 250
2 76000 250
0 76250 250
1 76250 250
2 76250 250
2 76750 250
3 76750 250
4 76750 250
2 77000 413
3 77000 413
4 77000 413
2 77500 413
3 77500 413
4 77500 413
2 78000 250
3 78000 250
4 78000 250
2 78250 250
3 78250 250
4 78250 250
1 78500 605
2 78500 605
4 78500 605
1 79500 250
2 79500 250
4 79500 250
4 79750 250
1 80000 250
2 80000 250
4 80000 250
1 80250 250
2 80250 250
4 80250 250
0 80750 250
2 80750 250
3 80750 250
0 81000 413
2 81000 413
3 81000 413
0 81500 413
2 81500 413
3 81500 413
0 82000 250
1 82125 250
2 82250 250
0 82500 605
1 82500 605
0 83500 413
1 83500 413
2 83500 413
0 84000 250
1 84000 250
2 84000 250
0 84250 250
1 84250 250
2 84250 250
2 84750 250
3 84750 250
4 84750 250
2 85000 413
3 85000 413
4 85000 413
2 85500 413
3 85500 413
4 85500 413
2 86000 250
3 86000 250
4 86000 250
2 86250 250
3 86250 250
4 86250 250
1 86500 605
2 86500 605
4 86500 605
2 86500 1762
1 87500 250
2 87500 250
4 87500 250
4 87750 250
1 88000 250
2 88000 250
4 88000 250
1 88250 250
2 88250 250
4 88250 250
0 88750 250
2 88750 250
3 88750 250
0 89000 413
2 89000 413
3 89000 413
0 89500 413
2 89500 413
3 89500 413
0 90000 250
1 90125 250
2 90250 250
0 90500 605
1 90500 605
0 91500 413
1 91500 413
2 91500 413
0 92000 250
1 92000 250
2 92000 250
0 92250 250
1 92250 250
2 92250 250
2 92750 250
3 92750 250
4 92750 250
2 93000 413
3 93000 413
4 93000 413
2 93500 413
3 93500 413
4 93500 413
2 94000 250
3 94000 250
4 94000 250
2 94250 250
3 94250 250
4 94250 250
1 94500 605
2 94500 605
4 94500 605
1 95500 250
2 95500 250
4 95500 250
4 95750 250
1 96000 250
2 96000 250
4 96000 250
1 96250 250
2 96250 250
4 96250 250
0 96750 250
2 96750 250
3 96750 250
0 97000 413
2 97000 413
3 97000 413
0 97500 413
2 97500 413
3 97500 413
0 98000 250
1 98125 250
2 98250 250
0 98500 605
1 98500 605
0 99500 413
1 99500 413
2 99500 413
0 100000 250
1 100000 250
2 100000 250
0 100250 250
1 100250 250
2 100250 250
2 100750 250
3 100750 250
4 100750 250
2 101000 413
3 101000 413
4 101000 413
2 101500 413
3 101500 413
4 101500 413
2 102000 250
3 102000 250
4 102000 250
2 102250 250
3 102250 250
4 102250 250
1 102500 605
2 102500 605
4 102500 605
1 103500 250
2 103500 250
4 103500 250
4 103750 250
1 104000 250
2 104000 250
4 104000 250
1 104250 250
2 104250 250
4 104250 250
0 104750 250
2 104750 250
3 104750 250
0 105000 413
2 105000 413
3 105000 413
0 105500 413
2 105500 413
3 105500 413
0 106000 250
1 106125 250
2 106250 250
0 106500 605
1 106500 605
2 106500 1738
0 107500 413
1 107500 413
2 107500 413
0 108000 250
1 108000 250
2 108000 250
0 108250 250
1 108250 250
2 108250 250
2 108750 250
3 108750 250
4 108750 250
2 109000 413
3 109000 413
4 109000 413
2 109500 413
3 109500 413
4 109500 413
2 110000 250
3 110000 250
4 110000 250
2 110250 250
3 110250 250
4 110250 250
1 110500 605
2 110500 605
4 110500 605
1 111500 413
2 111500 413
4 111500 413
1 112000 250
2 112000 250
4 112000 250
1 112250 250
2 112250 250
4 112250 250
0 112750 250
2 112750 250
3 112750 250
0 113000 413
2 113000 413
3 113000 413
0 113500 413
2 113500 413
3 113500 413
0 114000 250
1 114125 250
2 114250 250
0 114500 605
1 114500 605
0 115500 413
1 115500 413
2 115500 413
0 116000 250
1 116000 250
2 116000 250
0 116250 250
1 116250 250
2 116250 250
2 116750 250
3 116750 250
4 116750 250
2 117000 413
3 117000 413
4 117000 413
2 117500 413
3 117500 413
4 117500 413
2 118000 250
3 118000 250
4 118000 250
2 118250 250
3 118250 250
4 118250 250
1 118500 605
2 118500 605
4 118500 605
1 119500 413
2 119500 413
4 119500 413
1 120000 250
2 120000 250
4 120000 250
1 120250 250
2 120250 250
4 120250 250
0 120750 250
2 120750 250
3 120750 250
0 121000 413
2 121000 413
3 121000 413
0 121500 413
2 121500 413
3 121500 413
0 122000 250
1 122125 250
2 122250 250
1 122500 413
2 122500 413
3 122500 413
1 123000 413
2 123000 413
3 123000 413
1 123500 413
2 123500 413
3 123500 413
1 124000 250
2 124000 250
3 124000 250
2 124250 250
3 124250 250
1 124500 250
2 124500 250
3 124500 250
1 124750 250
2 124750 250
3 124750 250
1 125000 413
2 125000 413
3 125000 413
1 125500 250
2 125500 250
3 125500 250
2 125750 250
3 125750 250
1 126000 250
2 126000 250
3 126000 250
0 126250 250
0 126500 413
2 126500 413
3 126500 413
2 126500 1714
0 127000 413
2 127000 413
3 127000 413
0 127500 413
2 127500 413
3 127500 413
0 128000 250
2 128000 250
3 128000 250
0 128250 250
2 128250 250
3 128250 250
0 128500 250
2 128500 250
3 128500 250
0 128750 250
2 128750 250
3 128750 250
0 129000 413
2 129000 413
3 129000 413
0 129500 413
2 129500 413
3 129500 413
0 130000 250
2 130000 250
3 130000 250
0 130250 250
1 130500 413
2 130500 413
3 130500 413
1 131000 413
2 131000 413
3 131000 413
1 131500 413
2 131500 413
3 131500 413
1 132000 250
2 132000 250
3 132000 250
2 132250 250
3 132250 250
1 132500 250
2 132500 250
3 132500 250
2 132750 250
3 132750 250
1 133000 413
2 133000 413
3 133000 413
1 133500 250
2 133500 250
3 133500 250
2 133750 250
3 133750 250
1 134000 250
2 134000 250
3 134000 250
0 134250 250
0 134500 413
2 134500 413
3 134500 413
0 135000 413
2 135000 413
3 135000 413
0 135500 413
2 135500 413
3 135500 413
0 136000 250
2 136000 250
3 136000 250
0 136250 250
2 136250 250
3 136250 250
0 136500 250
2 136500 250
3 136500 250
0 136750 250
2 136750 250
3 136750 250
0 137000 413
2 137000 413
3 137000 413
0 137500 250
2 137500 250
3 137500 250
0 137750 250
2 137750 250
3 137750 250
0 138000 250
2 138000 250
3 138000 250
0 138250 250
2 138250 250
3 138250 250
7 138500 250
1 138750 250
7 139000 250
2 139250 250
7 139500 250
1 139750 250
7 140000 250
2 140250 250
0 140500 250
1 140750 250
0 141000 250
2 141250 250
0 141500 250
1 141750 250
0 142000 250
2 142250 250
1 142500 250
2 142750 250
1 143000 250
3 143250 250
1 143500 250
2 143750 250
1 144000 250
3 144250 250
0 144500 250
2 144750 250
0 145000 250
4 145250 250
0 145500 250
2 145750 250
0 146000 250
1 146125 250
2 146250 250
7 146500 250
2 146500 1786
1 146750 250
7 147000 250
2 147250 250
7 147500 250
1 147750 250
7 148000 250
2 148250 250
0 148500 250
1 148750 250
0 149000 250
2 149250 250
0 149500 250
1 149750 250
0 150000 250
2 150250 250
1 150500 250
2 150750 250
1 151000 250
3 151250 250
1 151500 250
2 151750 250
1 152000 250
3 152250 250
0 152500 250
2 152750 250
0 153000 250
4 153250 250
0 153500 250
2 153750 250
0 154000 250
1 154125 250
2 154250 250
7 154500 250
1 154750 250
7 155000 250
2 155250 250
7 155500 250
1 155750 250
7 156000 250
2 156250 250
0 156500 250
1 156750 250
0 157000 250
2 157250 250
0 157500 250
1 157750 250
0 158000 250
2 158250 250
1 158500 250
2 158750 250
1 159000 250
3 159250 250
1 159500 250
2 159750 250
1 160000 250
3 160250 250
0 162000 250
1 162125 250
2 162250 250
0 162500 605
1 162500 605
0 163500 413
1 163500 413
2 163500 413
0 164000 250
1 164000 250
2 164000 250
0 164250 250
1 164250 250
2 164250 250
2 164750 250
3 164750 250
4 164750 250
2 165000 413
3 165000 413
4 165000 413
2 165500 413
3 165500 413
4 165500 413
2 166000 250
3 166000 250
4 166000 250
2 166250 250
3 166250 250
4 166250 250
1 166500 605
2 166500 605
4 166500 605
2 166500 1786
1 167500 413
2 167500 413
4 167500 413
1 168000 250
2 168000 250
4 168000 250
1 168250 250
2 168250 250
4 168250 250
0 168750 250
2 168750 250
3 168750 250
0 169000 413
2 169000 413
3 169000 413
0 169500 413
2 169500 413
3 169500 413
0 170000 250
1 170125 250
2 170250 250
0 170500 605
1 170500 605
0 171500 413
1 171500 413
2 171500 413
0 172000 250
1 172000 250
2 172000 250
0 172250 250
1 172250 250
2 172250 250
2 172750 250
3 172750 250
4 172750 250
2 173000 413
3 173000 413
4 173000 413
2 173500 413
3 173500 413
4 173500 413
2 174000 250
3 174000 250
4 174000 250
2 174250 250
3 174250 250
4 174250 250
1 174500 605
2 174500 605
4 174500 605
1 175500 413
2 175500 413
4 175500 413
1 176000 250
2 176000 250
4 176000 250
1 176250 250
2 176250 250
4 176250 250
0 176500 1565
2 176562 1541
3 176625 1517
0 180000 250
1 180125 250
2 180250 250
0 180500 605
1 180500 605
0 181500 413
1 181500 413
2 181500 413
0 182000 250
1 182000 250
2 182000 250
0 182250 250
1 182250 250
2 182250 250
2 182750 250
3 182750 250
4 182750 250
2 183000 413
3 183000 413
4 183000 413
2 183500 413
3 183500 413
4 183500 413
2 184000 250
3 184000 250
4 184000 250
2 184250 250
3 184250 250
4 184250 250
1 184500 605
2 184500 605
4 184500 605
1 185500 250
2 185500 250
4 185500 250
4 185750 250
1 186000 250
2 186000 250
4 186000 250
1 186250 250
2 186250 250
4 186250 250
0 186750 250
2 186750 250
3 186750 250
0 187000 413
2 187000 413
3 187000 413
0 187500 413
2 187500 413
3 187500 413
0 188000 250
1 188125 250
2 188250 250
0 188500 605
1 188500 605
2 188500 1762
0 189500 413
1 189500 413
2 189500 413
0 190000 250
1 190000 250
2 190000 250
0 190250 250
1 190250 250
2 190250 250
2 190750 250
3 190750 250
4 190750 250
2 191000 413
3 191000 413
4 191000 413
2 191500 413
3 191500 413
4 191500 413
2 192000 250
3 192000 250
4 192000 250
2 192250 250
3 192250 250
4 192250 250
1 192500 605
2 192500 605
4 192500 605
1 193500 250
2 193500 250
4 193500 250
4 193750 250
1 194000 250
2 194000 250
4 194000 250
1 194250 250
2 194250 250
4 194250 250
0 194750 250
2 194750 250
3 194750 250
0 195000 413
2 195000 413
3 195000 413
0 195500 413
2 195500 413
3 195500 413
0 196000 250
1 196125 250
2 196250 250
0 196500 605
1 196500 605
0 197500 413
1 197500 413
2 197500 413
0 198000 250
1 198000 250
2 198000 250
0 198250 250
1 198250 250
2 198250 250
2 198750 250
3 198750 250
4 198750 250
2 199000 413
3 199000 413
4 199000 413
2 199500 413
3 199500 413
4 199500 413
2 200000 250
3 200000 250
4 200000 250
2 200250 250
3 200250 250
4 200250 250
1 200500 605
2 200500 605
4 200500 605
1 201500 250
2 201500 250
4 201500 250
4 201750 250
1 202000 250
2 202000 250
4 202000 250
1 202250 250
2 202250 250
4 202250 250
0 202750 250
2 202750 250
3 202750 250
0 203000 413
2 203000 413
3 203000 413
0 203500 413
2 203500 413
3 203500 413
0 204000 250
1 204125 250
2 204250 250
0 204500 605
1 204500 605
0 205500 413
1 205500 413
2 205500 413
0 206000 250
1 206000 250
2 206000 250
0 206250 250
1 206250 250
2 206250 250
2 206750 250
3 206750 250
4 206750 250
2 207000 413
3 207000 413
4 207000 413
2 207500 413
3 207500 413
4 207500 413
2 208000 250
3 208000 250
4 208000 250
2 208250 250
3 208250 250
4 208250 250
1 208500 605
2 208500 605
4 208500 605
1 209500 250
2 209500 250
4 209500 250
4 209750 250
1 210000 250
2 210000 250
4 210000 250
1 210250 250
2 210250 250
4 210250 250
0 210750 250
2 210750 250
3 210750 250
0 211000 413
2 211000 413
3 211000 413
0 211500 413
2 211500 413
3 211500 413
0 212000 250
1 212125 250
2 212250 250
0 212500 605
1 212500 605
0 213500 413
1 213500 413
2 213500 413
0 214000 250
1 214000 250
2 214000 250
0 214250 250
1 214250 250
2 214250 250
2 214750 250
3 214750 250
4 214750 250
2 215000 413
3 215000 413
4 215000 413
2 215500 250
3 215500 250
4 215500 250
0 216000 250
1 216125 250
2 216250 250
1 216500 605
2 216500 605
4 216500 605
1 217500 509
2 217500 509
4 217500 509
1 218250 250
2 218250 250
4 218250 250
0 218750 250
2 218750 250
3 218750 250
0 219000 413
2 219000 413
3 219000 413
0 219500 413
2 219500 413
3 219500 413
0 220000 250
1 220125 250
2 220250 250
0 220500 605
1 220500 605
0 221500 413
1 221500 413
2 221500 413
0 222000 250
1 222000 250
2 222000 250
0 222250 250
1 222250 250
2 222250 250
2 222750 250
3 222750 250
4 222750 250
2 223000 413
3 223000 413
4 223000 413
2 223500 250
3 223500 250
4 223500 250
0 224000 250
1 224125 250
2 224250 250
1 224500 605
2 224500 605
4 224500 605
1 225500 509
2 225500 509
4 225500 509
1 226250 250
2 226250 250
4 226250 250
